
>BP001
>BX00060
>EA09000
>ES35
>TE00:00:00.00
>TP00:00.00
>PD6
>CK
[Parameters saved as USER defaults]

>CS
:SA,   +0.00,   +0.00,  0.00
:TS,04010100000015,35.0, +21.0,   0.0,1524.2,751
:BI,-32768,-32768,-32768,-32768,V
:BS,-32768,-32768,-32768,V
:BE,-32768,-32768,-32768,V
:BD,        +0.00,        +0.00,        +0.00,   0.00,  0.00
:SA,   +0.00,   +0.00,  0.00
:TS,04010100000024,35.0, +21.0,   0.0,1524.2,621
:BI,-32768,-32768,-32768,-32768,V
:BS,-32768,-32768,-32768,V
:BE,-32768,-32768,-32768,V
:BD,        +0.00,        +0.00,        +0.00,   0.00,  0.09
:SA,   +0.00,   +0.00,  0.00
:TS,04010100000033,35.0, +21.0,   0.0,1524.2,627
:BI,-32768,-32768,-32768,-32768,V
:BS,-32768,-32768,-32768,V
:BE,-32768,-32768,-32768,V
:BD,        +0.00,        +0.00,        +0.00,   0.00,  0.18
:SA,   +0.00,   +0.00,  0.00
:TS,04010100000042,35.0, +21.0,   0.0,1524.2,628
:BI,-32768,-32768,-32768,-32768,V
:BS,-32768,-32768,-32768,V
:BE,-32768,-32768,-32768,V
:BD,        +0.00,        +0.00,        +0.00,   0.00,  0.27
:SA,   +0.00,   +0.00,  0.00
:TS,04010100000053,35.0, +21.0,   0.0,1524.2,622
:BI,-32768,-32768,-32768,-32768,V
:BS,-32768,-32768,-32768,V
:BE,-32768,-32768,-32768,V
:BD,        +0.00,        +0.00,        +0.00,   0.00,  0.38
:SA,   +0.00,   +0.00,  0.00
:TS,04010100000062,35.0, +21.0,   0.0,1524.2,623
:BI,-32768,-32768,-32768,-32768,V
:BS,-32768,-32768,-32768,V
:BE,-32768,-32768,-32768,V
:BD,        +0.00,        +0.00,        +0.00,   0.00,  0.47
:SA,   +0.00,   +0.00,  0.00
:TS,04010100000071,35.0, +21.0,   0.0,1524.2,624
:BI,-32768,-32768,-32768,-32768,V
:BS,-32768,-32768,-32768,V
:BE,-32768,-32768,-32768,V
:BD,        +0.00,        +0.00,        +0.00,   0.00,  0.56
:SA,   +0.00,   +0.00,  0.00
:TS,04010100000080,35.0, +21.0,   0.0,1524.2,621
:BI,-32768,-32768,-32768,-32768,V
:BS,-32768,-32768,-32768,V
:BE,-32768,-32768,-32768,V
:BD,        +0.00,        +0.00,        +0.00,   0.00,  0.65
:SA,   +0.00,   +0.00,  0.00
:TS,04010100000088,35.0, +21.0,   0.0,1524.2,627
:BI,-32768,-32768,-32768,-32768,V
:BS,-32768,-32768,-32768,V
:BE,-32768,-32768,-32768,V
:BD,        +0.00,        +0.00,        +0.00,   0.00,  0.73
:SA,   +0.00,   +0.00,  0.00
:TS,04010100000099,35.0, +21.0,   0.0,1524.2,628
:BI,-32768,-32768,-32768,-32768,V
:BS,-32768,-32768,-32768,V
:BE,-32768,-32768,-32768,V
:BD,        +0.00,        +0.00,        +0.00,   0.00,  0.84
:SA,   +0.00,   +0.00,  0.00
:TS,04010100000108,35.0, +21.0,   0.0,1524.2,622
:BI,-32768,-32768,-32768,-32768,V
:BS,-32768,-32768,-32768,V
:BE,-32768,-32768,-32768,V
:BD,        +0.00,        +0.00,        +0.00,   0.00,  0.93
:SA,   +0.00,   +0.00,  0.00
:TS,04010100000119,35.0, +26.2,   0.0,1537.2,623
:BI,-32768,-32768,-32768,-32768,V
:BS,-32768,-32768,-32768,V
:BE,-32768,-32768,-32768,V
:BD,        +0.00,        +0.00,        +0.00,   0.00,  1.04
:SA,   +0.00,   +0.00,  0.00
:TS,04010100000129,35.0, +26.2,   0.0,1537.2,624
:BI,-32768,-32768,-32768,-32768,V
:BS,-32768,-32768,-32768,V
:BE,-32768,-32768,-32768,V
:BD,        +0.00,        +0.00,        +0.00,   0.00,  1.14
:SA,   +0.00,   +0.00,  0.00
:TS,04010100000138,35.0, +26.2,   0.0,1537.2,621
:BI,-32768,-32768,-32768,-32768,V
:BS,-32768,-32768,-32768,V
:BE,-32768,-32768,-32768,V
:BD,        +0.00,        +0.00,        +0.00,   0.00,  1.23
:SA,   +0.00,   +0.00,  0.00
:TS,04010100000149,35.0, +26.2,   0.0,1537.2,627
:BI,-32768,-32768,-32768,-32768,V
:BS,-32768,-32768,-32768,V
:BE,-32768,-32768,-32768,V
:BD,        +0.00,        +0.00,        +0.00,   0.00,  1.34
:SA,   +0.00,   +0.00,  0.00
:TS,04010100000158,35.0, +26.2,   0.0,1537.2,628
:BI,-32768,-32768,-32768,-32768,V
:BS,-32768,-32768,-32768,V
:BE,-32768,-32768,-32768,V
:BD,        +0.00,        +0.00,        +0.00,   0.00,  1.43
:SA,   +0.00,   +0.00,  0.00
:TS,04010100000167,35.0, +26.2,   0.0,1537.2,622
:BI,-32768,-32768,-32768,-32768,V
:BS,-32768,-32768,-32768,V
:BE,-32768,-32768,-32768,V
:BD,        +0.00,        +0.00,        +0.00,   0.00,  1.52
:SA,   +0.00,   +0.00,  0.00
:TS,04010100000176,35.0, +26.2,   0.0,1537.2,623
:BI,-32768,-32768,-32768,-32768,V
:BS,-32768,-32768,-32768,V
:BE,-32768,-32768,-32768,V
:BD,        +0.00,        +0.00,        +0.00,   0.00,  1.61
:SA,   +0.00,   +0.00,  0.00
:TS,04010100000185,35.0, +26.2,   0.0,1537.2,624
:BI,-32768,-32768,-32768,-32768,V
:BS,-32768,-32768,-32768,V
:BE,-32768,-32768,-32768,V
:BD,        +0.00,        +0.00,        +0.00,   0.00,  1.70
:SA,   +0.00,   +0.00,  0.00
:TS,04010100000196,35.0, +26.2,   0.0,1537.2,621
:BI,-32768,-32768,-32768,-32768,V
:BS,-32768,-32768,-32768,V
:BE,-32768,-32768,-32768,V
:BD,        +0.00,        +0.00,        +0.00,   0.00,  1.81
:SA,   +0.00,   +0.00,  0.00
:TS,04010100000205,35.0, +26.2,   0.0,1537.2,627
:BI,-32768,-32768,-32768,-32768,V
:BS,-32768,-32768,-32768,V
:BE,-32768,-32768,-32768,V
:BD,        +0.00,        +0.00,        +0.00,   0.00,  1.90
:SA,   +0.00,   +0.00,  0.00
:TS,04010100000214,35.0, +26.2,   0.0,1537.2,628
:BI,-32768,-32768,-32768,-32768,V
:BS,-32768,-32768,-32768,V
:BE,-32768,-32768,-32768,V
:BD,        +0.00,        +0.00,        +0.00,   0.00,  1.99
:SA,   +0.00,   +0.00,  0.00
:TS,04010100000223,35.0, +26.2,   0.0,1537.2,622
:BI,-32768,-32768,-32768,-32768,V
:BS,-32768,-32768,-32768,V
:BE,-32768,-32768,-32768,V
:BD,        +0.00,        +0.00,        +0.00,   0.00,  2.08
:SA,   +0.00,   +0.00,  0.00
:TS,04010100000234,35.0, +26.2,   0.0,1537.2,623
:BI,-32768,-32768,-32768,-32768,V
:BS,-32768,-32768,-32768,V
:BE,-32768,-32768,-32768,V
:BD,        +0.00,        +0.00,        +0.00,   0.00,  2.19
:SA,   +0.00,   +0.00,  0.00
:TS,04010100000246,35.0, +26.2,   0.0,1537.2,624
:BI,-32768,-32768,-32768,-32768,V
:BS,-32768,-32768,-32768,V
:BE,-32768,-32768,-32768,V
:BD,        +0.00,        +0.00,        +0.00,   0.00,  2.31
:SA,   +0.00,   +0.00,  0.00
:TS,04010100000256,35.0, +26.2,   0.0,1537.2,621
:BI,-32768,-32768,-32768,-32768,V
:BS,-32768,-32768,-32768,V
:BE,-32768,-32768,-32768,V
:BD,        +0.00,        +0.00,        +0.00,   0.00,  2.41
:SA,   +0.00,   +0.00,  0.00
:TS,04010100000265,35.0, +26.2,   0.0,1537.2,627
:BI,-32768,-32768,-32768,-32768,V
:BS,-32768,-32768,-32768,V
:BE,-32768,-32768,-32768,V
:BD,        +0.00,        +0.00,        +0.00,   0.00,  2.50
:SA,   +0.00,   +0.00,  0.00
:TS,04010100000274,35.0, +26.2,   0.0,1537.2,628
:BI,-32768,-32768,-32768,-32768,V
