>BP001
>BX00060
>EA09000
>ES35
>TE00:00:00.00
>TP00:00.00
>PD6
>CK
[Parameters saved as USER defaults]

>CS
:SA,   +0.00,   +0.00,  0.00
:TS,04010410084961,35.0, +21.0,   0.0,1524.2,621
:BI,-32768,-32768,-32768,-32768,V
:BS,-32768,-32768,-32768,V
:BE,-32768,-32768,-32768,V
:BD,        +0.00,        +0.00,        +0.00,   0.00,  0.00
:SA,   +0.00,   +0.00,  0.00
:TS,04010410084971,35.0, +21.0,   0.0,1524.2,627
:BI,-32768,-32768,-32768,-32768,V
:BS,-32768,-32768,-32768,V
:BE,-32768,-32768,-32768,V
:BD,        +0.00,        +0.00,        +0.00,   0.00,  0.10
:SA,   +0.00,   +0.00,  0.00
:TS,04010410084980,35.0, +21.0,   0.0,1524.2,628
:BI,-32768,-32768,-32768,-32768,V
:BS,-32768,-32768,-32768,V
:BE,-32768,-32768,-32768,V
:BD,        +0.00,        +0.00,        +0.00,   0.00,  0.19
:SA,   +0.00,   +0.00,  0.00
:TS,04010410084988,35.0, +21.0,   0.0,1524.2,622
:BI,-32768,-32768,-32768,-32768,V
:BS,-32768,-32768,-32768,V
:BE,-32768,-32768,-32768,V
:BD,        +0.00,        +0.00,        +0.00,   0.00,  0.27
:SA,   +0.00,   +0.00,  0.00
:TS,04010410084998,35.0, +21.0,   0.0,1524.2,623
:BI,-32768,-32768,-32768,-32768,V
:BS,-32768,-32768,-32768,V
:BE,-32768,-32768,-32768,V
:BD,        +0.00,        +0.00,        +0.00,   0.00,  0.37
:SA,   +0.00,   +0.00,  0.00
:TS,04010410085007,35.0, +21.0,   0.0,1524.2,624
:BI,-32768,-32768,-32768,-32768,V
:BS,-32768,-32768,-32768,V
:BE,-32768,-32768,-32768,V
:BD,        +0.00,        +0.00,        +0.00,   0.00,  0.46
:SA,   +0.00,   +0.00,  0.00
:TS,04010410085016,35.0, +21.0,   0.0,1524.2,621
:BI,-32768,-32768,-32768,-32768,V
:BS,-32768,-32768,-32768,V
:BE,-32768,-32768,-32768,V
:BD,        +0.00,        +0.00,        +0.00,   0.00,  0.55
:SA,   +0.00,   +0.00,  0.00
:TS,04010410085025,35.0, +21.0,   0.0,1524.2,627
:BI,-32768,-32768,-32768,-32768,V
:BS,-32768,-32768,-32768,V
:BE,-32768,-32768,-32768,V
:BD,        +0.00,        +0.00,        +0.00,   0.00,  0.64
:SA,   +0.00,   +0.00,  0.00
:TS,04010410085034,35.0, +21.0,   0.0,1524.2,628
:BI,-32768,-32768,-32768,-32768,V
:BS,-32768,-32768,-32768,V
:BE,-32768,-32768,-32768,V
:BD,        +0.00,        +0.00,        +0.00,   0.00,  0.73
:SA,   +0.00,   +0.00,  0.00
:TS,04010410085045,35.0, +21.0,   0.0,1524.2,622
:BI,-32768,-32768,-32768,-32768,V
:BS,-32768,-32768,-32768,V
:BE,-32768,-32768,-32768,V
:BD,        +0.00,        +0.00,        +0.00,   0.00,  0.84
:SA,   +0.00,   +0.00,  0.00
:TS,04010410085054,35.0, +21.0,   0.0,1524.2,623
:BI,-32768,-32768,-32768,-32768,V
:BS,-32768,-32768,-32768,V
:BE,-32768,-32768,-32768,V
:BD,        +0.00,        +0.00,        +0.00,   0.00,  0.93
:SA,   +0.00,   +0.00,  0.00
:TS,04010410085065,35.0, +24.3,   0.0,1532.7,624
:BI,-32768,-32768,-32768,-32768,V
:BS,-32768,-32768,-32768,V
:BE,-32768,-32768,-32768,V
:BD,        +0.00,        +0.00,        +0.00,   0.00,  1.04
:SA,   +0.00,   +0.00,  0.00
:TS,04010410085075,35.0, +24.3,   0.0,1532.7,621
:BI,-32768,-32768,-32768,-32768,V
:BS,-32768,-32768,-32768,V
:BE,-32768,-32768,-32768,V
:BD,        +0.00,        +0.00,        +0.00,   0.00,  1.14
:SA,   +0.00,   +0.00,  0.00
:TS,04010410085084,35.0, +24.3,   0.0,1532.7,627
:BI,-32768,-32768,-32768,-32768,V
:BS,-32768,-32768,-32768,V
:BE,-32768,-32768,-32768,V
:BD,        +0.00,        +0.00,        +0.00,   0.00,  1.23
:SA,   +0.00,   +0.00,  0.00
:TS,04010410085094,35.0, +24.3,   0.0,1532.7,628
:BI,-32768,-32768,-32768,-32768,V
:BS,-32768,-32768,-32768,V
:BE,-32768,-32768,-32768,V
:BD,        +0.00,        +0.00,        +0.00,   0.00,  1.33
:SA,   +0.00,   +0.00,  0.00
:TS,04010410085103,35.0, +24.3,   0.0,1532.7,622
:BI,-32768,-32768,-32768,-32768,V
:BS,-32768,-32768,-32768,V
:BE,-32768,-32768,-32768,V
:BD,        +0.00,        +0.00,        +0.00,   0.00,  1.42
:SA,   +0.00,   +0.00,  0.00
:TS,04010410085112,35.0, +24.3,   0.0,1532.7,623
:BI,-32768,-32768,-32768,-32768,V
:BS,-32768,-32768,-32768,V
:BE,-32768,-32768,-32768,V
:BD,        +0.00,        +0.00,        +0.00,   0.00,  1.51
:SA,   +0.00,   +0.00,  0.00
:TS,04010410085121,35.0, +24.3,   0.0,1532.7,624
:BI,-32768,-32768,-32768,-32768,V
:BS,-32768,-32768,-32768,V
:BE,-32768,-32768,-32768,V
:BD,        +0.00,        +0.00,        +0.00,   0.00,  1.60
:SA,   +0.00,   +0.00,  0.00
:TS,04010410085130,35.0, +24.3,   0.0,1532.7,621
:BI,-32768,-32768,-32768,-32768,V
:BS,-32768,-32768,-32768,V
:BE,-32768,-32768,-32768,V
:BD,        +0.00,        +0.00,        +0.00,   0.00,  1.69
:SA,   +0.00,   +0.00,  0.00
:TS,04010410085141,35.0, +24.3,   0.0,1532.7,627
:BI,-32768,-32768,-32768,-32768,V
:BS,-32768,-32768,-32768,V
:BE,-32768,-32768,-32768,V
:BD,        +0.00,        +0.00,        +0.00,   0.00,  1.80
:SA,   +0.00,   +0.00,  0.00
:TS,04010410085150,35.0, +24.3,   0.0,1532.7,628
:BI,-32768,-32768,-32768,-32768,V
:BS,-32768,-32768,-32768,V
:BE,-32768,-32768,-32768,V
:BD,        +0.00,        +0.00,        +0.00,   0.00,  1.89
:SA,   +0.00,   +0.00,  0.00
:TS,04010410085159,35.0, +24.3,   0.0,1532.7,622
:BI,-32768,-32768,-32768,-32768,V
:BS,-32768,-32768,-32768,V
:BE,-32768,-32768,-32768,V
:BD,        +0.00,        +0.00,        +0.00,   0.00,  1.98
:SA,   +0.00,   +0.00,  0.00
:TS,04010410085168,35.0, +24.3,   0.0,1532.7,623
:BI,-32768,-32768,-32768,-32768,V
:BS,-32768,-32768,-32768,V
:BE,-32768,-32768,-32768,V
:BD,        +0.00,        +0.00,        +0.00,   0.00,  2.07
:SA,   +0.00,   +0.00,  0.00
:TS,04010410085179,35.0, +24.3,   0.0,1532.7,624
:BI,-32768,-32768,-32768,-32768,V
:BS,-32768,-32768,-32768,V
:BE,-32768,-32768,-32768,V
:BD,        +0.00,        +0.00,        +0.00,   0.00,  2.18
:SA,   +0.00,   +0.00,  0.00
:TS,04010410085191,35.0, +24.3,   0.0,1532.7,621
:BI,-32768,-32768,-32768,-32768,V
:BS,-32768,-32768,-32768,V
:BE,-32768,-32768,-32768,V
:BD,        +0.00,        +0.00,        +0.00,   0.00,  2.30
:SA,   +0.00,   +0.00,  0.00
:TS,04010410085200,35.0, +24.3,   0.0,1532.7,627
:BI,-32768,-32768,-32768,-32768,V
:BS,-32768,-32768,-32768,V
:BE,-32768,-32768,-32768,V
:BD,        +0.00,        +0.00,        +0.00,   0.00,  2.39
:SA,   +0.00,   +0.00,  0.00
:TS,04010410085209,35.0, +24.3,   0.0,1532.7,628
:BI,-32768,-32768,-32768,-32768,V
:BS,-32768,-32768,-32768,V
:BE,-32768,-32768,-32768,V
:BD,        +0.00,        +0.00,        +0.00,   0.00,  2.48
:SA,   +0.00,   +0.00,  0.00
:TS,04010410085217,35.0, +24.3,   0.0,1532.7,622
:BI,-32768,-32768,-32768,-32768,V
:BS,-32768,-32768,-32768,V
:BE,-32768,-32768,-32768,V
:BD,        +0.00,        +0.00,        +0.00,   0.00,  2.56
:SA,   +0.00,   +0.00,  0.00
:TS,04010410085226,35.0, +24.3,   0.0,1532.7,623
:BI,-32768,-32768,-32768,-32768,V
:BS,-32768,-32768,-32768,V
:BE,-32768,-32768,-32768,V
:BD,        +0.00,        +0.00,        +0.00,   0.00,  2.65
:SA,   +0.00,   +0.00,  0.00
:TS,04010410085236,35.0, +24.3,   0.0,1532.7,624
:BI,-32768,-32768,-32768,-32768,V
:BS,-32768,-32768,-32768,V
:BE,-32768,-32768,-32768,V
:BD,        +0.00,        +0.00,        +0.00,   0.00,  2.75
:SA,   +0.00,   +0.00,  0.00
:TS,04010410085245,35.0, +24.3,   0.0,1532.7,621
:BI,-32768,-32768,-32768,-32768,V
:BS,-32768,-32768,-32768,V
:BE,-32768,-32768,-32768,V
:BD,        +0.00,        +0.00,        +0.00,   0.00,  2.84
:SA,   +0.00,   +0.00,  0.00
:TS,04010410085254,35.0, +24.3,   0.0,1532.7,627
:BI,-32768,-32768,-32768,-32768,V
:BS,-32768,-32768,-32768,V
:BE,-32768,-32768,-32768,V
:BD,        +0.00,        +0.00,        +0.00,   0.00,  2.93
:SA,   +0.00,   +0.00,  0.00
:TS,04010410085263,35.0, +24.3,   0.0,1532.7,628
:BI,-32768,-32768,-32768,-32768,V
:BS,-32768,-32768,-32768,V
:BE,-32768,-32768,-32768,V
:BD,        +0.00,        +0.00,        +0.00,   0.00,  3.02
:SA,   +0.00,   +0.00,  0.00
:TS,04010410085271,35.0, +24.3,   0.0,1532.7,622
:BI,-32768,-32768,-32768,-32768,V
:BS,-32768,-32768,-32768,V
:BE,-32768,-32768,-32768,V
:BD,        +0.00,        +0.00,        +0.00,   0.00,  3.10
:SA,   +0.00,   +0.00,  0.00
:TS,04010410085281,35.0, +24.3,   0.0,1532.7,623
:BI,-32768,-32768,-32768,-32768,V
:BS,-32768,-32768,-32768,V
:BE,-32768,-32768,-32768,V
:BD,        +0.00,        +0.00,        +0.00,   0.00,  3.20
:SA,   +0.00,   +0.00,  0.00
:TS,04010410085290,35.0, +24.3,   0.0,1532.7,624
:BI,-32768,-32768,-32768,-32768,V
:BS,-32768,-32768,-32768,V
:BE,-32768,-32768,-32768,V
:BD,        +0.00,        +0.00,        +0.00,   0.00,  3.29
:SA,   +0.00,   +0.00,  0.00
:TS,04010410085301,35.0, +24.3,   0.0,1532.7,621
:BI,-32768,-32768,-32768,-32768,V
:BS,-32768,-32768,-32768,V
:BE,-32768,-32768,-32768,V
:BD,        +0.00,        +0.00,        +0.00,   0.00,  3.40
:SA,   +0.00,   +0.00,  0.00
:TS,04010410085311,35.0, +24.3,   0.0,1532.7,627
:BI,-32768,-32768,-32768,-32768,V
:BS,-32768,-32768,-32768,V
:BE,-32768,-32768,-32768,V
:BD,        +0.00,        +0.00,        +0.00,   0.00,  3.50
:SA,   +0.00,   +0.00,  0.00
:TS,04010410085320,35.0, +24.3,   0.0,1532.7,628
:BI,-32768,-32768,-32768,-32768,V
:BS,-32768,-32768,-32768,V
:BE,-32768,-32768,-32768,V
:BD,        +0.00,        +0.00,        +0.00,   0.00,  3.59
:SA,   +0.00,   +0.00,  0.00
:TS,04010410085330,35.0, +24.3,   0.0,1532.7,622
:BI,-32768,-32768,-32768,-32768,V
:BS,-32768,-32768,-32768,V
:BE,-32768,-32768,-32768,V
:BD,        +0.00,        +0.00,        +0.00,   0.00,  3.69
:SA,   +0.00,   +0.00,  0.00
:TS,04010410085339,35.0, +24.3,   0.0,1532.7,623
:BI,-32768,-32768,-32768,-32768,V
:BS,-32768,-32768,-32768,V
:BE,-32768,-32768,-32768,V
:BD,        +0.00,        +0.00,        +0.00,   0.00,  3.78
:SA,   +0.00,   +0.00,  0.00
:TS,04010410085348,35.0, +24.3,   0.0,1532.7,624
:BI,-32768,-32768,-32768,-32768,V
:BS,-32768,-32768,-32768,V
:BE,-32768,-32768,-32768,V
:BD,        +0.00,        +0.00,        +0.00,   0.00,  3.87
:SA,   +0.00,   +0.00,  0.00
:TS,04010410085357,35.0, +24.3,   0.0,1532.7,621
:BI,-32768,-32768,-32768,-32768,V
:BS,-32768,-32768,-32768,V
:BE,-32768,-32768,-32768,V
:BD,        +0.00,        +0.00,        +0.00,   0.00,  3.96
:SA,   +0.00,   +0.00,  0.00
:TS,04010410085366,35.0, +24.3,   0.0,1532.7,627
:BI,-32768,-32768,-32768,-32768,V
:BS,-32768,-32768,-32768,V
:BE,-32768,-32768,-32768,V
:BD,        +0.00,        +0.00,        +0.00,   0.00,  4.05
:SA,   +0.00,   +0.00,  0.00
:TS,04010410085376,35.0, +24.3,   0.0,1532.7,628
:BI,-32768,-32768,-32768,-32768,V
:BS,-32768,-32768,-32768,V
:BE,-32768,-32768,-32768,V
:BD,        +0.00,        +0.00,        +0.00,   0.00,  4.15
:SA,   +0.00,   +0.00,  0.00
:TS,04010410085385,35.0, +24.3,   0.0,1532.7,622
:BI,-32768,-32768,-32768,-32768,V
:BS,-32768,-32768,-32768,V
:BE,-32768,-32768,-32768,V
:BD,        +0.00,        +0.00,        +0.00,   0.00,  4.24
:SA,   +0.00,   +0.00,  0.00
:TS,04010410085394,35.0, +24.3,   0.0,1532.7,623
:BI,-32768,-32768,-32768,-32768,V
:BS,-32768,-32768,-32768,V
:BE,-32768,-32768,-32768,V
:BD,        +0.00,        +0.00,        +0.00,   0.00,  4.33
:SA,   +0.00,   +0.00,  0.00
:TS,04010410085403,35.0, +24.3,   0.0,1532.7,624
:BI,-32768,-32768,-32768,-32768,V
:BS,-32768,-32768,-32768,V
:BE,-32768,-32768,-32768,V
:BD,        +0.00,        +0.00,        +0.00,   0.00,  4.42
:SA,   +0.00,   +0.00,  0.00
:TS,04010410085413,35.0, +24.3,   0.0,1532.7,621
:BI,-32768,-32768,-32768,-32768,V
:BS,-32768,-32768,-32768,V
:BE,-32768,-32768,-32768,V
:BD,        +0.00,        +0.00,        +0.00,   0.00,  4.52
:SA,   +0.00,   +0.00,  0.00
:TS,04010410085424,35.0, +24.3,   0.0,1532.7,627
:BI,-32768,-32768,-32768,-32768,V
:BS,-32768,-32768,-32768,V
:BE,-32768,-32768,-32768,V
:BD,        +0.00,        +0.00,        +0.00,   0.00,  4.63
:SA,   +0.00,   +0.00,  0.00
:TS,04010410085433,35.0, +24.3,   0.0,1532.7,628
:BI,-32768,-32768,-32768,-32768,V
:BS,-32768,-32768,-32768,V
:BE,-32768,-32768,-32768,V
:BD,        +0.00,        +0.00,        +0.00,   0.00,  4.72
:SA,   +0.00,   +0.00,  0.00
:TS,04010410085442,35.0, +24.3,   0.0,1532.7,622
:BI,-32768,-32768,-32768,-32768,V
:BS,-32768,-32768,-32768,V
:BE,-32768,-32768,-32768,V
:BD,        +0.00,        +0.00,        +0.00,   0.00,  4.81
:SA,   +0.00,   +0.00,  0.00
:TS,04010410085451,35.0, +24.3,   0.0,1532.7,623
:BI,-32768,-32768,-32768,-32768,V
:BS,-32768,-32768,-32768,V
:BE,-32768,-32768,-32768,V
:BD,        +0.00,        +0.00,        +0.00,   0.00,  4.90
:SA,   +0.00,   +0.00,  0.00
:TS,04010410085460,35.0, +24.3,   0.0,1532.7,624
:BI,-32768,-32768,-32768,-32768,V
:BS,-32768,-32768,-32768,V
:BE,-32768,-32768,-32768,V
:BD,        +0.00,        +0.00,        +0.00,   0.00,  4.99
:SA,   +0.00,   +0.00,  0.00
:TS,04010410085471,35.0, +24.3,   0.0,1532.7,621
:BI,-32768,-32768,-32768,-32768,V
:BS,-32768,-32768,-32768,V
:BE,-32768,-32768,-32768,V
:BD,        +0.00,        +0.00,        +0.00,   0.00,  5.10
:SA,   +0.00,   +0.00,  0.00
:TS,04010410085480,35.0, +24.3,   0.0,1532.7,627
:BI,-32768,-32768,-32768,-32768,V
:BS,-32768,-32768,-32768,V
:BE,-32768,-32768,-32768,V
:BD,        +0.00,        +0.00,        +0.00,   0.00,  5.19
:SA,   +0.00,   +0.00,  0.00
:TS,04010410085489,35.0, +24.3,   0.0,1532.7,628
:BI,-32768,-32768,-32768,-32768,V
:BS,-32768,-32768,-32768,V
:BE,-32768,-32768,-32768,V
:BD,        +0.00,        +0.00,        +0.00,   0.00,  5.28
:SA,   +0.00,   +0.00,  0.00
:TS,04010410085498,35.0, +24.3,   0.0,1532.7,622
:BI,-32768,-32768,-32768,-32768,V
:BS,-32768,-32768,-32768,V
:BE,-32768,-32768,-32768,V
:BD,        +0.00,        +0.00,        +0.00,   0.00,  5.37
:SA,   +0.00,   +0.00,  0.00
:TS,04010410085507,35.0, +24.3,   0.0,1532.7,623
:BI,-32768,-32768,-32768,-32768,V
:BS,-32768,-32768,-32768,V
:BE,-32768,-32768,-32768,V
:BD,        +0.00,        +0.00,        +0.00,   0.00,  5.46
:SA,   +0.00,   +0.00,  0.00
:TS,04010410085518,35.0, +24.3,   0.0,1532.7,624
:BI,-32768,-32768,-32768,-32768,V
:BS,-32768,-32768,-32768,V
:BE,-32768,-32768,-32768,V
:BD,        +0.00,        +0.00,        +0.00,   0.00,  5.57
:SA,   +0.00,   +0.00,  0.00
:TS,04010410085529,35.0, +24.3,   0.0,1532.7,621
:BI,-32768,-32768,-32768,-32768,V
:BS,-32768,-32768,-32768,V
:BE,-32768,-32768,-32768,V
:BD,        +0.00,        +0.00,        +0.00,   0.00,  5.68
:SA,   +0.00,   +0.00,  0.00
:TS,04010410085539,35.0, +24.3,   0.0,1532.7,627
:BI,-32768,-32768,-32768,-32768,V
:BS,-32768,-32768,-32768,V
:BE,-32768,-32768,-32768,V
:BD,        +0.00,        +0.00,        +0.00,   0.00,  5.78
:SA,   +0.00,   +0.00,  0.00
:TS,04010410085548,35.0, +24.3,   0.0,1532.7,628
:BI,-32768,-32768,-32768,-32768,V
:BS,-32768,-32768,-32768,V
:BE,-32768,-32768,-32768,V
:BD,        +0.00,        +0.00,        +0.00,   0.00,  5.87
:SA,   +0.00,   +0.00,  0.00
:TS,04010410085556,35.0, +24.3,   0.0,1532.7,622
:BI,-32768,-32768,-32768,-32768,V
:BS,-32768,-32768,-32768,V
:BE,-32768,-32768,-32768,V
:BD,        +0.00,        +0.00,        +0.00,   0.00,  5.95
:SA,   +0.00,   +0.00,  0.00
:TS,04010410085567,35.0, +24.3,   0.0,1532.7,623
:BI,-32768,-32768,-32768,-32768,V
:BS,-32768,-32768,-32768,V
:BE,-32768,-32768,-32768,V
:BD,        +0.00,        +0.00,        +0.00,   0.00,  6.06
:SA,   +0.00,   +0.00,  0.00
:TS,04010410085576,35.0, +24.3,   0.0,1532.7,624
:BI,-32768,-32768,-32768,-32768,V
:BS,-32768,-32768,-32768,V
:BE,-32768,-32768,-32768,V
:BD,        +0.00,        +0.00,        +0.00,   0.00,  6.15
:SA,   +0.00,   +0.00,  0.00
:TS,04010410085585,35.0, +24.3,   0.0,1532.7,621
:BI,-32768,-32768,-32768,-32768,V
:BS,-32768,-32768,-32768,V
:BE,-32768,-32768,-32768,V
:BD,        +0.00,        +0.00,        +0.00,   0.00,  6.24
:SA,   +0.00,   +0.00,  0.00
:TS,04010410085594,35.0, +24.3,   0.0,1532.7,627
:BI,-32768,-32768,-32768,-32768,V
:BS,-32768,-32768,-32768,V
:BE,-32768,-32768,-32768,V
:BD,        +0.00,        +0.00,        +0.00,   0.00,  6.33
:SA,   +0.00,   +0.00,  0.00
:TS,04010410085603,35.0, +24.3,   0.0,1532.7,628
:BI,-32768,-32768,-32768,-32768,V
:BS,-32768,-32768,-32768,V
:BE,-32768,-32768,-32768,V
:BD,        +0.00,        +0.00,        +0.00,   0.00,  6.42
:SA,   +0.00,   +0.00,  0.00
:TS,04010410085614,35.0, +24.3,   0.0,1532.7,622
:BI,-32768,-32768,-32768,-32768,V
:BS,-32768,-32768,-32768,V
:BE,-32768,-32768,-32768,V
:BD,        +0.00,        +0.00,        +0.00,   0.00,  6.53
:SA,   +0.00,   +0.00,  0.00
:TS,04010410085623,35.0, +24.3,   0.0,1532.7,623
:BI,-32768,-32768,-32768,-32768,V
:BS,-32768,-32768,-32768,V
:BE,-32768,-32768,-32768,V
:BD,        +0.00,        +0.00,        +0.00,   0.00,  6.62
:SA,   +0.00,   +0.00,  0.00
:TS,04010410085632,35.0, +24.3,   0.0,1532.7,624
:BI,-32768,-32768,-32768,-32768,V
:BS,-32768,-32768,-32768,V
:BE,-32768,-32768,-32768,V
:BD,        +0.00,        +0.00,        +0.00,   0.00,  6.71
:SA,   +0.00,   +0.00,  0.00
:TS,04010410085643,35.0, +24.3,   0.0,1532.7,621
:BI,-32768,-32768,-32768,-32768,V
:BS,-32768,-32768,-32768,V
:BE,-32768,-32768,-32768,V
:BD,        +0.00,        +0.00,        +0.00,   0.00,  6.82
:SA,   +0.00,   +0.00,  0.00
:TS,04010410085653,35.0, +24.3,   0.0,1532.7,627
:BI,-32768,-32768,-32768,-32768,V
:BS,-32768,-32768,-32768,V
:BE,-32768,-32768,-32768,V
:BD,        +0.00,        +0.00,        +0.00,   0.00,  6.92
:SA,   +0.00,   +0.00,  0.00
:TS,04010410085664,35.0, +24.3,   0.0,1532.7,628
:BI,-32768,-32768,-32768,-32768,V
:BS,-32768,-32768,-32768,V
:BE,-32768,-32768,-32768,V
:BD,        +0.00,        +0.00,        +0.00,   0.00,  7.03
:SA,   +0.00,   +0.00,  0.00
:TS,04010410085673,35.0, +24.3,   0.0,1532.7,622
:BI,-32768,-32768,-32768,-32768,V
:BS,-32768,-32768,-32768,V
:BE,-32768,-32768,-32768,V
:BD,        +0.00,        +0.00,        +0.00,   0.00,  7.12
:SA,   +0.00,   +0.00,  0.00
:TS,04010410085682,35.0, +24.3,   0.0,1532.7,623
:BI,-32768,-32768,-32768,-32768,V
:BS,-32768,-32768,-32768,V
:BE,-32768,-32768,-32768,V
:BD,        +0.00,        +0.00,        +0.00,   0.00,  7.21
:SA,   +0.00,   +0.00,  0.00
:TS,04010410085690,35.0, +24.3,   0.0,1532.7,624
:BI,-32768,-32768,-32768,-32768,V
:BS,-32768,-32768,-32768,V
:BE,-32768,-32768,-32768,V
:BD,        +0.00,        +0.00,        +0.00,   0.00,  7.29
:SA,   +0.00,   +0.00,  0.00
:TS,04010410085699,35.0, +24.3,   0.0,1532.7,621
:BI,-32768,-32768,-32768,-32768,V
:BS,-32768,-32768,-32768,V
:BE,-32768,-32768,-32768,V
:BD,        +0.00,        +0.00,        +0.00,   0.00,  7.38
:SA,   +0.00,   +0.00,  0.00
:TS,04010410085709,35.0, +24.3,   0.0,1532.7,627
:BI,-32768,-32768,-32768,-32768,V
:BS,-32768,-32768,-32768,V
:BE,-32768,-32768,-32768,V
:BD,        +0.00,        +0.00,        +0.00,   0.00,  7.48
:SA,   +0.00,   +0.00,  0.00
:TS,04010410085718,35.0, +24.3,   0.0,1532.7,628
:BI,-32768,-32768,-32768,-32768,V
:BS,-32768,-32768,-32768,V
:BE,-32768,-32768,-32768,V
:BD,        +0.00,        +0.00,        +0.00,   0.00,  7.57
:SA,   +0.00,   +0.00,  0.00
:TS,04010410085727,35.0, +24.3,   0.0,1532.7,622
:BI,-32768,-32768,-32768,-32768,V
:BS,-32768,-32768,-32768,V
:BE,-32768,-32768,-32768,V
:BD,        +0.00,        +0.00,        +0.00,   0.00,  7.66
:SA,   +0.00,   +0.00,  0.00
:TS,04010410085736,35.0, +24.3,   0.0,1532.7,623
:BI,-32768,-32768,-32768,-32768,V
:BS,-32768,-32768,-32768,V
:BE,-32768,-32768,-32768,V
:BD,        +0.00,        +0.00,        +0.00,   0.00,  7.75
:SA,   +0.00,   +0.00,  0.00
:TS,04010410085744,35.0, +24.3,   0.0,1532.7,624
:BI,-32768,-32768,-32768,-32768,V
:BS,-32768,-32768,-32768,V
:BE,-32768,-32768,-32768,V
:BD,        +0.00,        +0.00,        +0.00,   0.00,  7.83
:SA,   +0.00,   +0.00,  0.00
:TS,04010410085756,35.0, +24.3,   0.0,1532.7,621
:BI,-32768,-32768,-32768,-32768,V
:BS,-32768,-32768,-32768,V
:BE,-32768,-32768,-32768,V
:BD,        +0.00,        +0.00,        +0.00,   0.00,  7.95
:SA,   +0.00,   +0.00,  0.00
:TS,04010410085767,35.0, +24.3,   0.0,1532.7,627
:BI,-32768,-32768,-32768,-32768,V
:BS,-32768,-32768,-32768,V
:BE,-32768,-32768,-32768,V
:BD,        +0.00,        +0.00,        +0.00,   0.00,  8.06
:SA,   +0.00,   +0.00,  0.00
:TS,04010410085776,35.0, +24.3,   0.0,1532.7,628
:BI,-32768,-32768,-32768,-32768,V
:BS,-32768,-32768,-32768,V
:BE,-32768,-32768,-32768,V
:BD,        +0.00,        +0.00,        +0.00,   0.00,  8.15
:SA,   +0.00,   +0.00,  0.00
:TS,04010410085785,35.0, +24.3,   0.0,1532.7,622
:BI,-32768,-32768,-32768,-32768,V
:BS,-32768,-32768,-32768,V
:BE,-32768,-32768,-32768,V
:BD,        +0.00,        +0.00,        +0.00,   0.00,  8.24
:SA,   +0.00,   +0.00,  0.00
:TS,04010410085793,35.0, +24.3,   0.0,1532.7,623
:BI,-32768,-32768,-32768,-32768,V
:BS,-32768,-32768,-32768,V
:BE,-32768,-32768,-32768,V
:BD,        +0.00,        +0.00,        +0.00,   0.00,  8.32
:SA,   +0.00,   +0.00,  0.00
:TS,04010410085803,35.0, +24.3,   0.0,1532.7,624
:BI,-32768,-32768,-32768,-32768,V
:BS,-32768,-32768,-32768,V
:BE,-32768,-32768,-32768,V
:BD,        +0.00,        +0.00,        +0.00,   0.00,  8.42
:SA,   +0.00,   +0.00,  0.00
:TS,04010410085812,35.0, +24.3,   0.0,1532.7,621
:BI,-32768,-32768,-32768,-32768,V
:BS,-32768,-32768,-32768,V
:BE,-32768,-32768,-32768,V
:BD,        +0.00,        +0.00,        +0.00,   0.00,  8.51
:SA,   +0.00,   +0.00,  0.00
:TS,04010410085821,35.0, +24.3,   0.0,1532.7,627
:BI,-32768,-32768,-32768,-32768,V
:BS,-32768,-32768,-32768,V
:BE,-32768,-32768,-32768,V
:BD,        +0.00,        +0.00,        +0.00,   0.00,  8.60
:SA,   +0.00,   +0.00,  0.00
:TS,04010410085830,35.0, +24.3,   0.0,1532.7,628
:BI,-32768,-32768,-32768,-32768,V
:BS,-32768,-32768,-32768,V
:BE,-32768,-32768,-32768,V
:BD,        +0.00,        +0.00,        +0.00,   0.00,  8.69
:SA,   +0.00,   +0.00,  0.00
:TS,04010410085839,35.0, +24.3,   0.0,1532.7,622
:BI,-32768,-32768,-32768,-32768,V
:BS,-32768,-32768,-32768,V
:BE,-32768,-32768,-32768,V
:BD,        +0.00,        +0.00,        +0.00,   0.00,  8.78
:SA,   +0.00,   +0.00,  0.00
:TS,04010410085849,35.0, +24.3,   0.0,1532.7,623
:BI,-32768,-32768,-32768,-32768,V
:BS,-32768,-32768,-32768,V
:BE,-32768,-32768,-32768,V
:BD,        +0.00,        +0.00,        +0.00,   0.00,  8.88
:SA,   +0.00,   +0.00,  0.00
:TS,04010410085858,35.0, +24.3,   0.0,1532.7,624
:BI,-32768,-32768,-32768,-32768,V
:BS,-32768,-32768,-32768,V
:BE,-32768,-32768,-32768,V
:BD,        +0.00,        +0.00,        +0.00,   0.00,  8.97
:SA,   +0.00,   +0.00,  0.00
:TS,04010410085869,35.0, +24.3,   0.0,1532.7,621
:BI,-32768,-32768,-32768,-32768,V
:BS,-32768,-32768,-32768,V
:BE,-32768,-32768,-32768,V
:BD,        +0.00,        +0.00,        +0.00,   0.00,  9.08
:SA,   +0.00,   +0.00,  0.00
:TS,04010410085879,35.0, +24.3,   0.0,1532.7,627
:BI,-32768,-32768,-32768,-32768,V
:BS,-32768,-32768,-32768,V
:BE,-32768,-32768,-32768,V
:BD,        +0.00,        +0.00,        +0.00,   0.00,  9.18
:SA,   +0.00,   +0.00,  0.00
:TS,04010410085887,35.0, +24.3,   0.0,1532.7,628
:BI,-32768,-32768,-32768,-32768,V
:BS,-32768,-32768,-32768,V
:BE,-32768,-32768,-32768,V
:BD,        +0.00,        +0.00,        +0.00,   0.00,  9.26
:SA,   +0.00,   +0.00,  0.00
:TS,04010410085897,35.0, +24.3,   0.0,1532.7,622
:BI,-32768,-32768,-32768,-32768,V
:BS,-32768,-32768,-32768,V
:BE,-32768,-32768,-32768,V
:BD,        +0.00,        +0.00,        +0.00,   0.00,  9.36
:SA,   +0.00,   +0.00,  0.00
:TS,04010410085906,35.0, +24.3,   0.0,1532.7,623
:BI,-32768,-32768,-32768,-32768,V
:BS,-32768,-32768,-32768,V
:BE,-32768,-32768,-32768,V
:BD,        +0.00,        +0.00,        +0.00,   0.00,  9.45
:SA,   +0.00,   +0.00,  0.00
:TS,04010410085915,35.0, +24.3,   0.0,1532.7,624
:BI,-32768,-32768,-32768,-32768,V
:BS,-32768,-32768,-32768,V
:BE,-32768,-32768,-32768,V
:BD,        +0.00,        +0.00,        +0.00,   0.00,  9.54
:SA,   +0.00,   +0.00,  0.00
:TS,04010410085924,35.0, +24.3,   0.0,1532.7,621
:BI,-32768,-32768,-32768,-32768,V
:BS,-32768,-32768,-32768,V
:BE,-32768,-32768,-32768,V
:BD,        +0.00,        +0.00,        +0.00,   0.00,  9.63
:SA,   +0.00,   +0.00,  0.00
:TS,04010410085933,35.0, +24.3,   0.0,1532.7,627
:BI,-32768,-32768,-32768,-32768,V
:BS,-32768,-32768,-32768,V
:BE,-32768,-32768,-32768,V
:BD,        +0.00,        +0.00,        +0.00,   0.00,  9.72
:SA,   +0.00,   +0.00,  0.00
:TS,04010410085943,35.0, +24.3,   0.0,1532.7,628
:BI,-32768,-32768,-32768,-32768,V
:BS,-32768,-32768,-32768,V
:BE,-32768,-32768,-32768,V
:BD,        +0.00,        +0.00,        +0.00,   0.00,  9.82
:SA,   +0.00,   +0.00,  0.00
:TS,04010410085952,35.0, +24.3,   0.0,1532.7,622
:BI,-32768,-32768,-32768,-32768,V
:BS,-32768,-32768,-32768,V
:BE,-32768,-32768,-32768,V
:BD,        +0.00,        +0.00,        +0.00,   0.00,  9.91
:SA,   +0.00,   +0.00,  0.00
:TS,04010410085961,35.0, +24.3,   0.0,1532.7,623
:BI,-32768,-32768,-32768,-32768,V
:BS,-32768,-32768,-32768,V
:BE,-32768,-32768,-32768,V
:BD,        +0.00,        +0.00,        +0.00,   0.00, 10.00
:SA,   +0.00,   +0.00,  0.00
:TS,04010410085970,35.0, +24.3,   0.0,1532.7,624
:BI,-32768,-32768,-32768,-32768,V
:BS,-32768,-32768,-32768,V
:BE,-32768,-32768,-32768,V
:BD,        +0.00,        +0.00,        +0.00,   0.00, 10.09
:SA,   +0.00,   +0.00,  0.00
:TS,04010410085981,35.0, +24.3,   0.0,1532.7,621
:BI,-32768,-32768,-32768,-32768,V
:BS,-32768,-32768,-32768,V
:BE,-32768,-32768,-32768,V
:BD,        +0.00,        +0.00,        +0.00,   0.00, 10.20
:SA,   +0.00,   +0.00,  0.00
:TS,04010410085993,35.0, +24.3,   0.0,1532.7,627
:BI,-32768,-32768,-32768,-32768,V
:BS,-32768,-32768,-32768,V
:BE,-32768,-32768,-32768,V
:BD,        +0.00,        +0.00,        +0.00,   0.00, 10.32
:SA,   +0.00,   +0.00,  0.00
:TS,04010410090002,35.0, +24.3,   0.0,1532.7,628
:BI,-32768,-32768,-32768,-32768,V
:BS,-32768,-32768,-32768,V
:BE,-32768,-32768,-32768,V
:BD,        +0.00,        +0.00,        +0.00,   0.00, 10.41
:SA,   +0.00,   +0.00,  0.00
:TS,04010410090011,35.0, +24.3,   0.0,1532.7,622
:BI,-32768,-32768,-32768,-32768,V
:BS,-32768,-32768,-32768,V
:BE,-32768,-32768,-32768,V
:BD,        +0.00,        +0.00,        +0.00,   0.00, 10.50
:SA,   +0.00,   +0.00,  0.00
:TS,04010410090019,35.0, +24.3,   0.0,1532.7,623
:BI,-32768,-32768,-32768,-32768,V
:BS,-32768,-32768,-32768,V
:BE,-32768,-32768,-32768,V
:BD,        +0.00,        +0.00,        +0.00,   0.00, 10.58
:SA,   +0.00,   +0.00,  0.00
:TS,04010410090028,35.0, +24.3,   0.0,1532.7,624
:BI,-32768,-32768,-32768,-32768,V
:BS,-32768,-32768,-32768,V
:BE,-32768,-32768,-32768,V
:BD,        +0.00,        +0.00,        +0.00,   0.00, 10.67
:SA,   +0.00,   +0.00,  0.00
:TS,04010410090038,35.0, +24.3,   0.0,1532.7,621
:BI,-32768,-32768,-32768,-32768,V
:BS,-32768,-32768,-32768,V
:BE,-32768,-32768,-32768,V
:BD,        +0.00,        +0.00,        +0.00,   0.00, 10.77
:SA,   +0.00,   +0.00,  0.00
:TS,04010410090047,35.0, +24.3,   0.0,1532.7,627
:BI,-32768,-32768,-32768,-32768,V
:BS,-32768,-32768,-32768,V
:BE,-32768,-32768,-32768,V
:BD,        +0.00,        +0.00,        +0.00,   0.00, 10.86
:SA,   +0.00,   +0.00,  0.00
:TS,04010410090056,35.0, +24.3,   0.0,1532.7,628
:BI,-32768,-32768,-32768,-32768,V
:BS,-32768,-32768,-32768,V
:BE,-32768,-32768,-32768,V
:BD,        +0.00,        +0.00,        +0.00,   0.00, 10.95
:SA,   +0.00,   +0.00,  0.00
:TS,04010410090065,35.0, +24.3,   0.0,1532.7,622
:BI,-32768,-32768,-32768,-32768,V
:BS,-32768,-32768,-32768,V
:BE,-32768,-32768,-32768,V
:BD,        +0.00,        +0.00,        +0.00,   0.00, 11.04
:SA,   +0.00,   +0.00,  0.00
:TS,04010410090073,35.0, +24.3,   0.0,1532.7,623
:BI,-32768,-32768,-32768,-32768,V
:BS,-32768,-32768,-32768,V
:BE,-32768,-32768,-32768,V
:BD,        +0.00,        +0.00,        +0.00,   0.00, 11.12
:SA,   +0.00,   +0.00,  0.00
:TS,04010410090083,35.0, +24.3,   0.0,1532.7,624
:BI,-32768,-32768,-32768,-32768,V
:BS,-32768,-32768,-32768,V
:BE,-32768,-32768,-32768,V
:BD,        +0.00,        +0.00,        +0.00,   0.00, 11.22
:SA,   +0.00,   +0.00,  0.00
:TS,04010410090092,35.0, +24.3,   0.0,1532.7,621
:BI,-32768,-32768,-32768,-32768,V
:BS,-32768,-32768,-32768,V
:BE,-32768,-32768,-32768,V
:BD,        +0.00,        +0.00,        +0.00,   0.00, 11.31
:SA,   +0.00,   +0.00,  0.00
:TS,04010410090103,35.0, +24.3,   0.0,1532.7,627
:BI,-32768,-32768,-32768,-32768,V
:BS,-32768,-32768,-32768,V
:BE,-32768,-32768,-32768,V
:BD,        +0.00,        +0.00,        +0.00,   0.00, 11.42
:SA,   +0.00,   +0.00,  0.00
:TS,04010410090113,35.0, +24.3,   0.0,1532.7,628
:BI,-32768,-32768,-32768,-32768,V
:BS,-32768,-32768,-32768,V
:BE,-32768,-32768,-32768,V
:BD,        +0.00,        +0.00,        +0.00,   0.00, 11.52
:SA,   +0.00,   +0.00,  0.00
:TS,04010410090122,35.0, +24.3,   0.0,1532.7,622
:BI,-32768,-32768,-32768,-32768,V
:BS,-32768,-32768,-32768,V
:BE,-32768,-32768,-32768,V
:BD,        +0.00,        +0.00,        +0.00,   0.00, 11.61
:SA,   +0.00,   +0.00,  0.00
:TS,04010410090132,35.0, +24.3,   0.0,1532.7,623
:BI,-32768,-32768,-32768,-32768,V
:BS,-32768,-32768,-32768,V
:BE,-32768,-32768,-32768,V
:BD,        +0.00,        +0.00,        +0.00,   0.00, 11.71
:SA,   +0.00,   +0.00,  0.00
:TS,04010410090141,35.0, +24.3,   0.0,1532.7,624
:BI,-32768,-32768,-32768,-32768,V
:BS,-32768,-32768,-32768,V
:BE,-32768,-32768,-32768,V
:BD,        +0.00,        +0.00,        +0.00,   0.00, 11.80
:SA,   +0.00,   +0.00,  0.00
:TS,04010410090150,35.0, +24.3,   0.0,1532.7,621
:BI,-32768,-32768,-32768,-32768,V
:BS,-32768,-32768,-32768,V
:BE,-32768,-32768,-32768,V
:BD,        +0.00,        +0.00,        +0.00,   0.00, 11.89
:SA,   +0.00,   +0.00,  0.00
:TS,04010410090159,35.0, +24.3,   0.0,1532.7,627
:BI,-32768,-32768,-32768,-32768,V
:BS,-32768,-32768,-32768,V
:BE,-32768,-32768,-32768,V
:BD,        +0.00,        +0.00,        +0.00,   0.00, 11.98
:SA,   +0.00,   +0.00,  0.00
:TS,04010410090168,35.0, +24.3,   0.0,1532.7,628
:BI,-32768,-32768,-32768,-32768,V
:BS,-32768,-32768,-32768,V
:BE,-32768,-32768,-32768,V
:BD,        +0.00,        +0.00,        +0.00,   0.00, 12.07
:SA,   +0.00,   +0.00,  0.00
:TS,04010410090178,35.0, +24.3,   0.0,1532.7,622
:BI,-32768,-32768,-32768,-32768,V
:BS,-32768,-32768,-32768,V
:BE,-32768,-32768,-32768,V
:BD,        +0.00,        +0.00,        +0.00,   0.00, 12.17
:SA,   +0.00,   +0.00,  0.00
:TS,04010410090187,35.0, +24.3,   0.0,1532.7,623
:BI,-32768,-32768,-32768,-32768,V
:BS,-32768,-32768,-32768,V
:BE,-32768,-32768,-32768,V
:BD,        +0.00,        +0.00,        +0.00,   0.00, 12.26
:SA,   +0.00,   +0.00,  0.00
:TS,04010410090196,35.0, +24.3,   0.0,1532.7,624
:BI,-32768,-32768,-32768,-32768,V
:BS,-32768,-32768,-32768,V
:BE,-32768,-32768,-32768,V
:BD,        +0.00,        +0.00,        +0.00,   0.00, 12.35
:SA,   +0.00,   +0.00,  0.00
:TS,04010410090205,35.0, +24.3,   0.0,1532.7,621
:BI,-32768,-32768,-32768,-32768,V
:BS,-32768,-32768,-32768,V
:BE,-32768,-32768,-32768,V
:BD,        +0.00,        +0.00,        +0.00,   0.00, 12.44
:SA,   +0.00,   +0.00,  0.00
:TS,04010410090215,35.0, +24.3,   0.0,1532.7,627
:BI,-32768,-32768,-32768,-32768,V
:BS,-32768,-32768,-32768,V
:BE,-32768,-32768,-32768,V
:BD,        +0.00,        +0.00,        +0.00,   0.00, 12.54
:SA,   +0.00,   +0.00,  0.00
:TS,04010410090226,35.0, +24.3,   0.0,1532.7,628
:BI,-32768,-32768,-32768,-32768,V
:BS,-32768,-32768,-32768,V
:BE,-32768,-32768,-32768,V
:BD,        +0.00,        +0.00,        +0.00,   0.00, 12.65
:SA,   +0.00,   +0.00,  0.00
:TS,04010410090235,35.0, +24.3,   0.0,1532.7,622
:BI,-32768,-32768,-32768,-32768,V
:BS,-32768,-32768,-32768,V
:BE,-32768,-32768,-32768,V
:BD,        +0.00,        +0.00,        +0.00,   0.00, 12.74
:SA,   +0.00,   +0.00,  0.00
:TS,04010410090244,35.0, +24.3,   0.0,1532.7,623
:BI,-32768,-32768,-32768,-32768,V
:BS,-32768,-32768,-32768,V
:BE,-32768,-32768,-32768,V
:BD,        +0.00,        +0.00,        +0.00,   0.00, 12.83
:SA,   +0.00,   +0.00,  0.00
:TS,04010410090253,35.0, +24.3,   0.0,1532.7,624
:BI,-32768,-32768,-32768,-32768,V
:BS,-32768,-32768,-32768,V
:BE,-32768,-32768,-32768,V
:BD,        +0.00,        +0.00,        +0.00,   0.00, 12.92
:SA,   +0.00,   +0.00,  0.00
:TS,04010410090262,35.0, +24.3,   0.0,1532.7,621
:BI,-32768,-32768,-32768,-32768,V
:BS,-32768,-32768,-32768,V
:BE,-32768,-32768,-32768,V
:BD,        +0.00,        +0.00,        +0.00,   0.00, 13.01
:SA,   +0.00,   +0.00,  0.00
:TS,04010410090273,35.0, +24.3,   0.0,1532.7,627
:BI,-32768,-32768,-32768,-32768,V
:BS,-32768,-32768,-32768,V
:BE,-32768,-32768,-32768,V
:BD,        +0.00,        +0.00,        +0.00,   0.00, 13.12
:SA,   +0.00,   +0.00,  0.00
:TS,04010410090282,35.0, +24.3,   0.0,1532.7,628
:BI,-32768,-32768,-32768,-32768,V
:BS,-32768,-32768,-32768,V
:BE,-32768,-32768,-32768,V
:BD,        +0.00,        +0.00,        +0.00,   0.00, 13.21
:SA,   +0.00,   +0.00,  0.00
:TS,04010410090291,35.0, +24.3,   0.0,1532.7,622
:BI,-32768,-32768,-32768,-32768,V
:BS,-32768,-32768,-32768,V
:BE,-32768,-32768,-32768,V
:BD,        +0.00,        +0.00,        +0.00,   0.00, 13.30
:SA,   +0.00,   +0.00,  0.00
:TS,04010410090300,35.0, +24.3,   0.0,1532.7,623
:BI,-32768,-32768,-32768,-32768,V
:BS,-32768,-32768,-32768,V
:BE,-32768,-32768,-32768,V
:BD,        +0.00,        +0.00,        +0.00,   0.00, 13.39
:SA,   +0.00,   +0.00,  0.00
:TS,04010410090309,35.0, +24.3,   0.0,1532.7,624
:BI,-32768,-32768,-32768,-32768,V
:BS,-32768,-32768,-32768,V
:BE,-32768,-32768,-32768,V
:BD,        +0.00,        +0.00,        +0.00,   0.00, 13.48
:SA,   +0.00,   +0.00,  0.00
:TS,04010410090320,35.0, +24.3,   0.0,1532.7,621
:BI,-32768,-32768,-32768,-32768,V
:BS,-32768,-32768,-32768,V
:BE,-32768,-32768,-32768,V
:BD,        +0.00,        +0.00,        +0.00,   0.00, 13.59
:SA,   +0.00,   +0.00,  0.00
:TS,04010410090331,35.0, +24.3,   0.0,1532.7,627
:BI,-32768,-32768,-32768,-32768,V
:BS,-32768,-32768,-32768,V
:BE,-32768,-32768,-32768,V
:BD,        +0.00,        +0.00,        +0.00,   0.00, 13.70
:SA,   +0.00,   +0.00,  0.00
:TS,04010410090341,35.0, +24.3,   0.0,1532.7,628
:BI,-32768,-32768,-32768,-32768,V
:BS,-32768,-32768,-32768,V
:BE,-32768,-32768,-32768,V
:BD,        +0.00,        +0.00,        +0.00,   0.00, 13.80
:SA,   +0.00,   +0.00,  0.00
:TS,04010410090350,35.0, +24.3,   0.0,1532.7,622
:BI,-32768,-32768,-32768,-32768,V
:BS,-32768,-32768,-32768,V
:BE,-32768,-32768,-32768,V
:BD,        +0.00,        +0.00,        +0.00,   0.00, 13.89
:SA,   +0.00,   +0.00,  0.00
:TS,04010410090358,35.0, +24.3,   0.0,1532.7,623
:BI,-32768,-32768,-32768,-32768,V
:BS,-32768,-32768,-32768,V
:BE,-32768,-32768,-32768,V
:BD,        +0.00,        +0.00,        +0.00,   0.00, 13.97
:SA,   +0.00,   +0.00,  0.00
:TS,04010410090369,35.0, +24.3,   0.0,1532.7,624
:BI,-32768,-32768,-32768,-32768,V
:BS,-32768,-32768,-32768,V
:BE,-32768,-32768,-32768,V
:BD,        +0.00,        +0.00,        +0.00,   0.00, 14.08
:SA,   +0.00,   +0.00,  0.00
:TS,04010410090378,35.0, +24.3,   0.0,1532.7,621
:BI,-32768,-32768,-32768,-32768,V
:BS,-32768,-32768,-32768,V
:BE,-32768,-32768,-32768,V
:BD,        +0.00,        +0.00,        +0.00,   0.00, 14.17
