>BP001
>BX00060
>EA09000
>ES35
>TE00:00:00.00
>TP00:00.00
>PD6
>CK
[Parameters saved as USER defaults]

>CS
:SA,   +0.00,   +0.00,  0.00
:TS,04010101354762,35.0, +21.0,   0.0,1524.2,621
:BI,-32768,-32768,-32768,-32768,V
:BS,-32768,-32768,-32768,V
:BE,-32768,-32768,-32768,V
:BD,        +0.00,        +0.00,        +0.00,   0.00,  0.00
:SA,   +0.00,   +0.00,  0.00
:TS,04010101354771,35.0, +21.0,   0.0,1524.2,627
:BI,-32768,-32768,-32768,-32768,V
:BS,-32768,-32768,-32768,V
:BE,-32768,-32768,-32768,V
:BD,        +0.00,        +0.00,        +0.00,   0.00,  0.09
:SA,   +0.00,   +0.00,  0.00
:TS,04010101354780,35.0, +21.0,   0.0,1524.2,628
:BI,-32768,-32768,-32768,-32768,V
:BS,-32768,-32768,-32768,V
:BE,-32768,-32768,-32768,V
:BD,        +0.00,        +0.00,        +0.00,   0.00,  0.18
:SA,   +0.00,   +0.00,  0.00
:TS,04010101354788,35.0, +21.0,   0.0,1524.2,622
:BI,-32768,-32768,-32768,-32768,V
:BS,-32768,-32768,-32768,V
:BE,-32768,-32768,-32768,V
:BD,        +0.00,        +0.00,        +0.00,   4.45,  0.26
:SA,   +0.00,   +0.00,  0.00
:TS,04010101354799,35.0, +21.0,   0.0,1524.2,623
:BI,   -34,    +0,   +15,   -24,A
:BS,    +0,   +34,   +15,A
:BE,    +0,   +34,   +15,A
:BD,        +0.00,        +0.00,        +0.00,   4.58,  0.26
:SA,   +0.00,   +0.00,  0.00
:TS,04010101354809,35.0, +21.0,   0.0,1524.2,624
:BI,    -5,   -36,   +11,    -3,A
:BS,   -36,    +5,   +11,A
:BE,   -36,    +5,   +11,A
:BD,       -0.00,        +0.00,        +0.00,   4.59,  0.00
:SA,   +0.00,   +0.00,  0.00
:TS,04010101354818,35.0, +21.0,   0.0,1524.2,621
:BI,   -18,    -2,   +19,   -28,A
:BS,    -2,   +18,   +19,A
:BE,    -2,   +18,   +19,A
:BD,       -0.00,        +0.00,        +0.00,   4.63,  0.00
:SA,   +0.00,   +0.00,  0.00
:TS,04010101354827,35.0, +21.0,   0.0,1524.2,627
:BI,    -5,   -33,    +5,    +3,A
:BS,   -33,    +5,    +5,A
:BE,   -33,    +5,    +5,A
:BD,       -0.00,        +0.01,        +0.00,   4.56,  0.00
:SA,   +0.00,   +0.00,  0.00
:TS,04010101354836,35.0, +21.0,   0.0,1524.2,628
:BI,   -19,    +0,    -3,   -19,A
:BS,    +0,   +19,    -3,A
:BE,    +0,   +19,    -3,A
:BD,       -0.00,        +0.01,        +0.00,   4.58,  0.00
:SA,   +0.00,   +0.00,  0.00
:TS,04010101354845,35.0, +21.0,   0.0,1524.2,622
:BI,   -44,   -36,    -9,   -29,A
:BS,   -36,   +44,    -9,A
:BE,   -36,   +44,    -9,A
:BD,       -0.01,        +0.01,        +0.01,   4.56,  0.00
:SA,   +0.00,   +0.00,  0.00
:TS,04010101354854,35.0, +21.0,   0.0,1524.2,623
:BI,   -30,   -42,    +4,    +3,A
:BS,   -42,   +30,    +4,A
:BE,   -42,   +30,    +4,A
:BD,       -0.01,        +0.01,        +0.01,   4.58,  0.00
:SA,   +0.00,   +0.00,  0.00
:TS,04010101354866,35.0, +30.1,   0.0,1545.8,624
:BI,   +11,    +0,    +3,    +1,A
:BS,    +0,   -11,    +3,A
:BE,    +0,   -11,    +3,A
:BD,       -0.01,        +0.02,        +0.01,   4.62,  0.00
:SA,   +0.00,   +0.00,  0.00
:TS,04010101354877,35.0, +30.1,   0.0,1545.8,621
:BI,   -47,   -45,   -10,    -9,A
:BS,   -45,   +47,   -10,A
:BE,   -45,   +47,   -10,A
:BD,       -0.01,        +0.02,        +0.01,   4.64,  0.00
:SA,   +0.00,   +0.00,  0.00
:TS,04010101354886,35.0, +30.1,   0.0,1545.8,627
:BI,   -40,    -1,    -2,   -15,A
:BS,    -1,   +40,    -2,A
:BE,    -1,   +40,    -2,A
:BD,       -0.01,        +0.02,        +0.01,   4.64,  0.00
:SA,   +0.00,   +0.00,  0.00
:TS,04010101354895,35.0, +30.1,   0.0,1545.8,628
:BI,    +7,   -39,    +0,    -2,A
:BS,   -39,    -7,    +0,A
:BE,   -39,    -7,    +0,A
:BD,       -0.02,        +0.02,        +0.01,   4.62,  0.00
:SA,   +0.00,   +0.00,  0.00
:TS,04010101354905,35.0, +30.1,   0.0,1545.8,622
:BI,    -8,    -1,    +6,    -5,A
:BS,    -1,    +8,    +6,A
:BE,    -1,    +8,    +6,A
:BD,       -0.02,        +0.02,        +0.01,   4.64,  0.00
:SA,   +0.00,   +0.00,  0.00
:TS,04010101354914,35.0, +30.1,   0.0,1545.8,623
:BI,   -10,   -44,    +1,   -14,A
:BS,   -44,   +10,    +1,A
:BE,   -44,   +10,    +1,A
:BD,       -0.02,        +0.03,        +0.01,   4.58,  0.00
:SA,   +0.00,   +0.00,  0.00
:TS,04010101354923,35.0, +30.1,   0.0,1545.8,624
:BI,    +0,   -54,   +12,   +13,A
:BS,   -54,    +0,   +12,A
:BE,   -54,    +0,   +12,A
:BD,       -0.02,        +0.03,        +0.01,   4.58,  0.00
:SA,   +0.00,   +0.00,  0.00
:TS,04010101354932,35.0, +30.1,   0.0,1545.8,621
:BI,    +0,    -1,    +7,   -14,A
:BS,    -1,    +0,    +7,A
:BE,    -1,    +0,    +7,A
:BD,       -0.02,        +0.03,        +0.01,   4.62,  0.00
:SA,   +0.00,   +0.00,  0.00
:TS,04010101354941,35.0, +30.1,   0.0,1545.8,627
:BI,    +4,    +0,   +19,   -17,A
:BS,    +0,    -4,   +19,A
:BE,    +0,    -4,   +19,A
:BD,       -0.03,        +0.03,        +0.01,   4.62,  0.00
:SA,   +0.00,   +0.00,  0.00
:TS,04010101354950,35.0, +30.1,   0.0,1545.8,628
:BI,   -22,    +0,   +11,    +2,A
:BS,    +0,   +22,   +11,A
:BE,    +0,   +22,   +11,A
:BD,       -0.03,        +0.03,        +0.01,   4.62,  0.00
:SA,   +0.00,   +0.00,  0.00
:TS,04010101354960,35.0, +30.1,   0.0,1545.8,622
:BI,   -14,   -38,    +9,   -11,A
:BS,   -38,   +14,    +9,A
:BE,   -38,   +14,    +9,A
:BD,       -0.03,        +0.03,        +0.01,   4.60,  0.00
:SA,   +0.00,   +0.00,  0.00
:TS,04010101354969,35.0, +30.1,   0.0,1545.8,623
:BI,   -24,    +0,   +19,   -16,A
:BS,    +0,   +24,   +19,A
:BE,    +0,   +24,   +19,A
:BD,       -0.03,        +0.03,        +0.01,   4.62,  0.00
:SA,   +0.00,   +0.00,  0.00
:TS,04010101354981,35.0, +30.1,   0.0,1545.7,624
:BI,   -16,   -41,    +8,    +5,A
:BS,   -41,   +16,    +8,A
:BE,   -41,   +16,    +8,A
:BD,       -0.03,        +0.03,        +0.01,   4.64,  0.00
:SA,   +0.00,   +0.00,  0.00
:TS,04010101354991,35.0, +30.1,   0.0,1545.7,621
:BI,   -23,   -42,    +5,    +6,A
:BS,   -42,   +23,    +5,A
:BE,   -42,   +23,    +5,A
:BD,       -0.04,        +0.03,        +0.01,   4.65,  0.00
:SA,   +0.00,   +0.00,  0.00
:TS,04010101355000,35.0, +30.1,   0.0,1545.7,627
:BI,    +0,   -47,    -6,    -5,A
:BS,   -47,    +0,    -6,A
:BE,   -47,    +0,    -6,A
:BD,       -0.04,        +0.04,        +0.01,   4.65,  0.00
:SA,   +0.00,   +0.00,  0.00
:TS,04010101355009,35.0, +30.1,   0.0,1545.7,628
:BI,    +9,   -44,    +2,    +4,A
:BS,   -44,    -9,    +2,A
:BE,   -44,    -9,    +2,A
:BD,       -0.04,        +0.04,        +0.01,   4.60,  0.00
:SA,   +0.00,   +0.00,  0.00
:TS,04010101355018,35.0, +30.1,   0.0,1545.7,622
:BI,   -22,    +0,    +1,    -2,A
:BS,    +0,   +22,    +1,A
:BE,    +0,   +22,    +1,A
:BD,       -0.04,        +0.04,        +0.01,   4.60,  0.00
:SA,   +0.00,   +0.00,  0.00
:TS,04010101355027,35.0, +30.1,   0.0,1545.7,623
:BI,   -19,   -50,    -8,    +7,A
:BS,   -50,   +19,    -8,A
:BE,   -50,   +19,    -8,A
:BD,       -0.05,        +0.04,        +0.01,   4.60,  0.00
:SA,   +0.00,   +0.00,  0.00
:TS,04010101355036,35.0, +30.1,   0.0,1545.7,624
:BI,    +0,   -39,    -7,    -2,A
:BS,   -39,    +0,    -7,A
:BE,   -39,    +0,    -7,A
:BD,       -0.05,        +0.04,        +0.01,   4.64,  0.00
:SA,   +0.00,   +0.00,  0.00
:TS,04010101355045,35.0, +30.1,   0.0,1545.7,621
:BI,   -19,    +0,    +4,    -9,A
:BS,    +0,   +19,    +4,A
:BE,    +0,   +19,    +4,A
:BD,       -0.05,        +0.04,        +0.01,   4.64,  0.00
:SA,   +0.00,   +0.00,  0.00
:TS,04010101355054,35.0, +30.1,   0.0,1545.7,627
:BI,    -5,   -42,    -3,    +7,A
:BS,   -42,    +5,    -3,A
:BE,   -42,    +5,    -3,A
:BD,       -0.06,        +0.04,        +0.01,   4.60,  0.00
:SA,   +0.00,   +0.00,  0.00
:TS,04010101355063,35.0, +30.1,   0.0,1545.7,628
:BI,   -32,   -41,    -3,    +2,A
:BS,   -41,   +32,    -3,A
:BE,   -41,   +32,    -3,A
:BD,       -0.06,        +0.04,        +0.01,   4.62,  0.00
:SA,   +0.00,   +0.00,  0.00
:TS,04010101355072,35.0, +30.1,   0.0,1545.7,622
:BI,   -33,    -1,    +7,    -8,A
:BS,    -1,   +33,    +7,A
:BE,    -1,   +33,    +7,A
:BD,       -0.06,        +0.04,        +0.01,   4.64,  0.00
:SA,   +0.00,   +0.00,  0.00
:TS,04010101355081,35.0, +30.1,   0.0,1545.7,623
:BI,   -32,    -2,    -2,   -13,A
:BS,    -2,   +32,    -2,A
:BE,    -2,   +32,    -2,A
:BD,       -0.06,        +0.05,        +0.01,   4.64,  0.00
:SA,   +0.00,   +0.00,  0.00
:TS,04010101355090,35.0, +30.1,   0.0,1545.7,624
:BI,   -10,    +4,    -4,    +6,A
:BS,    +4,   +10,    -4,A
:BE,    +4,   +10,    -4,A
:BD,       -0.06,        +0.05,        +0.01,   4.65,  0.00
:SA,   +0.00,   +0.00,  0.00
:TS,04010101355102,35.0, +30.1,   0.0,1545.8,621
:BI,   +13,    -1,    -9,    +0,A
:BS,    -1,   -13,    -9,A
:BE,    -1,   -13,    -9,A
