>BP001
>BX00060
>EA09000
>ES35
>TE00:00:00.00
>TP00:00.00
>PD6
>CK
[Parameters saved as USER defaults]

>CS
:SA,   +0.00,   +0.00,  0.00
:TS,04010102581706,35.0, +21.0,   0.0,1524.2,621
:BI,-32768,-32768,-32768,-32768,V
:BS,-32768,-32768,-32768,V
:BE,-32768,-32768,-32768,V
:BD,        +0.00,        +0.00,        +0.00,   0.00,  0.00
:SA,   +0.00,   +0.00,  0.00
:TS,04010102581715,35.0, +21.0,   0.0,1524.2,627
:BI,-32768,-32768,-32768,-32768,V
:BS,-32768,-32768,-32768,V
:BE,-32768,-32768,-32768,V
:BD,        +0.00,        +0.00,        +0.00,   0.00,  0.09
:SA,   +0.00,   +0.00,  0.00
:TS,04010102581724,35.0, +21.0,   0.0,1524.2,628
:BI,-32768,-32768,-32768,-32768,V
:BS,-32768,-32768,-32768,V
:BE,-32768,-32768,-32768,V
:BD,        +0.00,        +0.00,        +0.00,   0.00,  0.18
:SA,   +0.00,   +0.00,  0.00
:TS,04010102581732,35.0, +21.0,   0.0,1524.2,622
:BI,-32768,-32768,-32768,-32768,V
:BS,-32768,-32768,-32768,V
:BE,-32768,-32768,-32768,V
:BD,        +0.00,        +0.00,        +0.00,   0.00,  0.26
:SA,   +0.00,   +0.00,  0.00
:TS,04010102581742,35.0, +21.0,   0.0,1524.2,623
:BI,-32768,-32768,-32768,-32768,V
:BS,-32768,-32768,-32768,V
:BE,-32768,-32768,-32768,V
:BD,        +0.00,        +0.00,        +0.00,   0.00,  0.36
:SA,   +0.00,   +0.00,  0.00
:TS,04010102581751,35.0, +21.0,   0.0,1524.2,624
:BI,-32768,-32768,-32768,-32768,V
:BS,-32768,-32768,-32768,V
:BE,-32768,-32768,-32768,V
:BD,        +0.00,        +0.00,        +0.00,   0.00,  0.45
:SA,   +0.00,   +0.00,  0.00
:TS,04010102581760,35.0, +21.0,   0.0,1524.2,621
:BI,-32768,-32768,-32768,-32768,V
:BS,-32768,-32768,-32768,V
:BE,-32768,-32768,-32768,V
:BD,        +0.00,        +0.00,        +0.00,   0.00,  0.54
:SA,   +0.00,   +0.00,  0.00
:TS,04010102581769,35.0, +21.0,   0.0,1524.2,627
:BI,-32768,-32768,-32768,-32768,V
:BS,-32768,-32768,-32768,V
:BE,-32768,-32768,-32768,V
:BD,        +0.00,        +0.00,        +0.00,   0.00,  0.63
:SA,   +0.00,   +0.00,  0.00
:TS,04010102581779,35.0, +21.0,   0.0,1524.2,628
:BI,-32768,-32768,-32768,-32768,V
:BS,-32768,-32768,-32768,V
:BE,-32768,-32768,-32768,V
:BD,        +0.00,        +0.00,        +0.00,   0.00,  0.73
:SA,   +0.00,   +0.00,  0.00
:TS,04010102581789,35.0, +21.0,   0.0,1524.2,622
:BI,-32768,-32768,-32768,-32768,V
:BS,-32768,-32768,-32768,V
:BE,-32768,-32768,-32768,V
:BD,        +0.00,        +0.00,        +0.00,   0.00,  0.83
:SA,   +0.00,   +0.00,  0.00
:TS,04010102581798,35.0, +21.0,   0.0,1524.2,623
:BI,-32768,-32768,-32768,-32768,V
:BS,-32768,-32768,-32768,V
:BE,-32768,-32768,-32768,V
:BD,        +0.00,        +0.00,        +0.00,   0.00,  0.92
:SA,   +0.00,   +0.00,  0.00
:TS,04010102581810,35.0, +20.5,   0.0,1522.9,624
:BI,-32768,-32768,-32768,-32768,V
:BS,-32768,-32768,-32768,V
:BE,-32768,-32768,-32768,V
:BD,        +0.00,        +0.00,        +0.00,   0.00,  1.04
:SA,   +0.00,   +0.00,  0.00
:TS,04010102581820,35.0, +20.5,   0.0,1522.9,621
:BI,-32768,-32768,-32768,-32768,V
:BS,-32768,-32768,-32768,V
:BE,-32768,-32768,-32768,V
:BD,        +0.00,        +0.00,        +0.00,   0.00,  1.14
:SA,   +0.00,   +0.00,  0.00
:TS,04010102581828,35.0, +20.5,   0.0,1522.9,627
:BI,-32768,-32768,-32768,-32768,V
:BS,-32768,-32768,-32768,V
:BE,-32768,-32768,-32768,V
:BD,        +0.00,        +0.00,        +0.00,   0.00,  1.22
:SA,   +0.00,   +0.00,  0.00
:TS,04010102581838,35.0, +20.5,   0.0,1522.9,628
:BI,-32768,-32768,-32768,-32768,V
:BS,-32768,-32768,-32768,V
:BE,-32768,-32768,-32768,V
:BD,        +0.00,        +0.00,        +0.00,   0.00,  1.32
:SA,   +0.00,   +0.00,  0.00
:TS,04010102581848,35.0, +20.5,   0.0,1522.9,622
:BI,-32768,-32768,-32768,-32768,V
:BS,-32768,-32768,-32768,V
:BE,-32768,-32768,-32768,V
:BD,        +0.00,        +0.00,        +0.00,   0.00,  1.42
:SA,   +0.00,   +0.00,  0.00
:TS,04010102581856,35.0, +20.5,   0.0,1522.9,623
:BI,-32768,-32768,-32768,-32768,V
:BS,-32768,-32768,-32768,V
:BE,-32768,-32768,-32768,V
:BD,        +0.00,        +0.00,        +0.00,   0.00,  1.50
:SA,   +0.00,   +0.00,  0.00
:TS,04010102581865,35.0, +20.5,   0.0,1522.9,624
:BI,-32768,-32768,-32768,-32768,V
:BS,-32768,-32768,-32768,V
:BE,-32768,-32768,-32768,V
:BD,        +0.00,        +0.00,        +0.00,   0.00,  1.59
:SA,   +0.00,   +0.00,  0.00
:TS,04010102581875,35.0, +20.5,   0.0,1522.9,621
:BI,-32768,-32768,-32768,-32768,V
:BS,-32768,-32768,-32768,V
:BE,-32768,-32768,-32768,V
:BD,        +0.00,        +0.00,        +0.00,   0.00,  1.69
:SA,   +0.00,   +0.00,  0.00
:TS,04010102581885,35.0, +20.5,   0.0,1522.9,627
:BI,-32768,-32768,-32768,-32768,V
:BS,-32768,-32768,-32768,V
:BE,-32768,-32768,-32768,V
:BD,        +0.00,        +0.00,        +0.00,   0.00,  1.79
:SA,   +0.00,   +0.00,  0.00
:TS,04010102581895,35.0, +20.5,   0.0,1522.9,628
:BI,-32768,-32768,-32768,-32768,V
:BS,-32768,-32768,-32768,V
:BE,-32768,-32768,-32768,V
:BD,        +0.00,        +0.00,        +0.00,   0.00,  1.89
:SA,   +0.00,   +0.00,  0.00
:TS,04010102581903,35.0, +20.5,   0.0,1522.9,622
:BI,-32768,-32768,-32768,-32768,V
:BS,-32768,-32768,-32768,V
:BE,-32768,-32768,-32768,V
:BD,        +0.00,        +0.00,        +0.00,   0.00,  1.97
:SA,   +0.00,   +0.00,  0.00
:TS,04010102581912,35.0, +20.5,   0.0,1522.9,623
:BI,-32768,-32768,-32768,-32768,V
:BS,-32768,-32768,-32768,V
:BE,-32768,-32768,-32768,V
:BD,        +0.00,        +0.00,        +0.00,   0.00,  2.06
:SA,   +0.00,   +0.00,  0.00
:TS,04010102581924,35.0, +20.5,   0.0,1522.9,624
:BI,-32768,-32768,-32768,-32768,V
:BS,-32768,-32768,-32768,V
:BE,-32768,-32768,-32768,V
:BD,        +0.00,        +0.00,        +0.00,   0.00,  2.18
:SA,   +0.00,   +0.00,  0.00
:TS,04010102581936,35.0, +20.5,   0.0,1522.9,621
:BI,-32768,-32768,-32768,-32768,V
:BS,-32768,-32768,-32768,V
:BE,-32768,-32768,-32768,V
:BD,        +0.00,        +0.00,        +0.00,   0.00,  2.30
:SA,   +0.00,   +0.00,  0.00
:TS,04010102581944,35.0, +20.5,   0.0,1522.9,627
:BI,-32768,-32768,-32768,-32768,V
:BS,-32768,-32768,-32768,V
:BE,-32768,-32768,-32768,V
:BD,        +0.00,        +0.00,        +0.00,   0.00,  2.38
:SA,   +0.00,   +0.00,  0.00
:TS,04010102581953,35.0, +20.5,   0.0,1522.9,628
:BI,-32768,-32768,-32768,-32768,V
:BS,-32768,-32768,-32768,V
:BE,-32768,-32768,-32768,V
:BD,        +0.00,        +0.00,        +0.00,   0.00,  2.47
:SA,   +0.00,   +0.00,  0.00
:TS,04010102581963,35.0, +20.5,   0.0,1522.9,622
:BI,-32768,-32768,-32768,-32768,V
:BS,-32768,-32768,-32768,V
:BE,-32768,-32768,-32768,V
:BD,        +0.00,        +0.00,        +0.00,   0.00,  2.57
:SA,   +0.00,   +0.00,  0.00
:TS,04010102581972,35.0, +20.5,   0.0,1522.9,623
:BI,-32768,-32768,-32768,-32768,V
:BS,-32768,-32768,-32768,V
:BE,-32768,-32768,-32768,V
:BD,        +0.00,        +0.00,        +0.00,   0.00,  2.66
:SA,   +0.00,   +0.00,  0.00
:TS,04010102581983,35.0, +20.5,   0.0,1522.9,624
:BI,-32768,-32768,-32768,-32768,V
:BS,-32768,-32768,-32768,V
:BE,-32768,-32768,-32768,V
:BD,        +0.00,        +0.00,        +0.00,   0.00,  2.77
:SA,   +0.00,   +0.00,  0.00
:TS,04010102581991,35.0, +20.5,   0.0,1522.9,621
:BI,-32768,-32768,-32768,-32768,V
:BS,-32768,-32768,-32768,V
:BE,-32768,-32768,-32768,V
:BD,        +0.00,        +0.00,        +0.00,   0.00,  2.85
:SA,   +0.00,   +0.00,  0.00
:TS,04010102582000,35.0, +20.5,   0.0,1522.9,627
:BI,-32768,-32768,-32768,-32768,V
:BS,-32768,-32768,-32768,V
:BE,-32768,-32768,-32768,V
:BD,        +0.00,        +0.00,        +0.00,   0.00,  2.94
:SA,   +0.00,   +0.00,  0.00
:TS,04010102582010,35.0, +20.5,   0.0,1522.9,628
:BI,-32768,-32768,-32768,-32768,V
:BS,-32768,-32768,-32768,V
:BE,-32768,-32768,-32768,V
:BD,        +0.00,        +0.00,        +0.00,   0.00,  3.04
:SA,   +0.00,   +0.00,  0.00
:TS,04010102582019,35.0, +20.5,   0.0,1522.9,622
:BI,-32768,-32768,-32768,-32768,V
:BS,-32768,-32768,-32768,V
:BE,-32768,-32768,-32768,V
:BD,        +0.00,        +0.00,        +0.00,   0.00,  3.13
:SA,   +0.00,   +0.00,  0.00
:TS,04010102582030,35.0, +20.5,   0.0,1522.9,623
:BI,-32768,-32768,-32768,-32768,V
:BS,-32768,-32768,-32768,V
:BE,-32768,-32768,-32768,V
:BD,        +0.00,        +0.00,        +0.00,   0.00,  3.24
:SA,   +0.00,   +0.00,  0.00
:TS,04010102582041,35.0, +20.5,   0.0,1522.9,624
:BI,-32768,-32768,-32768,-32768,V
:BS,-32768,-32768,-32768,V
:BE,-32768,-32768,-32768,V
:BD,        +0.00,        +0.00,        +0.00,   0.00,  3.35
:SA,   +0.00,   +0.00,  0.00
:TS,04010102582051,35.0, +20.5,   0.0,1522.9,621
:BI,-32768,-32768,-32768,-32768,V
:BS,-32768,-32768,-32768,V
:BE,-32768,-32768,-32768,V
:BD,        +0.00,        +0.00,        +0.00,   0.00,  3.45
:SA,   +0.00,   +0.00,  0.00
:TS,04010102582059,35.0, +20.5,   0.0,1522.9,627
:BI,-32768,-32768,-32768,-32768,V
:BS,-32768,-32768,-32768,V
:BE,-32768,-32768,-32768,V
:BD,        +0.00,        +0.00,        +0.00,   0.00,  3.53
:SA,   +0.00,   +0.00,  0.00
:TS,04010102582068,35.0, +20.5,   0.0,1522.9,628
:BI,-32768,-32768,-32768,-32768,V
:BS,-32768,-32768,-32768,V
:BE,-32768,-32768,-32768,V
:BD,        +0.00,        +0.00,        +0.00,   0.00,  3.62
:SA,   +0.00,   +0.00,  0.00
:TS,04010102582078,35.0, +20.5,   0.0,1522.9,622
:BI,-32768,-32768,-32768,-32768,V
:BS,-32768,-32768,-32768,V
:BE,-32768,-32768,-32768,V
:BD,        +0.00,        +0.00,        +0.00,   0.00,  3.72
:SA,   +0.00,   +0.00,  0.00
:TS,04010102582087,35.0, +20.5,   0.0,1522.9,623
:BI,-32768,-32768,-32768,-32768,V
:BS,-32768,-32768,-32768,V
:BE,-32768,-32768,-32768,V
:BD,        +0.00,        +0.00,        +0.00,   0.00,  3.81
:SA,   +0.00,   +0.00,  0.00
:TS,04010102582096,35.0, +20.5,   0.0,1522.9,624
:BI,-32768,-32768,-32768,-32768,V
:BS,-32768,-32768,-32768,V
:BE,-32768,-32768,-32768,V
:BD,        +0.00,        +0.00,        +0.00,   0.00,  3.90
:SA,   +0.00,   +0.00,  0.00
:TS,04010102582106,35.0, +20.5,   0.0,1522.9,621
:BI,-32768,-32768,-32768,-32768,V
:BS,-32768,-32768,-32768,V
:BE,-32768,-32768,-32768,V
:BD,        +0.00,        +0.00,        +0.00,   0.00,  4.00
:SA,   +0.00,   +0.00,  0.00
:TS,04010102582115,35.0, +20.5,   0.0,1522.9,627
:BI,-32768,-32768,-32768,-32768,V
:BS,-32768,-32768,-32768,V
:BE,-32768,-32768,-32768,V
:BD,        +0.00,        +0.00,        +0.00,   0.00,  4.09
:SA,   +0.00,   +0.00,  0.00
:TS,04010102582126,35.0, +20.5,   0.0,1522.9,628
:BI,-32768,-32768,-32768,-32768,V
:BS,-32768,-32768,-32768,V
:BE,-32768,-32768,-32768,V
:BD,        +0.00,        +0.00,        +0.00,   0.00,  4.20
:SA,   +0.00,   +0.00,  0.00
:TS,04010102582134,35.0, +20.5,   0.0,1522.9,622
:BI,-32768,-32768,-32768,-32768,V
:BS,-32768,-32768,-32768,V
:BE,-32768,-32768,-32768,V
:BD,        +0.00,        +0.00,        +0.00,   0.00,  4.28
:SA,   +0.00,   +0.00,  0.00
:TS,04010102582143,35.0, +20.5,   0.0,1522.9,623
:BI,-32768,-32768,-32768,-32768,V
:BS,-32768,-32768,-32768,V
:BE,-32768,-32768,-32768,V
:BD,        +0.00,        +0.00,        +0.00,   0.00,  4.37
:SA,   +0.00,   +0.00,  0.00
:TS,04010102582155,35.0, +20.5,   0.0,1522.9,624
:BI,-32768,-32768,-32768,-32768,V
:BS,-32768,-32768,-32768,V
:BE,-32768,-32768,-32768,V
:BD,        +0.00,        +0.00,        +0.00,   0.00,  4.49
:SA,   +0.00,   +0.00,  0.00
:TS,04010102582165,35.0, +20.5,   0.0,1522.9,621
:BI,-32768,-32768,-32768,-32768,V
:BS,-32768,-32768,-32768,V
:BE,-32768,-32768,-32768,V
:BD,        +0.00,        +0.00,        +0.00,   0.00,  4.59
:SA,   +0.00,   +0.00,  0.00
:TS,04010102582175,35.0, +20.5,   0.0,1522.9,627
:BI,-32768,-32768,-32768,-32768,V
:BS,-32768,-32768,-32768,V
:BE,-32768,-32768,-32768,V
:BD,        +0.00,        +0.00,        +0.00,   0.00,  4.69
:SA,   +0.00,   +0.00,  0.00
:TS,04010102582184,35.0, +20.5,   0.0,1522.9,628
:BI,-32768,-32768,-32768,-32768,V
:BS,-32768,-32768,-32768,V
:BE,-32768,-32768,-32768,V
:BD,        +0.00,        +0.00,        +0.00,   0.00,  4.78
:SA,   +0.00,   +0.00,  0.00
:TS,04010102582193,35.0, +20.5,   0.0,1522.9,622
:BI,-32768,-32768,-32768,-32768,V
:BS,-32768,-32768,-32768,V
:BE,-32768,-32768,-32768,V
:BD,        +0.00,        +0.00,        +0.00,   0.00,  4.87
:SA,   +0.00,   +0.00,  0.00
:TS,04010102582202,35.0, +20.5,   0.0,1522.9,623
:BI,-32768,-32768,-32768,-32768,V
:BS,-32768,-32768,-32768,V
:BE,-32768,-32768,-32768,V
:BD,        +0.00,        +0.00,        +0.00,   0.00,  4.96
:SA,   +0.00,   +0.00,  0.00
:TS,04010102582211,35.0, +20.5,   0.0,1522.9,624
:BI,-32768,-32768,-32768,-32768,V
:BS,-32768,-32768,-32768,V
:BE,-32768,-32768,-32768,V
:BD,        +0.00,        +0.00,        +0.00,   0.00,  5.05
:SA,   +0.00,   +0.00,  0.00
:TS,04010102582222,35.0, +20.5,   0.0,1522.9,621
:BI,-32768,-32768,-32768,-32768,V
:BS,-32768,-32768,-32768,V
:BE,-32768,-32768,-32768,V
:BD,        +0.00,        +0.00,        +0.00,   0.00,  5.16
:SA,   +0.00,   +0.00,  0.00
:TS,04010102582230,35.0, +20.5,   0.0,1522.9,627
:BI,-32768,-32768,-32768,-32768,V
:BS,-32768,-32768,-32768,V
:BE,-32768,-32768,-32768,V
:BD,        +0.00,        +0.00,        +0.00,   0.00,  5.24
:SA,   +0.00,   +0.00,  0.00
:TS,04010102582239,35.0, +20.5,   0.0,1522.9,628
:BI,-32768,-32768,-32768,-32768,V
:BS,-32768,-32768,-32768,V
:BE,-32768,-32768,-32768,V
:BD,        +0.00,        +0.00,        +0.00,   0.00,  5.33
:SA,   +0.00,   +0.00,  0.00
:TS,04010102582249,35.0, +20.5,   0.0,1522.9,622
:BI,-32768,-32768,-32768,-32768,V
:BS,-32768,-32768,-32768,V
:BE,-32768,-32768,-32768,V
:BD,        +0.00,        +0.00,        +0.00,   0.00,  5.43
:SA,   +0.00,   +0.00,  0.00
:TS,04010102582258,35.0, +20.5,   0.0,1522.9,623
:BI,-32768,-32768,-32768,-32768,V
:BS,-32768,-32768,-32768,V
:BE,-32768,-32768,-32768,V
:BD,        +0.00,        +0.00,        +0.00,   0.00,  5.52
:SA,   +0.00,   +0.00,  0.00
:TS,04010102582271,35.0, +20.5,   0.0,1522.9,624
:BI,-32768,-32768,-32768,-32768,V
:BS,-32768,-32768,-32768,V
:BE,-32768,-32768,-32768,V
:BD,        +0.00,        +0.00,        +0.00,   0.00,  5.65
:SA,   +0.00,   +0.00,  0.00
:TS,04010102582281,35.0, +20.5,   0.0,1522.9,621
:BI,-32768,-32768,-32768,-32768,V
:BS,-32768,-32768,-32768,V
:BE,-32768,-32768,-32768,V
:BD,        +0.00,        +0.00,        +0.00,   0.00,  5.75
:SA,   +0.00,   +0.00,  0.00
:TS,04010102582290,35.0, +20.5,   0.0,1522.9,627
:BI,-32768,-32768,-32768,-32768,V
:BS,-32768,-32768,-32768,V
:BE,-32768,-32768,-32768,V
:BD,        +0.00,        +0.00,        +0.00,   0.00,  5.84
:SA,   +0.00,   +0.00,  0.00
:TS,04010102582299,35.0, +20.5,   0.0,1522.9,628
:BI,-32768,-32768,-32768,-32768,V
:BS,-32768,-32768,-32768,V
:BE,-32768,-32768,-32768,V
:BD,        +0.00,        +0.00,        +0.00,   0.00,  5.93
:SA,   +0.00,   +0.00,  0.00
:TS,04010102582307,35.0, +20.5,   0.0,1522.9,622
:BI,-32768,-32768,-32768,-32768,V
:BS,-32768,-32768,-32768,V
:BE,-32768,-32768,-32768,V
:BD,        +0.00,        +0.00,        +0.00,   0.00,  6.01
:SA,   +0.00,   +0.00,  0.00
:TS,04010102582318,35.0, +20.5,   0.0,1522.9,623
:BI,-32768,-32768,-32768,-32768,V
:BS,-32768,-32768,-32768,V
:BE,-32768,-32768,-32768,V
:BD,        +0.00,        +0.00,        +0.00,   0.00,  6.12
:SA,   +0.00,   +0.00,  0.00
:TS,04010102582326,35.0, +20.5,   0.0,1522.9,624
:BI,-32768,-32768,-32768,-32768,V
:BS,-32768,-32768,-32768,V
:BE,-32768,-32768,-32768,V
:BD,        +0.00,        +0.00,        +0.00,   0.00,  6.20
:SA,   +0.00,   +0.00,  0.00
:TS,04010102582335,35.0, +20.5,   0.0,1522.9,621
:BI,-32768,-32768,-32768,-32768,V
:BS,-32768,-32768,-32768,V
:BE,-32768,-32768,-32768,V
:BD,        +0.00,        +0.00,        +0.00,   0.00,  6.29
:SA,   +0.00,   +0.00,  0.00
:TS,04010102582345,35.0, +20.5,   0.0,1522.9,627
:BI,-32768,-32768,-32768,-32768,V
:BS,-32768,-32768,-32768,V
:BE,-32768,-32768,-32768,V
:BD,        +0.00,        +0.00,        +0.00,   0.00,  6.39
:SA,   +0.00,   +0.00,  0.00
:TS,04010102582354,35.0, +20.5,   0.0,1522.9,628
:BI,-32768,-32768,-32768,-32768,V
:BS,-32768,-32768,-32768,V
:BE,-32768,-32768,-32768,V
:BD,        +0.00,        +0.00,        +0.00,   0.00,  6.48
:SA,   +0.00,   +0.00,  0.00
:TS,04010102582365,35.0, +20.5,   0.0,1522.9,622
:BI,-32768,-32768,-32768,-32768,V
:BS,-32768,-32768,-32768,V
:BE,-32768,-32768,-32768,V
:BD,        +0.00,        +0.00,        +0.00,   0.00,  6.59
:SA,   +0.00,   +0.00,  0.00
:TS,04010102582373,35.0, +20.5,   0.0,1522.9,623
:BI,-32768,-32768,-32768,-32768,V
:BS,-32768,-32768,-32768,V
:BE,-32768,-32768,-32768,V
:BD,        +0.00,        +0.00,        +0.00,   0.00,  6.67
:SA,   +0.00,   +0.00,  0.00
:TS,04010102582385,35.0, +20.5,   0.0,1522.9,624
:BI,-32768,-32768,-32768,-32768,V
:BS,-32768,-32768,-32768,V
:BE,-32768,-32768,-32768,V
:BD,        +0.00,        +0.00,        +0.00,   0.00,  6.79
:SA,   +0.00,   +0.00,  0.00
:TS,04010102582395,35.0, +20.5,   0.0,1522.9,621
:BI,-32768,-32768,-32768,-32768,V
:BS,-32768,-32768,-32768,V
:BE,-32768,-32768,-32768,V
:BD,        +0.00,        +0.00,        +0.00,   0.00,  6.89
:SA,   +0.00,   +0.00,  0.00
:TS,04010102582403,35.0, +20.5,   0.0,1522.9,627
:BI,-32768,-32768,-32768,-32768,V
:BS,-32768,-32768,-32768,V
:BE,-32768,-32768,-32768,V
:BD,        +0.00,        +0.00,        +0.00,   0.00,  6.97
:SA,   +0.00,   +0.00,  0.00
:TS,04010102582413,35.0, +20.5,   0.0,1522.9,628
:BI,-32768,-32768,-32768,-32768,V
:BS,-32768,-32768,-32768,V
:BE,-32768,-32768,-32768,V
:BD,        +0.00,        +0.00,        +0.00,   0.00,  7.07
:SA,   +0.00,   +0.00,  0.00
:TS,04010102582422,35.0, +20.5,   0.0,1522.9,622
:BI,-32768,-32768,-32768,-32768,V
:BS,-32768,-32768,-32768,V
:BE,-32768,-32768,-32768,V
:BD,        +0.00,        +0.00,        +0.00,   0.00,  7.16
:SA,   +0.00,   +0.00,  0.00
:TS,04010102582431,35.0, +20.5,   0.0,1522.9,623
:BI,-32768,-32768,-32768,-32768,V
:BS,-32768,-32768,-32768,V
:BE,-32768,-32768,-32768,V
:BD,        +0.00,        +0.00,        +0.00,   0.00,  7.25
:SA,   +0.00,   +0.00,  0.00
:TS,04010102582440,35.0, +20.5,   0.0,1522.9,624
:BI,-32768,-32768,-32768,-32768,V
:BS,-32768,-32768,-32768,V
:BE,-32768,-32768,-32768,V
:BD,        +0.00,        +0.00,        +0.00,   0.00,  7.34
:SA,   +0.00,   +0.00,  0.00
:TS,04010102582450,35.0, +20.5,   0.0,1522.9,621
:BI,-32768,-32768,-32768,-32768,V
:BS,-32768,-32768,-32768,V
:BE,-32768,-32768,-32768,V
:BD,        +0.00,        +0.00,        +0.00,   0.00,  7.44
:SA,   +0.00,   +0.00,  0.00
:TS,04010102582461,35.0, +20.5,   0.0,1522.9,627
:BI,-32768,-32768,-32768,-32768,V
:BS,-32768,-32768,-32768,V
:BE,-32768,-32768,-32768,V
:BD,        +0.00,        +0.00,        +0.00,   0.00,  7.55
:SA,   +0.00,   +0.00,  0.00
:TS,04010102582469,35.0, +20.5,   0.0,1522.9,628
:BI,-32768,-32768,-32768,-32768,V
:BS,-32768,-32768,-32768,V
:BE,-32768,-32768,-32768,V
:BD,        +0.00,        +0.00,        +0.00,   0.00,  7.63
:SA,   +0.00,   +0.00,  0.00
:TS,04010102582478,35.0, +20.5,   0.0,1522.9,622
:BI,-32768,-32768,-32768,-32768,V
:BS,-32768,-32768,-32768,V
:BE,-32768,-32768,-32768,V
:BD,        +0.00,        +0.00,        +0.00,   0.00,  7.72
:SA,   +0.00,   +0.00,  0.00
:TS,04010102582488,35.0, +20.5,   0.0,1522.9,623
:BI,-32768,-32768,-32768,-32768,V
:BS,-32768,-32768,-32768,V
:BE,-32768,-32768,-32768,V
:BD,        +0.00,        +0.00,        +0.00,   0.00,  7.82
:SA,   +0.00,   +0.00,  0.00
:TS,04010102582499,35.0, +20.5,   0.0,1522.9,624
:BI,-32768,-32768,-32768,-32768,V
:BS,-32768,-32768,-32768,V
:BE,-32768,-32768,-32768,V
:BD,        +0.00,        +0.00,        +0.00,   0.00,  7.93
:SA,   +0.00,   +0.00,  0.00
:TS,04010102582511,35.0, +20.5,   0.0,1522.9,621
:BI,-32768,-32768,-32768,-32768,V
:BS,-32768,-32768,-32768,V
:BE,-32768,-32768,-32768,V
:BD,        +0.00,        +0.00,        +0.00,   0.00,  8.05
:SA,   +0.00,   +0.00,  0.00
:TS,04010102582520,35.0, +20.5,   0.0,1522.9,627
:BI,-32768,-32768,-32768,-32768,V
:BS,-32768,-32768,-32768,V
:BE,-32768,-32768,-32768,V
:BD,        +0.00,        +0.00,        +0.00,   0.00,  8.14
:SA,   +0.00,   +0.00,  0.00
:TS,04010102582529,35.0, +20.5,   0.0,1522.9,628
:BI,-32768,-32768,-32768,-32768,V
:BS,-32768,-32768,-32768,V
:BE,-32768,-32768,-32768,V
:BD,        +0.00,        +0.00,        +0.00,   0.00,  8.23
:SA,   +0.00,   +0.00,  0.00
:TS,04010102582538,35.0, +20.5,   0.0,1522.9,622
:BI,-32768,-32768,-32768,-32768,V
:BS,-32768,-32768,-32768,V
:BE,-32768,-32768,-32768,V
:BD,        +0.00,        +0.00,        +0.00,   0.00,  8.32
:SA,   +0.00,   +0.00,  0.00
:TS,04010102582546,35.0, +20.5,   0.0,1522.9,623
:BI,-32768,-32768,-32768,-32768,V
:BS,-32768,-32768,-32768,V
:BE,-32768,-32768,-32768,V
:BD,        +0.00,        +0.00,        +0.00,   0.00,  8.40
:SA,   +0.00,   +0.00,  0.00
:TS,04010102582557,35.0, +20.5,   0.0,1522.9,624
:BI,-32768,-32768,-32768,-32768,V
:BS,-32768,-32768,-32768,V
:BE,-32768,-32768,-32768,V
:BD,        +0.00,        +0.00,        +0.00,   0.00,  8.51
:SA,   +0.00,   +0.00,  0.00
:TS,04010102582565,35.0, +20.5,   0.0,1522.9,621
:BI,-32768,-32768,-32768,-32768,V
:BS,-32768,-32768,-32768,V
:BE,-32768,-32768,-32768,V
:BD,        +0.00,        +0.00,        +0.00,   0.00,  8.59
:SA,   +0.00,   +0.00,  0.00
:TS,04010102582574,35.0, +20.5,   0.0,1522.9,627
:BI,-32768,-32768,-32768,-32768,V
:BS,-32768,-32768,-32768,V
:BE,-32768,-32768,-32768,V
:BD,        +0.00,        +0.00,        +0.00,   0.00,  8.68
:SA,   +0.00,   +0.00,  0.00
:TS,04010102582584,35.0, +20.5,   0.0,1522.9,628
:BI,-32768,-32768,-32768,-32768,V
:BS,-32768,-32768,-32768,V
:BE,-32768,-32768,-32768,V
:BD,        +0.00,        +0.00,        +0.00,   0.00,  8.78
:SA,   +0.00,   +0.00,  0.00
:TS,04010102582593,35.0, +20.5,   0.0,1522.9,622
:BI,-32768,-32768,-32768,-32768,V
:BS,-32768,-32768,-32768,V
:BE,-32768,-32768,-32768,V
:BD,        +0.00,        +0.00,        +0.00,   0.00,  8.87
:SA,   +0.00,   +0.00,  0.00
:TS,04010102582604,35.0, +20.5,   0.0,1522.9,623
:BI,-32768,-32768,-32768,-32768,V
:BS,-32768,-32768,-32768,V
:BE,-32768,-32768,-32768,V
:BD,        +0.00,        +0.00,        +0.00,   0.00,  8.98
:SA,   +0.00,   +0.00,  0.00
:TS,04010102582614,35.0, +20.5,   0.0,1522.9,624
:BI,-32768,-32768,-32768,-32768,V
:BS,-32768,-32768,-32768,V
:BE,-32768,-32768,-32768,V
:BD,        +0.00,        +0.00,        +0.00,   0.00,  9.08
:SA,   +0.00,   +0.00,  0.00
:TS,04010102582625,35.0, +20.5,   0.0,1522.9,621
:BI,-32768,-32768,-32768,-32768,V
:BS,-32768,-32768,-32768,V
:BE,-32768,-32768,-32768,V
:BD,        +0.00,        +0.00,        +0.00,   0.00,  9.19
:SA,   +0.00,   +0.00,  0.00
:TS,04010102582633,35.0, +20.5,   0.0,1522.9,627
:BI,-32768,-32768,-32768,-32768,V
:BS,-32768,-32768,-32768,V
:BE,-32768,-32768,-32768,V
:BD,        +0.00,        +0.00,        +0.00,   0.00,  9.27
:SA,   +0.00,   +0.00,  0.00
:TS,04010102582642,35.0, +20.5,   0.0,1522.9,628
:BI,-32768,-32768,-32768,-32768,V
:BS,-32768,-32768,-32768,V
:BE,-32768,-32768,-32768,V
:BD,        +0.00,        +0.00,        +0.00,   0.00,  9.36
:SA,   +0.00,   +0.00,  0.00
:TS,04010102582652,35.0, +20.5,   0.0,1522.9,622
:BI,-32768,-32768,-32768,-32768,V
:BS,-32768,-32768,-32768,V
:BE,-32768,-32768,-32768,V
:BD,        +0.00,        +0.00,        +0.00,   0.00,  9.46
:SA,   +0.00,   +0.00,  0.00
:TS,04010102582661,35.0, +20.5,   0.0,1522.9,623
:BI,-32768,-32768,-32768,-32768,V
:BS,-32768,-32768,-32768,V
:BE,-32768,-32768,-32768,V
:BD,        +0.00,        +0.00,        +0.00,   0.00,  9.55
:SA,   +0.00,   +0.00,  0.00
:TS,04010102582670,35.0, +20.5,   0.0,1522.9,624
:BI,-32768,-32768,-32768,-32768,V
:BS,-32768,-32768,-32768,V
:BE,-32768,-32768,-32768,V
:BD,        +0.00,        +0.00,        +0.00,   0.00,  9.64
:SA,   +0.00,   +0.00,  0.00
:TS,04010102582680,35.0, +20.5,   0.0,1522.9,621
:BI,-32768,-32768,-32768,-32768,V
:BS,-32768,-32768,-32768,V
:BE,-32768,-32768,-32768,V
:BD,        +0.00,        +0.00,        +0.00,   0.00,  9.74
:SA,   +0.00,   +0.00,  0.00
:TS,04010102582689,35.0, +20.5,   0.0,1522.9,627
:BI,-32768,-32768,-32768,-32768,V
:BS,-32768,-32768,-32768,V
:BE,-32768,-32768,-32768,V
:BD,        +0.00,        +0.00,        +0.00,   0.00,  9.83
:SA,   +0.00,   +0.00,  0.00
:TS,04010102582700,35.0, +20.5,   0.0,1522.9,628
:BI,-32768,-32768,-32768,-32768,V
:BS,-32768,-32768,-32768,V
:BE,-32768,-32768,-32768,V
:BD,        +0.00,        +0.00,        +0.00,   0.00,  9.94
:SA,   +0.00,   +0.00,  0.00
:TS,04010102582708,35.0, +20.5,   0.0,1522.9,622
:BI,-32768,-32768,-32768,-32768,V
:BS,-32768,-32768,-32768,V
:BE,-32768,-32768,-32768,V
:BD,        +0.00,        +0.00,        +0.00,   0.00, 10.02
:SA,   +0.00,   +0.00,  0.00
:TS,04010102582717,35.0, +20.5,   0.0,1522.9,623
:BI,-32768,-32768,-32768,-32768,V
:BS,-32768,-32768,-32768,V
:BE,-32768,-32768,-32768,V
:BD,        +0.00,        +0.00,        +0.00,   0.00, 10.11
:SA,   +0.00,   +0.00,  0.00
:TS,04010102582729,35.0, +20.5,   0.0,1522.9,624
:BI,-32768,-32768,-32768,-32768,V
:BS,-32768,-32768,-32768,V
:BE,-32768,-32768,-32768,V
:BD,        +0.00,        +0.00,        +0.00,   0.00, 10.23
:SA,   +0.00,   +0.00,  0.00
:TS,04010102582739,35.0, +20.5,   0.0,1522.9,621
:BI,-32768,-32768,-32768,-32768,V
:BS,-32768,-32768,-32768,V
:BE,-32768,-32768,-32768,V
:BD,        +0.00,        +0.00,        +0.00,   0.00, 10.33
:SA,   +0.00,   +0.00,  0.00
:TS,04010102582749,35.0, +20.5,   0.0,1522.9,627
:BI,-32768,-32768,-32768,-32768,V
:BS,-32768,-32768,-32768,V
:BE,-32768,-32768,-32768,V
:BD,        +0.00,        +0.00,        +0.00,   0.00, 10.43
:SA,   +0.00,   +0.00,  0.00
:TS,04010102582758,35.0, +20.5,   0.0,1522.9,628
:BI,-32768,-32768,-32768,-32768,V
:BS,-32768,-32768,-32768,V
:BE,-32768,-32768,-32768,V
:BD,        +0.00,        +0.00,        +0.00,   0.00, 10.52
:SA,   +0.00,   +0.00,  0.00
:TS,04010102582767,35.0, +20.5,   0.0,1522.9,622
:BI,-32768,-32768,-32768,-32768,V
:BS,-32768,-32768,-32768,V
:BE,-32768,-32768,-32768,V
:BD,        +0.00,        +0.00,        +0.00,   0.00, 10.61
:SA,   +0.00,   +0.00,  0.00
:TS,04010102582776,35.0, +20.5,   0.0,1522.9,623
:BI,-32768,-32768,-32768,-32768,V
:BS,-32768,-32768,-32768,V
:BE,-32768,-32768,-32768,V
:BD,        +0.00,        +0.00,        +0.00,   0.00, 10.70
:SA,   +0.00,   +0.00,  0.00
:TS,04010102582785,35.0, +20.5,   0.0,1522.9,624
:BI,-32768,-32768,-32768,-32768,V
:BS,-32768,-32768,-32768,V
:BE,-32768,-32768,-32768,V
:BD,        +0.00,        +0.00,        +0.00,   0.00, 10.79
:SA,   +0.00,   +0.00,  0.00
:TS,04010102582796,35.0, +20.5,   0.0,1522.9,621
:BI,-32768,-32768,-32768,-32768,V
:BS,-32768,-32768,-32768,V
:BE,-32768,-32768,-32768,V
:BD,        +0.00,        +0.00,        +0.00,   0.00, 10.90
:SA,   +0.00,   +0.00,  0.00
:TS,04010102582804,35.0, +20.5,   0.0,1522.9,627
:BI,-32768,-32768,-32768,-32768,V
:BS,-32768,-32768,-32768,V
:BE,-32768,-32768,-32768,V
:BD,        +0.00,        +0.00,        +0.00,   0.00, 10.98
:SA,   +0.00,   +0.00,  0.00
:TS,04010102582813,35.0, +20.5,   0.0,1522.9,628
:BI,-32768,-32768,-32768,-32768,V
:BS,-32768,-32768,-32768,V
:BE,-32768,-32768,-32768,V
:BD,        +0.00,        +0.00,        +0.00,   0.00, 11.07
:SA,   +0.00,   +0.00,  0.00
:TS,04010102582823,35.0, +20.5,   0.0,1522.9,622
:BI,-32768,-32768,-32768,-32768,V
:BS,-32768,-32768,-32768,V
:BE,-32768,-32768,-32768,V
:BD,        +0.00,        +0.00,        +0.00,   0.00, 11.17
:SA,   +0.00,   +0.00,  0.00
:TS,04010102582832,35.0, +20.5,   0.0,1522.9,623
:BI,-32768,-32768,-32768,-32768,V
:BS,-32768,-32768,-32768,V
:BE,-32768,-32768,-32768,V
:BD,        +0.00,        +0.00,        +0.00,   0.00, 11.26
:SA,   +0.00,   +0.00,  0.00
:TS,04010102582845,35.0, +20.5,   0.0,1522.9,624
:BI,-32768,-32768,-32768,-32768,V
:BS,-32768,-32768,-32768,V
:BE,-32768,-32768,-32768,V
:BD,        +0.00,        +0.00,        +0.00,   0.00, 11.39
:SA,   +0.00,   +0.00,  0.00
:TS,04010102582855,35.0, +20.5,   0.0,1522.9,621
:BI,-32768,-32768,-32768,-32768,V
:BS,-32768,-32768,-32768,V
:BE,-32768,-32768,-32768,V
:BD,        +0.00,        +0.00,        +0.00,   0.00, 11.49
:SA,   +0.00,   +0.00,  0.00
:TS,04010102582864,35.0, +20.5,   0.0,1522.9,627
:BI,-32768,-32768,-32768,-32768,V
:BS,-32768,-32768,-32768,V
:BE,-32768,-32768,-32768,V
:BD,        +0.00,        +0.00,        +0.00,   0.00, 11.58
:SA,   +0.00,   +0.00,  0.00
:TS,04010102582873,35.0, +20.5,   0.0,1522.9,628
:BI,-32768,-32768,-32768,-32768,V
:BS,-32768,-32768,-32768,V
:BE,-32768,-32768,-32768,V
:BD,        +0.00,        +0.00,        +0.00,   0.00, 11.67
:SA,   +0.00,   +0.00,  0.00
:TS,04010102582881,35.0, +20.5,   0.0,1522.9,622
:BI,-32768,-32768,-32768,-32768,V
:BS,-32768,-32768,-32768,V
:BE,-32768,-32768,-32768,V
:BD,        +0.00,        +0.00,        +0.00,   0.00, 11.75
:SA,   +0.00,   +0.00,  0.00
:TS,04010102582891,35.0, +20.5,   0.0,1522.9,623
:BI,-32768,-32768,-32768,-32768,V
:BS,-32768,-32768,-32768,V
:BE,-32768,-32768,-32768,V
:BD,        +0.00,        +0.00,        +0.00,   0.00, 11.85
:SA,   +0.00,   +0.00,  0.00
:TS,04010102582900,35.0, +20.5,   0.0,1522.9,624
:BI,-32768,-32768,-32768,-32768,V
:BS,-32768,-32768,-32768,V
:BE,-32768,-32768,-32768,V
:BD,        +0.00,        +0.00,        +0.00,   0.00, 11.94
:SA,   +0.00,   +0.00,  0.00
:TS,04010102582909,35.0, +20.5,   0.0,1522.9,621
:BI,-32768,-32768,-32768,-32768,V
:BS,-32768,-32768,-32768,V
:BE,-32768,-32768,-32768,V
:BD,        +0.00,        +0.00,        +0.00,   0.00, 12.03
:SA,   +0.00,   +0.00,  0.00
:TS,04010102582918,35.0, +20.5,   0.0,1522.9,627
:BI,-32768,-32768,-32768,-32768,V
:BS,-32768,-32768,-32768,V
:BE,-32768,-32768,-32768,V
:BD,        +0.00,        +0.00,        +0.00,   0.00, 12.12
:SA,   +0.00,   +0.00,  0.00
:TS,04010102582928,35.0, +20.5,   0.0,1522.9,628
:BI,-32768,-32768,-32768,-32768,V
:BS,-32768,-32768,-32768,V
:BE,-32768,-32768,-32768,V
:BD,        +0.00,        +0.00,        +0.00,   0.00, 12.22
:SA,   +0.00,   +0.00,  0.00
:TS,04010102582939,35.0, +20.5,   0.0,1522.9,622
:BI,-32768,-32768,-32768,-32768,V
:BS,-32768,-32768,-32768,V
:BE,-32768,-32768,-32768,V
:BD,        +0.00,        +0.00,        +0.00,   0.00, 12.33
:SA,   +0.00,   +0.00,  0.00
:TS,04010102582947,35.0, +20.5,   0.0,1522.9,623
:BI,-32768,-32768,-32768,-32768,V
:BS,-32768,-32768,-32768,V
:BE,-32768,-32768,-32768,V
:BD,        +0.00,        +0.00,        +0.00,   0.00, 12.41
:SA,   +0.00,   +0.00,  0.00
:TS,04010102582959,35.0, +20.5,   0.0,1522.9,624
:BI,-32768,-32768,-32768,-32768,V
:BS,-32768,-32768,-32768,V
:BE,-32768,-32768,-32768,V
:BD,        +0.00,        +0.00,        +0.00,   0.00, 12.53
:SA,   +0.00,   +0.00,  0.00
:TS,04010102582969,35.0, +20.5,   0.0,1522.9,621
:BI,-32768,-32768,-32768,-32768,V
:BS,-32768,-32768,-32768,V
:BE,-32768,-32768,-32768,V
:BD,        +0.00,        +0.00,        +0.00,   0.00, 12.63
:SA,   +0.00,   +0.00,  0.00
:TS,04010102582977,35.0, +20.5,   0.0,1522.9,627
:BI,-32768,-32768,-32768,-32768,V
:BS,-32768,-32768,-32768,V
:BE,-32768,-32768,-32768,V
:BD,        +0.00,        +0.00,        +0.00,   0.00, 12.71
:SA,   +0.00,   +0.00,  0.00
:TS,04010102582987,35.0, +20.5,   0.0,1522.9,628
:BI,-32768,-32768,-32768,-32768,V
:BS,-32768,-32768,-32768,V
:BE,-32768,-32768,-32768,V
:BD,        +0.00,        +0.00,        +0.00,   0.00, 12.81
:SA,   +0.00,   +0.00,  0.00
:TS,04010102582996,35.0, +20.5,   0.0,1522.9,622
:BI,-32768,-32768,-32768,-32768,V
:BS,-32768,-32768,-32768,V
:BE,-32768,-32768,-32768,V
:BD,        +0.00,        +0.00,        +0.00,   0.00, 12.90
:SA,   +0.00,   +0.00,  0.00
:TS,04010102583005,35.0, +20.5,   0.0,1522.9,623
:BI,-32768,-32768,-32768,-32768,V
:BS,-32768,-32768,-32768,V
:BE,-32768,-32768,-32768,V
:BD,        +0.00,        +0.00,        +0.00,   0.00, 12.99
:SA,   +0.00,   +0.00,  0.00
:TS,04010102583014,35.0, +20.5,   0.0,1522.9,624
:BI,-32768,-32768,-32768,-32768,V
:BS,-32768,-32768,-32768,V
:BE,-32768,-32768,-32768,V
:BD,        +0.00,        +0.00,        +0.00,   0.00, 13.08
:SA,   +0.00,   +0.00,  0.00
:TS,04010102583024,35.0, +20.5,   0.0,1522.9,621
:BI,-32768,-32768,-32768,-32768,V
:BS,-32768,-32768,-32768,V
:BE,-32768,-32768,-32768,V
:BD,        +0.00,        +0.00,        +0.00,   0.00, 13.18
:SA,   +0.00,   +0.00,  0.00
:TS,04010102583034,35.0, +20.5,   0.0,1522.9,627
:BI,-32768,-32768,-32768,-32768,V
:BS,-32768,-32768,-32768,V
:BE,-32768,-32768,-32768,V
:BD,        +0.00,        +0.00,        +0.00,   0.00, 13.28
:SA,   +0.00,   +0.00,  0.00
:TS,04010102583043,35.0, +20.5,   0.0,1522.9,628
:BI,-32768,-32768,-32768,-32768,V
:BS,-32768,-32768,-32768,V
:BE,-32768,-32768,-32768,V
:BD,        +0.00,        +0.00,        +0.00,   0.00, 13.37
:SA,   +0.00,   +0.00,  0.00
:TS,04010102583052,35.0, +20.5,   0.0,1522.9,622
:BI,-32768,-32768,-32768,-32768,V
:BS,-32768,-32768,-32768,V
:BE,-32768,-32768,-32768,V
:BD,        +0.00,        +0.00,        +0.00,   0.00, 13.46
:SA,   +0.00,   +0.00,  0.00
:TS,04010102583062,35.0, +20.5,   0.0,1522.9,623
:BI,-32768,-32768,-32768,-32768,V
:BS,-32768,-32768,-32768,V
:BE,-32768,-32768,-32768,V
:BD,        +0.00,        +0.00,        +0.00,   0.00, 13.56
:SA,   +0.00,   +0.00,  0.00
:TS,04010102583073,35.0, +20.5,   0.0,1522.9,624
:BI,-32768,-32768,-32768,-32768,V
:BS,-32768,-32768,-32768,V
:BE,-32768,-32768,-32768,V
:BD,        +0.00,        +0.00,        +0.00,   0.00, 13.67
:SA,   +0.00,   +0.00,  0.00
:TS,04010102583085,35.0, +20.5,   0.0,1522.9,621
:BI,-32768,-32768,-32768,-32768,V
:BS,-32768,-32768,-32768,V
:BE,-32768,-32768,-32768,V
:BD,        +0.00,        +0.00,        +0.00,   0.00, 13.79
:SA,   +0.00,   +0.00,  0.00
:TS,04010102583093,35.0, +20.5,   0.0,1522.9,627
:BI,-32768,-32768,-32768,-32768,V
:BS,-32768,-32768,-32768,V
:BE,-32768,-32768,-32768,V
:BD,        +0.00,        +0.00,        +0.00,   0.00, 13.87
:SA,   +0.00,   +0.00,  0.00
:TS,04010102583102,35.0, +20.5,   0.0,1522.9,628
:BI,-32768,-32768,-32768,-32768,V
:BS,-32768,-32768,-32768,V
:BE,-32768,-32768,-32768,V
:BD,        +0.00,        +0.00,        +0.00,   0.00, 13.96
:SA,   +0.00,   +0.00,  0.00
:TS,04010102583111,35.0, +20.5,   0.0,1522.9,622
:BI,-32768,-32768,-32768,-32768,V
:BS,-32768,-32768,-32768,V
:BE,-32768,-32768,-32768,V
:BD,        +0.00,        +0.00,        +0.00,   0.00, 14.05
:SA,   +0.00,   +0.00,  0.00
:TS,04010102583120,35.0, +20.5,   0.0,1522.9,623
:BI,-32768,-32768,-32768,-32768,V
:BS,-32768,-32768,-32768,V
:BE,-32768,-32768,-32768,V
:BD,        +0.00,        +0.00,        +0.00,   0.00, 14.14
:SA,   +0.00,   +0.00,  0.00
:TS,04010102583130,35.0, +20.5,   0.0,1522.9,624
:BI,-32768,-32768,-32768,-32768,V
:BS,-32768,-32768,-32768,V
:BE,-32768,-32768,-32768,V
:BD,        +0.00,        +0.00,        +0.00,   0.00, 14.24
:SA,   +0.00,   +0.00,  0.00
:TS,04010102583139,35.0, +20.5,   0.0,1522.9,621
:BI,-32768,-32768,-32768,-32768,V
:BS,-32768,-32768,-32768,V
:BE,-32768,-32768,-32768,V
:BD,        +0.00,        +0.00,        +0.00,   0.00, 14.33
:SA,   +0.00,   +0.00,  0.00
:TS,04010102583148,35.0, +20.5,   0.0,1522.9,627
:BI,-32768,-32768,-32768,-32768,V
:BS,-32768,-32768,-32768,V
:BE,-32768,-32768,-32768,V
:BD,        +0.00,        +0.00,        +0.00,   0.00, 14.42
:SA,   +0.00,   +0.00,  0.00
:TS,04010102583158,35.0, +20.5,   0.0,1522.9,628
:BI,-32768,-32768,-32768,-32768,V
:BS,-32768,-32768,-32768,V
:BE,-32768,-32768,-32768,V
:BD,        +0.00,        +0.00,        +0.00,   0.00, 14.52
:SA,   +0.00,   +0.00,  0.00
:TS,04010102583167,35.0, +20.5,   0.0,1522.9,622
:BI,-32768,-32768,-32768,-32768,V
:BS,-32768,-32768,-32768,V
:BE,-32768,-32768,-32768,V
:BD,        +0.00,        +0.00,        +0.00,   0.00, 14.61
:SA,   +0.00,   +0.00,  0.00
:TS,04010102583178,35.0, +20.5,   0.0,1522.9,623
:BI,-32768,-32768,-32768,-32768,V
:BS,-32768,-32768,-32768,V
:BE,-32768,-32768,-32768,V
:BD,        +0.00,        +0.00,        +0.00,   0.00, 14.72
:SA,   +0.00,   +0.00,  0.00
:TS,04010102583189,35.0, +20.5,   0.0,1522.9,624
:BI,-32768,-32768,-32768,-32768,V
:BS,-32768,-32768,-32768,V
:BE,-32768,-32768,-32768,V
:BD,        +0.00,        +0.00,        +0.00,   0.00, 14.83
:SA,   +0.00,   +0.00,  0.00
:TS,04010102583199,35.0, +20.5,   0.0,1522.9,621
:BI,-32768,-32768,-32768,-32768,V
:BS,-32768,-32768,-32768,V
:BE,-32768,-32768,-32768,V
:BD,        +0.00,        +0.00,        +0.00,   0.00, 14.93
:SA,   +0.00,   +0.00,  0.00
:TS,04010102583207,35.0, +20.5,   0.0,1522.9,627
:BI,-32768,-32768,-32768,-32768,V
:BS,-32768,-32768,-32768,V
:BE,-32768,-32768,-32768,V
:BD,        +0.00,        +0.00,        +0.00,   0.00, 15.01
:SA,   +0.00,   +0.00,  0.00
:TS,04010102583216,35.0, +20.5,   0.0,1522.9,628
:BI,-32768,-32768,-32768,-32768,V
:BS,-32768,-32768,-32768,V
:BE,-32768,-32768,-32768,V
:BD,        +0.00,        +0.00,        +0.00,   0.00, 15.10
:SA,   +0.00,   +0.00,  0.00
:TS,04010102583226,35.0, +20.5,   0.0,1522.9,622
:BI,-32768,-32768,-32768,-32768,V
:BS,-32768,-32768,-32768,V
:BE,-32768,-32768,-32768,V
:BD,        +0.00,        +0.00,        +0.00,   0.00, 15.20
:SA,   +0.00,   +0.00,  0.00
:TS,04010102583235,35.0, +20.5,   0.0,1522.9,623
:BI,-32768,-32768,-32768,-32768,V
:BS,-32768,-32768,-32768,V
:BE,-32768,-32768,-32768,V
:BD,        +0.00,        +0.00,        +0.00,   0.00, 15.29
:SA,   +0.00,   +0.00,  0.00
:TS,04010102583244,35.0, +20.5,   0.0,1522.9,624
:BI,-32768,-32768,-32768,-32768,V
:BS,-32768,-32768,-32768,V
:BE,-32768,-32768,-32768,V
:BD,        +0.00,        +0.00,        +0.00,   0.00, 15.38
:SA,   +0.00,   +0.00,  0.00
:TS,04010102583253,35.0, +20.5,   0.0,1522.9,621
:BI,-32768,-32768,-32768,-32768,V
:BS,-32768,-32768,-32768,V
:BE,-32768,-32768,-32768,V
:BD,        +0.00,        +0.00,        +0.00,   0.00, 15.47
:SA,   +0.00,   +0.00,  0.00
:TS,04010102583263,35.0, +20.5,   0.0,1522.9,627
:BI,-32768,-32768,-32768,-32768,V
:BS,-32768,-32768,-32768,V
:BE,-32768,-32768,-32768,V
:BD,        +0.00,        +0.00,        +0.00,   0.00, 15.57
:SA,   +0.00,   +0.00,  0.00
:TS,04010102583273,35.0, +20.5,   0.0,1522.9,628
:BI,-32768,-32768,-32768,-32768,V
:BS,-32768,-32768,-32768,V
:BE,-32768,-32768,-32768,V
:BD,        +0.00,        +0.00,        +0.00,   0.00, 15.67
:SA,   +0.00,   +0.00,  0.00
:TS,04010102583282,35.0, +20.5,   0.0,1522.9,622
:BI,-32768,-32768,-32768,-32768,V
:BS,-32768,-32768,-32768,V
:BE,-32768,-32768,-32768,V
:BD,        +0.00,        +0.00,        +0.00,   0.00, 15.76
:SA,   +0.00,   +0.00,  0.00
:TS,04010102583291,35.0, +20.5,   0.0,1522.9,623
:BI,-32768,-32768,-32768,-32768,V
:BS,-32768,-32768,-32768,V
:BE,-32768,-32768,-32768,V
:BD,        +0.00,        +0.00,        +0.00,   0.00, 15.85
:SA,   +0.00,   +0.00,  0.00
:TS,04010102583303,35.0, +20.5,   0.0,1522.9,624
:BI,-32768,-32768,-32768,-32768,V
:BS,-32768,-32768,-32768,V
:BE,-32768,-32768,-32768,V
:BD,        +0.00,        +0.00,        +0.00,   0.00, 15.97
:SA,   +0.00,   +0.00,  0.00
:TS,04010102583313,35.0, +20.5,   0.0,1522.9,621
:BI,-32768,-32768,-32768,-32768,V
:BS,-32768,-32768,-32768,V
:BE,-32768,-32768,-32768,V
:BD,        +0.00,        +0.00,        +0.00,   0.00, 16.07
:SA,   +0.00,   +0.00,  0.00
:TS,04010102583323,35.0, +20.5,   0.0,1522.9,627
:BI,-32768,-32768,-32768,-32768,V
:BS,-32768,-32768,-32768,V
:BE,-32768,-32768,-32768,V
:BD,        +0.00,        +0.00,        +0.00,   0.00, 16.17
:SA,   +0.00,   +0.00,  0.00
:TS,04010102583332,35.0, +20.5,   0.0,1522.9,628
:BI,-32768,-32768,-32768,-32768,V
:BS,-32768,-32768,-32768,V
:BE,-32768,-32768,-32768,V
:BD,        +0.00,        +0.00,        +0.00,   0.00, 16.26
:SA,   +0.00,   +0.00,  0.00
:TS,04010102583341,35.0, +20.5,   0.0,1522.9,622
:BI,-32768,-32768,-32768,-32768,V
:BS,-32768,-32768,-32768,V
:BE,-32768,-32768,-32768,V
:BD,        +0.00,        +0.00,        +0.00,   0.00, 16.35
:SA,   +0.00,   +0.00,  0.00
:TS,04010102583350,35.0, +20.5,   0.0,1522.9,623
:BI,-32768,-32768,-32768,-32768,V
:BS,-32768,-32768,-32768,V
:BE,-32768,-32768,-32768,V
:BD,        +0.00,        +0.00,        +0.00,   0.00, 16.44
:SA,   +0.00,   +0.00,  0.00
:TS,04010102583359,35.0, +20.5,   0.0,1522.9,624
:BI,-32768,-32768,-32768,-32768,V
:BS,-32768,-32768,-32768,V
:BE,-32768,-32768,-32768,V
:BD,        +0.00,        +0.00,        +0.00,   0.00, 16.53
:SA,   +0.00,   +0.00,  0.00
:TS,04010102583369,35.0, +20.5,   0.0,1522.9,621
:BI,-32768,-32768,-32768,-32768,V
:BS,-32768,-32768,-32768,V
:BE,-32768,-32768,-32768,V
:BD,        +0.00,        +0.00,        +0.00,   0.00, 16.63
:SA,   +0.00,   +0.00,  0.00
:TS,04010102583378,35.0, +20.5,   0.0,1522.9,627
:BI,-32768,-32768,-32768,-32768,V
:BS,-32768,-32768,-32768,V
:BE,-32768,-32768,-32768,V
:BD,        +0.00,        +0.00,        +0.00,   0.00, 16.72
:SA,   +0.00,   +0.00,  0.00
:TS,04010102583387,35.0, +20.5,   0.0,1522.9,628
:BI,-32768,-32768,-32768,-32768,V
:BS,-32768,-32768,-32768,V
:BE,-32768,-32768,-32768,V
:BD,        +0.00,        +0.00,        +0.00,   0.00, 16.81
:SA,   +0.00,   +0.00,  0.00
:TS,04010102583397,35.0, +20.5,   0.0,1522.9,622
:BI,-32768,-32768,-32768,-32768,V
:BS,-32768,-32768,-32768,V
:BE,-32768,-32768,-32768,V
:BD,        +0.00,        +0.00,        +0.00,   0.00, 16.91
:SA,   +0.00,   +0.00,  0.00
:TS,04010102583406,35.0, +20.5,   0.0,1522.9,623
:BI,-32768,-32768,-32768,-32768,V
:BS,-32768,-32768,-32768,V
:BE,-32768,-32768,-32768,V
:BD,        +0.00,        +0.00,        +0.00,   0.00, 17.00
:SA,   +0.00,   +0.00,  0.00
:TS,04010102583419,35.0, +20.5,   0.0,1522.9,624
:BI,-32768,-32768,-32768,-32768,V
:BS,-32768,-32768,-32768,V
:BE,-32768,-32768,-32768,V
:BD,        +0.00,        +0.00,        +0.00,   0.00, 17.13
:SA,   +0.00,   +0.00,  0.00
:TS,04010102583429,35.0, +20.5,   0.0,1522.9,621
:BI,-32768,-32768,-32768,-32768,V
:BS,-32768,-32768,-32768,V
:BE,-32768,-32768,-32768,V
:BD,        +0.00,        +0.00,        +0.00,   0.00, 17.23
:SA,   +0.00,   +0.00,  0.00
:TS,04010102583438,35.0, +20.5,   0.0,1522.9,627
:BI,-32768,-32768,-32768,-32768,V
:BS,-32768,-32768,-32768,V
:BE,-32768,-32768,-32768,V
:BD,        +0.00,        +0.00,        +0.00,   0.00, 17.32
:SA,   +0.00,   +0.00,  0.00
:TS,04010102583447,35.0, +20.5,   0.0,1522.9,628
:BI,-32768,-32768,-32768,-32768,V
:BS,-32768,-32768,-32768,V
:BE,-32768,-32768,-32768,V
:BD,        +0.00,        +0.00,        +0.00,   0.00, 17.41
:SA,   +0.00,   +0.00,  0.00
:TS,04010102583455,35.0, +20.5,   0.0,1522.9,622
:BI,-32768,-32768,-32768,-32768,V
:BS,-32768,-32768,-32768,V
:BE,-32768,-32768,-32768,V
:BD,        +0.00,        +0.00,        +0.00,   0.00, 17.49
:SA,   +0.00,   +0.00,  0.00
:TS,04010102583465,35.0, +20.5,   0.0,1522.9,623
:BI,-32768,-32768,-32768,-32768,V
:BS,-32768,-32768,-32768,V
:BE,-32768,-32768,-32768,V
:BD,        +0.00,        +0.00,        +0.00,   0.00, 17.59
:SA,   +0.00,   +0.00,  0.00
:TS,04010102583474,35.0, +20.5,   0.0,1522.9,624
:BI,-32768,-32768,-32768,-32768,V
:BS,-32768,-32768,-32768,V
:BE,-32768,-32768,-32768,V
:BD,        +0.00,        +0.00,        +0.00,   0.00, 17.68
:SA,   +0.00,   +0.00,  0.00
:TS,04010102583483,35.0, +20.5,   0.0,1522.9,621
:BI,-32768,-32768,-32768,-32768,V
:BS,-32768,-32768,-32768,V
:BE,-32768,-32768,-32768,V
:BD,        +0.00,        +0.00,        +0.00,   0.00, 17.77
:SA,   +0.00,   +0.00,  0.00
:TS,04010102583493,35.0, +20.5,   0.0,1522.9,627
:BI,-32768,-32768,-32768,-32768,V
:BS,-32768,-32768,-32768,V
:BE,-32768,-32768,-32768,V
:BD,        +0.00,        +0.00,        +0.00,   0.00, 17.87
:SA,   +0.00,   +0.00,  0.00
:TS,04010102583502,35.0, +20.5,   0.0,1522.9,628
:BI,-32768,-32768,-32768,-32768,V
:BS,-32768,-32768,-32768,V
:BE,-32768,-32768,-32768,V
:BD,        +0.00,        +0.00,        +0.00,   0.00, 17.96
:SA,   +0.00,   +0.00,  0.00
:TS,04010102583513,35.0, +20.5,   0.0,1522.9,622
:BI,-32768,-32768,-32768,-32768,V
:BS,-32768,-32768,-32768,V
:BE,-32768,-32768,-32768,V
:BD,        +0.00,        +0.00,        +0.00,   0.00, 18.07
:SA,   +0.00,   +0.00,  0.00
:TS,04010102583521,35.0, +20.5,   0.0,1522.9,623
:BI,-32768,-32768,-32768,-32768,V
:BS,-32768,-32768,-32768,V
:BE,-32768,-32768,-32768,V
:BD,        +0.00,        +0.00,        +0.00,   0.00, 18.15
:SA,   +0.00,   +0.00,  0.00
:TS,04010102583533,35.0, +20.5,   0.0,1522.9,624
:BI,-32768,-32768,-32768,-32768,V
:BS,-32768,-32768,-32768,V
:BE,-32768,-32768,-32768,V
:BD,        +0.00,        +0.00,        +0.00,   0.00, 18.27
:SA,   +0.00,   +0.00,  0.00
:TS,04010102583543,35.0, +20.5,   0.0,1522.9,621
:BI,-32768,-32768,-32768,-32768,V
:BS,-32768,-32768,-32768,V
:BE,-32768,-32768,-32768,V
:BD,        +0.00,        +0.00,        +0.00,   0.00, 18.37
:SA,   +0.00,   +0.00,  0.00
:TS,04010102583551,35.0, +20.5,   0.0,1522.9,627
:BI,-32768,-32768,-32768,-32768,V
:BS,-32768,-32768,-32768,V
:BE,-32768,-32768,-32768,V
:BD,        +0.00,        +0.00,        +0.00,   0.00, 18.45
:SA,   +0.00,   +0.00,  0.00
:TS,04010102583561,35.0, +20.5,   0.0,1522.9,628
:BI,-32768,-32768,-32768,-32768,V
:BS,-32768,-32768,-32768,V
:BE,-32768,-32768,-32768,V
:BD,        +0.00,        +0.00,        +0.00,   0.00, 18.55
:SA,   +0.00,   +0.00,  0.00
:TS,04010102583570,35.0, +20.5,   0.0,1522.9,622
:BI,-32768,-32768,-32768,-32768,V
:BS,-32768,-32768,-32768,V
:BE,-32768,-32768,-32768,V
:BD,        +0.00,        +0.00,        +0.00,   0.00, 18.64
:SA,   +0.00,   +0.00,  0.00
:TS,04010102583579,35.0, +20.5,   0.0,1522.9,623
:BI,-32768,-32768,-32768,-32768,V
:BS,-32768,-32768,-32768,V
:BE,-32768,-32768,-32768,V
:BD,        +0.00,        +0.00,        +0.00,   0.00, 18.73
:SA,   +0.00,   +0.00,  0.00
:TS,04010102583589,35.0, +20.5,   0.0,1522.9,624
:BI,-32768,-32768,-32768,-32768,V
:BS,-32768,-32768,-32768,V
:BE,-32768,-32768,-32768,V
:BD,        +0.00,        +0.00,        +0.00,   0.00, 18.83
:SA,   +0.00,   +0.00,  0.00
:TS,04010102583598,35.0, +20.5,   0.0,1522.9,621
:BI,-32768,-32768,-32768,-32768,V
:BS,-32768,-32768,-32768,V
:BE,-32768,-32768,-32768,V
:BD,        +0.00,        +0.00,        +0.00,   0.00, 18.92
:SA,   +0.00,   +0.00,  0.00
:TS,04010102583609,35.0, +20.5,   0.0,1522.9,627
:BI,-32768,-32768,-32768,-32768,V
:BS,-32768,-32768,-32768,V
:BE,-32768,-32768,-32768,V
:BD,        +0.00,        +0.00,        +0.00,   0.00, 19.03
:SA,   +0.00,   +0.00,  0.00
:TS,04010102583617,35.0, +20.5,   0.0,1522.9,628
:BI,-32768,-32768,-32768,-32768,V
:BS,-32768,-32768,-32768,V
:BE,-32768,-32768,-32768,V
:BD,        +0.00,        +0.00,        +0.00,   0.00, 19.11
:SA,   +0.00,   +0.00,  0.00
:TS,04010102583626,35.0, +20.5,   0.0,1522.9,622
:BI,-32768,-32768,-32768,-32768,V
:BS,-32768,-32768,-32768,V
:BE,-32768,-32768,-32768,V
:BD,        +0.00,        +0.00,        +0.00,   0.00, 19.20
:SA,   +0.00,   +0.00,  0.00
:TS,04010102583636,35.0, +20.5,   0.0,1522.9,623
:BI,-32768,-32768,-32768,-32768,V
:BS,-32768,-32768,-32768,V
:BE,-32768,-32768,-32768,V
:BD,        +0.00,        +0.00,        +0.00,   0.00, 19.30
:SA,   +0.00,   +0.00,  0.00
:TS,04010102583646,35.0, +20.5,   0.0,1522.9,624
:BI,-32768,-32768,-32768,-32768,V
:BS,-32768,-32768,-32768,V
:BE,-32768,-32768,-32768,V
:BD,        +0.00,        +0.00,        +0.00,   0.00, 19.40
:SA,   +0.00,   +0.00,  0.00
:TS,04010102583658,35.0, +20.5,   0.0,1522.9,621
:BI,-32768,-32768,-32768,-32768,V
:BS,-32768,-32768,-32768,V
:BE,-32768,-32768,-32768,V
:BD,        +0.00,        +0.00,        +0.00,   0.00, 19.52
:SA,   +0.00,   +0.00,  0.00
:TS,04010102583666,35.0, +20.5,   0.0,1522.9,627
:BI,-32768,-32768,-32768,-32768,V
:BS,-32768,-32768,-32768,V
:BE,-32768,-32768,-32768,V
:BD,        +0.00,        +0.00,        +0.00,   0.00, 19.60
:SA,   +0.00,   +0.00,  0.00
:TS,04010102583675,35.0, +20.5,   0.0,1522.9,628
:BI,-32768,-32768,-32768,-32768,V
:BS,-32768,-32768,-32768,V
:BE,-32768,-32768,-32768,V
:BD,        +0.00,        +0.00,        +0.00,   0.00, 19.69
:SA,   +0.00,   +0.00,  0.00
:TS,04010102583685,35.0, +20.5,   0.0,1522.9,622
:BI,-32768,-32768,-32768,-32768,V
:BS,-32768,-32768,-32768,V
:BE,-32768,-32768,-32768,V
:BD,        +0.00,        +0.00,        +0.00,   0.00, 19.79
:SA,   +0.00,   +0.00,  0.00
:TS,04010102583694,35.0, +20.5,   0.0,1522.9,623
:BI,-32768,-32768,-32768,-32768,V
:BS,-32768,-32768,-32768,V
:BE,-32768,-32768,-32768,V
:BD,        +0.00,        +0.00,        +0.00,   0.00, 19.88
:SA,   +0.00,   +0.00,  0.00
:TS,04010102583705,35.0, +20.5,   0.0,1522.9,624
:BI,-32768,-32768,-32768,-32768,V
:BS,-32768,-32768,-32768,V
:BE,-32768,-32768,-32768,V
:BD,        +0.00,        +0.00,        +0.00,   0.00, 19.99
:SA,   +0.00,   +0.00,  0.00
:TS,04010102583713,35.0, +20.5,   0.0,1522.9,621
:BI,-32768,-32768,-32768,-32768,V
:BS,-32768,-32768,-32768,V
:BE,-32768,-32768,-32768,V
:BD,        +0.00,        +0.00,        +0.00,   0.00, 20.07
:SA,   +0.00,   +0.00,  0.00
:TS,04010102583722,35.0, +20.5,   0.0,1522.9,627
:BI,-32768,-32768,-32768,-32768,V
:BS,-32768,-32768,-32768,V
:BE,-32768,-32768,-32768,V
:BD,        +0.00,        +0.00,        +0.00,   0.00, 20.16
:SA,   +0.00,   +0.00,  0.00
:TS,04010102583732,35.0, +20.5,   0.0,1522.9,628
:BI,-32768,-32768,-32768,-32768,V
:BS,-32768,-32768,-32768,V
:BE,-32768,-32768,-32768,V
:BD,        +0.00,        +0.00,        +0.00,   0.00, 20.26
:SA,   +0.00,   +0.00,  0.00
:TS,04010102583740,35.0, +20.5,   0.0,1522.9,622
:BI,-32768,-32768,-32768,-32768,V
:BS,-32768,-32768,-32768,V
:BE,-32768,-32768,-32768,V
:BD,        +0.00,        +0.00,        +0.00,   0.00, 20.34
:SA,   +0.00,   +0.00,  0.00
:TS,04010102583750,35.0, +20.5,   0.0,1522.9,623
:BI,-32768,-32768,-32768,-32768,V
:BS,-32768,-32768,-32768,V
:BE,-32768,-32768,-32768,V
:BD,        +0.00,        +0.00,        +0.00,   0.00, 20.44
:SA,   +0.00,   +0.00,  0.00
:TS,04010102583762,35.0, +20.5,   0.0,1522.9,624
:BI,-32768,-32768,-32768,-32768,V
:BS,-32768,-32768,-32768,V
:BE,-32768,-32768,-32768,V
:BD,        +0.00,        +0.00,        +0.00,   0.00, 20.56
:SA,   +0.00,   +0.00,  0.00
:TS,04010102583772,35.0, +20.5,   0.0,1522.9,621
:BI,-32768,-32768,-32768,-32768,V
:BS,-32768,-32768,-32768,V
:BE,-32768,-32768,-32768,V
:BD,        +0.00,        +0.00,        +0.00,   0.00, 20.66
:SA,   +0.00,   +0.00,  0.00
:TS,04010102583781,35.0, +20.5,   0.0,1522.9,627
:BI,-32768,-32768,-32768,-32768,V
:BS,-32768,-32768,-32768,V
:BE,-32768,-32768,-32768,V
:BD,        +0.00,        +0.00,        +0.00,   0.00, 20.75
:SA,   +0.00,   +0.00,  0.00
:TS,04010102583790,35.0, +20.5,   0.0,1522.9,628
:BI,-32768,-32768,-32768,-32768,V
:BS,-32768,-32768,-32768,V
:BE,-32768,-32768,-32768,V
:BD,        +0.00,        +0.00,        +0.00,   0.00, 20.84
:SA,   +0.00,   +0.00,  0.00
:TS,04010102583801,35.0, +20.5,   0.0,1522.9,622
:BI,-32768,-32768,-32768,-32768,V
:BS,-32768,-32768,-32768,V
:BE,-32768,-32768,-32768,V
:BD,        +0.00,        +0.00,        +0.00,   0.00, 20.95
:SA,   +0.00,   +0.00,  0.00
:TS,04010102583809,35.0, +20.5,   0.0,1522.9,623
:BI,-32768,-32768,-32768,-32768,V
:BS,-32768,-32768,-32768,V
:BE,-32768,-32768,-32768,V
:BD,        +0.00,        +0.00,        +0.00,   0.00, 21.03
:SA,   +0.00,   +0.00,  0.00
:TS,04010102583818,35.0, +20.5,   0.0,1522.9,624
:BI,-32768,-32768,-32768,-32768,V
:BS,-32768,-32768,-32768,V
:BE,-32768,-32768,-32768,V
:BD,        +0.00,        +0.00,        +0.00,   0.00, 21.12
:SA,   +0.00,   +0.00,  0.00
:TS,04010102583828,35.0, +20.5,   0.0,1522.9,621
:BI,-32768,-32768,-32768,-32768,V
:BS,-32768,-32768,-32768,V
:BE,-32768,-32768,-32768,V
:BD,        +0.00,        +0.00,        +0.00,   0.00, 21.22
:SA,   +0.00,   +0.00,  0.00
:TS,04010102583837,35.0, +20.5,   0.0,1522.9,627
:BI,-32768,-32768,-32768,-32768,V
:BS,-32768,-32768,-32768,V
:BE,-32768,-32768,-32768,V
:BD,        +0.00,        +0.00,        +0.00,   0.00, 21.31
:SA,   +0.00,   +0.00,  0.00
:TS,04010102583848,35.0, +20.5,   0.0,1522.9,628
:BI,-32768,-32768,-32768,-32768,V
:BS,-32768,-32768,-32768,V
:BE,-32768,-32768,-32768,V
:BD,        +0.00,        +0.00,        +0.00,   0.00, 21.42
:SA,   +0.00,   +0.00,  0.00
:TS,04010102583856,35.0, +20.5,   0.0,1522.9,622
:BI,-32768,-32768,-32768,-32768,V
:BS,-32768,-32768,-32768,V
:BE,-32768,-32768,-32768,V
:BD,        +0.00,        +0.00,        +0.00,   0.00, 21.50
:SA,   +0.00,   +0.00,  0.00
:TS,04010102583865,35.0, +20.5,   0.0,1522.9,623
:BI,-32768,-32768,-32768,-32768,V
:BS,-32768,-32768,-32768,V
:BE,-32768,-32768,-32768,V
:BD,        +0.00,        +0.00,        +0.00,   0.00, 21.59
:SA,   +0.00,   +0.00,  0.00
:TS,04010102583877,35.0, +20.5,   0.0,1522.9,624
:BI,-32768,-32768,-32768,-32768,V
:BS,-32768,-32768,-32768,V
:BE,-32768,-32768,-32768,V
:BD,        +0.00,        +0.00,        +0.00,   0.00, 21.71
:SA,   +0.00,   +0.00,  0.00
:TS,04010102583887,35.0, +20.5,   0.0,1522.9,621
:BI,-32768,-32768,-32768,-32768,V
:BS,-32768,-32768,-32768,V
:BE,-32768,-32768,-32768,V
:BD,        +0.00,        +0.00,        +0.00,   0.00, 21.81
:SA,   +0.00,   +0.00,  0.00
:TS,04010102583897,35.0, +20.5,   0.0,1522.9,627
:BI,-32768,-32768,-32768,-32768,V
:BS,-32768,-32768,-32768,V
:BE,-32768,-32768,-32768,V
:BD,        +0.00,        +0.00,        +0.00,   0.00, 21.91
:SA,   +0.00,   +0.00,  0.00
:TS,04010102583906,35.0, +20.5,   0.0,1522.9,628
:BI,-32768,-32768,-32768,-32768,V
:BS,-32768,-32768,-32768,V
:BE,-32768,-32768,-32768,V
:BD,        +0.00,        +0.00,        +0.00,   0.00, 22.00
:SA,   +0.00,   +0.00,  0.00
:TS,04010102583915,35.0, +20.5,   0.0,1522.9,622
:BI,-32768,-32768,-32768,-32768,V
:BS,-32768,-32768,-32768,V
:BE,-32768,-32768,-32768,V
:BD,        +0.00,        +0.00,        +0.00,   0.00, 22.09
:SA,   +0.00,   +0.00,  0.00
:TS,04010102583924,35.0, +20.5,   0.0,1522.9,623
:BI,-32768,-32768,-32768,-32768,V
:BS,-32768,-32768,-32768,V
:BE,-32768,-32768,-32768,V
:BD,        +0.00,        +0.00,        +0.00,   0.00, 22.18
:SA,   +0.00,   +0.00,  0.00
:TS,04010102583933,35.0, +20.5,   0.0,1522.9,624
:BI,-32768,-32768,-32768,-32768,V
:BS,-32768,-32768,-32768,V
:BE,-32768,-32768,-32768,V
:BD,        +0.00,        +0.00,        +0.00,   0.00, 22.27
:SA,   +0.00,   +0.00,  0.00
:TS,04010102583944,35.0, +20.5,   0.0,1522.9,621
:BI,-32768,-32768,-32768,-32768,V
:BS,-32768,-32768,-32768,V
:BE,-32768,-32768,-32768,V
:BD,        +0.00,        +0.00,        +0.00,   0.00, 22.38
:SA,   +0.00,   +0.00,  0.00
:TS,04010102583952,35.0, +20.5,   0.0,1522.9,627
:BI,-32768,-32768,-32768,-32768,V
:BS,-32768,-32768,-32768,V
:BE,-32768,-32768,-32768,V
:BD,        +0.00,        +0.00,        +0.00,   0.00, 22.46
:SA,   +0.00,   +0.00,  0.00
:TS,04010102583961,35.0, +20.5,   0.0,1522.9,628
:BI,-32768,-32768,-32768,-32768,V
:BS,-32768,-32768,-32768,V
:BE,-32768,-32768,-32768,V
:BD,        +0.00,        +0.00,        +0.00,   0.00, 22.55
:SA,   +0.00,   +0.00,  0.00
:TS,04010102583971,35.0, +20.5,   0.0,1522.9,622
:BI,-32768,-32768,-32768,-32768,V
:BS,-32768,-32768,-32768,V
:BE,-32768,-32768,-32768,V
:BD,        +0.00,        +0.00,        +0.00,   0.00, 22.65
:SA,   +0.00,   +0.00,  0.00
:TS,04010102583980,35.0, +20.5,   0.0,1522.9,623
:BI,-32768,-32768,-32768,-32768,V
:BS,-32768,-32768,-32768,V
:BE,-32768,-32768,-32768,V
:BD,        +0.00,        +0.00,        +0.00,   0.00, 22.74
:SA,   +0.00,   +0.00,  0.00
:TS,04010102583993,35.0, +20.5,   0.0,1522.9,624
:BI,-32768,-32768,-32768,-32768,V
:BS,-32768,-32768,-32768,V
:BE,-32768,-32768,-32768,V
:BD,        +0.00,        +0.00,        +0.00,   0.00, 22.87
:SA,   +0.00,   +0.00,  0.00
:TS,04010102584003,35.0, +20.5,   0.0,1522.9,621
:BI,-32768,-32768,-32768,-32768,V
:BS,-32768,-32768,-32768,V
:BE,-32768,-32768,-32768,V
:BD,        +0.00,        +0.00,        +0.00,   0.00, 22.97
:SA,   +0.00,   +0.00,  0.00
:TS,04010102584012,35.0, +20.5,   0.0,1522.9,627
:BI,-32768,-32768,-32768,-32768,V
:BS,-32768,-32768,-32768,V
:BE,-32768,-32768,-32768,V
:BD,        +0.00,        +0.00,        +0.00,   0.00, 23.06
:SA,   +0.00,   +0.00,  0.00
:TS,04010102584021,35.0, +20.5,   0.0,1522.9,628
:BI,-32768,-32768,-32768,-32768,V
:BS,-32768,-32768,-32768,V
:BE,-32768,-32768,-32768,V
:BD,        +0.00,        +0.00,        +0.00,   0.00, 23.15
:SA,   +0.00,   +0.00,  0.00
:TS,04010102584029,35.0, +20.5,   0.0,1522.9,622
:BI,-32768,-32768,-32768,-32768,V
:BS,-32768,-32768,-32768,V
:BE,-32768,-32768,-32768,V
:BD,        +0.00,        +0.00,        +0.00,   0.00, 23.23
:SA,   +0.00,   +0.00,  0.00
:TS,04010102584039,35.0, +20.5,   0.0,1522.9,623
:BI,-32768,-32768,-32768,-32768,V
:BS,-32768,-32768,-32768,V
:BE,-32768,-32768,-32768,V
:BD,        +0.00,        +0.00,        +0.00,   0.00, 23.33
:SA,   +0.00,   +0.00,  0.00
:TS,04010102584048,35.0, +20.5,   0.0,1522.9,624
:BI,-32768,-32768,-32768,-32768,V
:BS,-32768,-32768,-32768,V
:BE,-32768,-32768,-32768,V
:BD,        +0.00,        +0.00,        +0.00,   0.00, 23.42
:SA,   +0.00,   +0.00,  0.00
:TS,04010102584057,35.0, +20.5,   0.0,1522.9,621
:BI,-32768,-32768,-32768,-32768,V
:BS,-32768,-32768,-32768,V
:BE,-32768,-32768,-32768,V
:BD,        +0.00,        +0.00,        +0.00,   0.00, 23.51
:SA,   +0.00,   +0.00,  0.00
:TS,04010102584066,35.0, +20.5,   0.0,1522.9,627
:BI,-32768,-32768,-32768,-32768,V
:BS,-32768,-32768,-32768,V
:BE,-32768,-32768,-32768,V
:BD,        +0.00,        +0.00,        +0.00,   0.00, 23.60
:SA,   +0.00,   +0.00,  0.00
:TS,04010102584076,35.0, +20.5,   0.0,1522.9,628
:BI,-32768,-32768,-32768,-32768,V
:BS,-32768,-32768,-32768,V
:BE,-32768,-32768,-32768,V
:BD,        +0.00,        +0.00,        +0.00,   0.00, 23.70
:SA,   +0.00,   +0.00,  0.00
:TS,04010102584086,35.0, +20.5,   0.0,1522.9,622
:BI,-32768,-32768,-32768,-32768,V
:BS,-32768,-32768,-32768,V
:BE,-32768,-32768,-32768,V
:BD,        +0.00,        +0.00,        +0.00,   0.00, 23.80
:SA,   +0.00,   +0.00,  0.00
:TS,04010102584095,35.0, +20.5,   0.0,1522.9,623
:BI,-32768,-32768,-32768,-32768,V
:BS,-32768,-32768,-32768,V
:BE,-32768,-32768,-32768,V
:BD,        +0.00,        +0.00,        +0.00,   0.00, 23.89
:SA,   +0.00,   +0.00,  0.00
:TS,04010102584107,35.0, +20.5,   0.0,1522.9,624
:BI,-32768,-32768,-32768,-32768,V
:BS,-32768,-32768,-32768,V
:BE,-32768,-32768,-32768,V
:BD,        +0.00,        +0.00,        +0.00,   0.00, 24.01
:SA,   +0.00,   +0.00,  0.00
:TS,04010102584117,35.0, +20.5,   0.0,1522.9,621
:BI,-32768,-32768,-32768,-32768,V
:BS,-32768,-32768,-32768,V
:BE,-32768,-32768,-32768,V
:BD,        +0.00,        +0.00,        +0.00,   0.00, 24.11
:SA,   +0.00,   +0.00,  0.00
:TS,04010102584125,35.0, +20.5,   0.0,1522.9,627
:BI,-32768,-32768,-32768,-32768,V
:BS,-32768,-32768,-32768,V
:BE,-32768,-32768,-32768,V
:BD,        +0.00,        +0.00,        +0.00,   0.00, 24.19
:SA,   +0.00,   +0.00,  0.00
:TS,04010102584135,35.0, +20.5,   0.0,1522.9,628
:BI,-32768,-32768,-32768,-32768,V
:BS,-32768,-32768,-32768,V
:BE,-32768,-32768,-32768,V
:BD,        +0.00,        +0.00,        +0.00,   0.00, 24.29
