>BP001
>BX00060
>EA09000
>ES35
>TE00:00:00.00
>TP00:00.00
>PD6
>CK
[Parameters saved as USER defaults]

>CS
:SA,   +0.00,   +0.00,  0.00
:TS,04010100220224,35.0, +21.0,   0.0,1524.2,621
:BI,-32768,-32768,-32768,-32768,V
:BS,-32768,-32768,-32768,V
:BE,-32768,-32768,-32768,V
:BD,        +0.00,        +0.00,        +0.00,   0.00,  0.00
:SA,   +0.00,   +0.00,  0.00
:TS,04010100220234,35.0, +21.0,   0.0,1524.2,627
:BI,-32768,-32768,-32768,-32768,V
:BS,-32768,-32768,-32768,V
:BE,-32768,-32768,-32768,V
:BD,        +0.00,        +0.00,        +0.00,   0.00,  0.10
:SA,   +0.00,   +0.00,  0.00
:TS,04010100220243,35.0, +21.0,   0.0,1524.2,628
:BI,-32768,-32768,-32768,-32768,V
:BS,-32768,-32768,-32768,V
:BE,-32768,-32768,-32768,V
:BD,        +0.00,        +0.00,        +0.00,   0.00,  0.19
:SA,   +0.00,   +0.00,  0.00
:TS,04010100220251,35.0, +21.0,   0.0,1524.2,622
:BI,-32768,-32768,-32768,-32768,V
:BS,-32768,-32768,-32768,V
:BE,-32768,-32768,-32768,V
:BD,        +0.00,        +0.00,        +0.00,   4.48,  0.27
:SA,   +0.00,   +0.00,  0.00
:TS,04010100220261,35.0, +21.0,   0.0,1524.2,623
:BI,   -24,    +3,    +7,   -23,A
:BS,    +3,   +24,    +7,A
:BE,    +3,   +24,    +7,A
:BD,        +0.00,        +0.00,        +0.00,   4.51,  0.27
:SA,   +0.00,   +0.00,  0.00
:TS,04010100220271,35.0, +21.0,   0.0,1524.2,624
:BI,   -27,   +83,    +5,    -3,A
:BS,   +83,   +27,    +5,A
:BE,   +83,   +27,    +5,A
:BD,        +0.00,        +0.00,        +0.00,   4.51,  0.00
:SA,   +0.00,   +0.00,  0.00
:TS,04010100220281,35.0, +21.0,   0.0,1524.2,621
:BI,   -21,   +89,    +8,    +0,A
:BS,   +89,   +21,    +8,A
:BE,   +89,   +21,    +8,A
:BD,        +0.01,        +0.00,        +0.00,   4.51,  0.00
:SA,   +0.00,   +0.00,  0.00
:TS,04010100220290,35.0, +21.0,   0.0,1524.2,627
:BI,   -21,   +84,    +6,    +2,A
:BS,   +84,   +21,    +6,A
:BE,   +84,   +21,    +6,A
:BD,        +0.01,        +0.01,        +0.00,   4.54,  0.00
:SA,   +0.00,   +0.00,  0.00
:TS,04010100220299,35.0, +21.0,   0.0,1524.2,628
:BI,    -8,   +79,    +5,    +2,A
:BS,   +79,    +8,    +5,A
:BE,   +79,    +8,    +5,A
:BD,        +0.02,        +0.01,        +0.00,   4.56,  0.00
:SA,   +0.00,   +0.00,  0.00
:TS,04010100220308,35.0, +21.0,   0.0,1524.2,622
:BI,   -17,   +73,    -2,    -6,A
:BS,   +73,   +17,    -2,A
:BE,   +73,   +17,    -2,A
:BD,        +0.02,        +0.01,        +0.00,   4.58,  0.00
:SA,   +0.00,   +0.00,  0.00
:TS,04010100220317,35.0, +21.0,   0.0,1524.2,623
:BI,    -6,   +56,    -8,    +7,A
:BS,   +56,    +6,    -8,A
:BE,   +56,    +6,    -8,A
:BD,        +0.03,        +0.01,        +0.00,   4.52,  0.00
:SA,   +0.00,   +0.00,  0.00
:TS,04010100220328,35.0, +31.5,   0.0,1548.6,624
:BI,    -2,   +69,    -6,    +2,A
:BS,   +69,    +2,    -6,A
:BE,   +69,    +2,    -6,A
:BD,        +0.03,        +0.01,        +0.00,   4.59,  0.00
:SA,   +0.00,   +0.00,  0.00
:TS,04010100220339,35.0, +31.5,   0.0,1548.6,621
:BI,   -24,   +60,    -3,    -3,A
:BS,   +60,   +24,    -3,A
:BE,   +60,   +24,    -3,A
:BD,        +0.04,        +0.01,        +0.00,   4.57,  0.00
:SA,   +0.00,   +0.00,  0.00
:TS,04010100220349,35.0, +31.5,   0.0,1548.6,627
:BI,   -20,    +1,   +10,   -17,A
:BS,    +1,   +20,   +10,A
:BE,    +1,   +20,   +10,A
:BD,        +0.05,        +0.02,        +0.00,   4.59,  0.00
:SA,   +0.00,   +0.00,  0.00
:TS,04010100220358,35.0, +31.5,   0.0,1548.6,628
:BI,   -39,   +62,    +6,    -3,A
:BS,   +62,   +39,    +6,A
:BE,   +62,   +39,    +6,A
:BD,        +0.05,        +0.02,        +0.00,   4.55,  0.00
:SA,   +0.00,   +0.00,  0.00
:TS,04010100220367,35.0, +31.5,   0.0,1548.6,622
:BI,   -39,   +75,   +13,    +0,A
:BS,   +75,   +39,   +13,A
:BE,   +75,   +39,   +13,A
:BD,        +0.05,        +0.02,        +0.00,   4.57,  0.00
:SA,   +0.00,   +0.00,  0.00
:TS,04010100220376,35.0, +31.5,   0.0,1548.6,623
:BI,   -24,   +91,    +9,    -4,A
:BS,   +91,   +24,    +9,A
:BE,   +91,   +24,    +9,A
:BD,        +0.06,        +0.02,        +0.00,   4.59,  0.00
:SA,   +0.00,   +0.00,  0.00
:TS,04010100220385,35.0, +31.5,   0.0,1548.6,624
:BI,   -13,   +92,   +13,    +0,A
:BS,   +92,   +13,   +13,A
:BE,   +92,   +13,   +13,A
:BD,        +0.07,        +0.03,        +0.00,   4.55,  0.00
:SA,   +0.00,   +0.00,  0.00
:TS,04010100220394,35.0, +31.5,   0.0,1548.6,621
:BI,    +4,    +3,    +2,   +14,A
:BS,    +3,    -4,    +2,A
:BE,    +3,    -4,    +2,A
:BD,        +0.07,        +0.03,        +0.01,   4.62,  0.00
:SA,   +0.00,   +0.00,  0.00
:TS,04010100220404,35.0, +31.5,   0.0,1548.6,627
:BI,   +28,  +109,    +4,   -16,A
:BS,  +109,   -28,    +4,A
:BE,  +109,   -28,    +4,A
:BD,        +0.08,        +0.03,        +0.01,   4.62,  0.00
:SA,   +0.00,   +0.00,  0.00
:TS,04010100220413,35.0, +31.5,   0.0,1548.6,628
:BI,   +24,  +114,    +6,    -6,A
:BS,  +114,   -24,    +6,A
:BE,  +114,   -24,    +6,A
:BD,        +0.09,        +0.03,        +0.01,   4.57,  0.00
:SA,   +0.00,   +0.00,  0.00
:TS,04010100220422,35.0, +31.5,   0.0,1548.6,622
:BI,   +12,  +116,    +3,    -2,A
:BS,  +116,   -12,    +3,A
:BE,  +116,   -12,    +3,A
:BD,        +0.09,        +0.03,        +0.01,   4.61,  0.00
:SA,   +0.00,   +0.00,  0.00
:TS,04010100220431,35.0, +31.5,   0.0,1548.6,623
:BI,   +15,  +105,    +4,    -9,A
:BS,  +105,   -15,    +4,A
:BE,  +105,   -15,    +4,A
:BD,        +0.10,        +0.03,        +0.01,   4.61,  0.00
:SA,   +0.00,   +0.00,  0.00
:TS,04010100220442,35.0, +31.5,   0.0,1548.6,624
:BI,    +3,  +113,    -5,    +0,A
:BS,  +113,    -3,    -5,A
:BE,  +113,    -3,    -5,A
:BD,        +0.11,        +0.03,        +0.01,   4.62,  0.00
:SA,   +0.00,   +0.00,  0.00
:TS,04010100220453,35.0, +31.5,   0.0,1548.6,621
:BI,    -4,    +1,    -8,    -9,A
:BS,    +1,    +4,    -8,A
:BE,    +1,    +4,    -8,A
:BD,        +0.12,        +0.02,        +0.01,   4.59,  0.00
:SA,   +0.00,   +0.00,  0.00
:TS,04010100220463,35.0, +31.5,   0.0,1548.6,627
:BI,   -15,  +102,   -11,   -14,A
:BS,  +102,   +15,   -11,A
:BE,  +102,   +15,   -11,A
:BD,        +0.13,        +0.02,        +0.01,   4.64,  0.00
:SA,   +0.00,   +0.00,  0.00
:TS,04010100220472,35.0, +31.5,   0.0,1548.6,628
:BI,   -22,  +104,   -21,    -5,A
:BS,  +104,   +22,   -21,A
:BE,  +104,   +22,   -21,A
:BD,        +0.14,        +0.03,        +0.01,   4.61,  0.00
:SA,   +0.00,   +0.00,  0.00
:TS,04010100220481,35.0, +31.5,   0.0,1548.6,622
:BI,   -24,    +1,   -31,   +44,A
:BS,    +1,   +24,   -31,A
:BE,    +1,   +24,   -31,A
:BD,        +0.14,        +0.03,        +0.01,   4.59,  0.00
:SA,   +0.00,   +0.00,  0.00
:TS,04010100220490,35.0, +31.5,   0.0,1548.6,623
:BI,   -39,  +118,   -19,    +2,A
:BS,  +118,   +39,   -19,A
:BE,  +118,   +39,   -19,A
:BD,        +0.15,        +0.03,        +0.00,   4.61,  0.00
:SA,   +0.00,   +0.00,  0.00
:TS,04010100220499,35.0, +31.5,   0.0,1548.6,624
:BI,   -39,  +121,   -15,    +0,A
:BS,  +121,   +39,   -15,A
:BE,  +121,   +39,   -15,A
:BD,        +0.16,        +0.03,        +0.00,   4.57,  0.00
:SA,   +0.00,   +0.00,  0.00
:TS,04010100220509,35.0, +31.5,   0.0,1548.6,621
:BI,   -43,    +1,   -33,   +67,A
:BS,    +1,   +43,   -33,A
:BE,    +1,   +43,   -33,A
:BD,        +0.16,        +0.03,        +0.00,   4.54,  0.00
:SA,   +0.00,   +0.00,  0.00
:TS,04010100220518,35.0, +31.5,   0.0,1548.6,627
:BI,   -49,    -1,    +3,    -4,A
:BS,    -1,   +49,    +3,A
:BE,    -1,   +49,    +3,A
:BD,        +0.17,        +0.04,       -0.00,   4.61,  0.00
:SA,   +0.00,   +0.00,  0.00
:TS,04010100220527,35.0, +31.5,   0.0,1548.6,628
:BI,   -39,    +2,    -3,   +34,A
:BS,    +2,   +39,    -3,A
:BE,    +2,   +39,    -3,A
:BD,        +0.17,        +0.04,       -0.00,   4.61,  0.00
:SA,   +0.00,   +0.00,  0.00
:TS,04010100220536,35.0, +31.5,   0.0,1548.6,622
:BI,   -38,  +125,   +13,    +2,A
:BS,  +125,   +38,   +13,A
:BE,  +125,   +38,   +13,A
:BD,        +0.18,        +0.04,       -0.00,   4.61,  0.00
:SA,   +0.00,   +0.00,  0.00
:TS,04010100220545,35.0, +31.5,   0.0,1548.6,623
:BI,   -35,  +120,   +10,    +0,A
:BS,  +120,   +35,   +10,A
:BE,  +120,   +35,   +10,A
:BD,        +0.18,        +0.05,       -0.00,   4.57,  0.00
:SA,   +0.00,   +0.00,  0.00
:TS,04010100220556,35.0, +31.6,   0.0,1548.7,624
:BI,   -40,  +122,    +9,    -1,A
:BS,  +122,   +40,    +9,A
:BE,  +122,   +40,    +9,A
:BD,        +0.19,        +0.05,       -0.00,   4.61,  0.00
:SA,   +0.00,   +0.00,  0.00
:TS,04010100220566,35.0, +31.6,   0.0,1548.7,621
:BI,   -44,  +107,   +10,    -6,A
:BS,  +107,   +44,   +10,A
:BE,  +107,   +44,   +10,A
:BD,        +0.20,        +0.05,       -0.00,   4.59,  0.00
:SA,   +0.00,   +0.00,  0.00
:TS,04010100220575,35.0, +31.6,   0.0,1548.7,627
:BI,   -46,    +2,   +22,   -43,A
:BS,    +2,   +46,   +22,A
:BE,    +2,   +46,   +22,A
:BD,        +0.21,        +0.06,       -0.00,   4.57,  0.00
:SA,   +0.00,   +0.00,  0.00
:TS,04010100220584,35.0, +31.6,   0.0,1548.7,628
:BI,   -66,   +94,    +8,    +4,A
:BS,   +94,   +66,    +8,A
:BE,   +94,   +66,    +8,A
:BD,        +0.22,        +0.06,        +0.00,   4.59,  0.00
:SA,   +0.00,   +0.00,  0.00
:TS,04010100220593,35.0, +31.6,   0.0,1548.7,622
:BI,   -49,  +100,    -2,    +0,A
:BS,  +100,   +49,    -2,A
:BE,  +100,   +49,    -2,A
:BD,        +0.22,        +0.07,        +0.00,   4.62,  0.00
:SA,   +0.00,   +0.00,  0.00
:TS,04010100220602,35.0, +31.6,   0.0,1548.7,623
:BI,   -55,    +2,    +0,   -14,A
:BS,    +2,   +55,    +0,A
:BE,    +2,   +55,    +0,A
:BD,        +0.23,        +0.07,        +0.00,   4.59,  0.00
:SA,   +0.00,   +0.00,  0.00
:TS,04010100220612,35.0, +31.6,   0.0,1548.7,624
:BI,   -53,   +98,   -16,    -4,A
:BS,   +98,   +53,   -16,A
:BE,   +98,   +53,   -16,A
:BD,        +0.24,        +0.07,        +0.00,   4.59,  0.00
:SA,   +0.00,   +0.00,  0.00
:TS,04010100220621,35.0, +31.6,   0.0,1548.7,621
:BI,   -50,  +103,   -18,    +0,A
:BS,  +103,   +50,   -18,A
:BE,  +103,   +50,   -18,A
:BD,        +0.24,        +0.08,        +0.00,   4.59,  0.00
:SA,   +0.00,   +0.00,  0.00
:TS,04010100220630,35.0, +31.6,   0.0,1548.7,627
:BI,   -56,    +0,   -14,    -9,A
:BS,    +0,   +56,   -14,A
:BE,    +0,   +56,   -14,A
:BD,        +0.25,        +0.08,       -0.00,   4.59,  0.00
:SA,   +0.00,   +0.00,  0.00
:TS,04010100220639,35.0, +31.6,   0.0,1548.7,628
:BI,   -51,    +0,    -3,   -39,A
:BS,    +0,   +51,    -3,A
:BE,    +0,   +51,    -3,A
:BD,        +0.25,        +0.09,       -0.00,   4.57,  0.00
:SA,   +0.00,   +0.00,  0.00
:TS,04010100220648,35.0, +31.6,   0.0,1548.7,622
:BI,   -45,   +89,   -13,    +0,A
:BS,   +89,   +45,   -13,A
:BE,   +89,   +45,   -13,A
:BD,        +0.26,        +0.09,       -0.00,   4.59,  0.00
:SA,   +0.00,   +0.00,  0.00
:TS,04010100220657,35.0, +31.6,   0.0,1548.7,623
:BI,   -35,  +104,   -13,    +6,A
:BS,  +104,   +35,   -13,A
:BE,  +104,   +35,   -13,A
:BD,        +0.26,        +0.10,       -0.00,   4.57,  0.00
:SA,   +0.00,   +0.00,  0.00
:TS,04010100220668,35.0, +31.6,   0.0,1548.7,624
:BI,   -34,  +101,    -5,    -4,A
:BS,  +101,   +34,    -5,A
:BE,  +101,   +34,    -5,A
:BD,        +0.27,        +0.10,       -0.00,   4.57,  0.00
:SA,   +0.00,   +0.00,  0.00
:TS,04010100220679,35.0, +31.6,   0.0,1548.7,621
:BI,   -55,  +105,    -5,   -12,A
:BS,  +105,   +55,    -5,A
:BE,  +105,   +55,    -5,A
:BD,        +0.28,        +0.11,       -0.00,   4.61,  0.00
:SA,   +0.00,   +0.00,  0.00
:TS,04010100220688,35.0, +31.6,   0.0,1548.7,627
:BI,   -41,  +113,    +0,    -5,A
:BS,  +113,   +41,    +0,A
:BE,  +113,   +41,    +0,A
:BD,        +0.29,        +0.11,       -0.00,   4.55,  0.00
:SA,   +0.00,   +0.00,  0.00
:TS,04010100220697,35.0, +31.6,   0.0,1548.7,628
:BI,   -44,  +119,    -3,    -4,A
:BS,  +119,   +44,    -3,A
:BE,  +119,   +44,    -3,A
:BD,        +0.30,        +0.11,       -0.00,   4.59,  0.00
:SA,   +0.00,   +0.00,  0.00
:TS,04010100220706,35.0, +31.6,   0.0,1548.7,622
:BI,   -41,   +10,    -8,   +20,A
:BS,   +10,   +41,    -8,A
:BE,   +10,   +41,    -8,A
:BD,        +0.31,        +0.12,       -0.01,   4.64,  0.00
:SA,   +0.00,   +0.00,  0.00
:TS,04010100220715,35.0, +31.6,   0.0,1548.7,623
:BI,   -52,  +118,    +7,    +0,A
:BS,  +118,   +52,    +7,A
:BE,  +118,   +52,    +7,A
:BD,        +0.31,        +0.12,       -0.01,   4.57,  0.00
:SA,   +0.00,   +0.00,  0.00
:TS,04010100220724,35.0, +31.6,   0.0,1548.7,624
:BI,   -48,  +113,    +6,    +3,A
:BS,  +113,   +48,    +6,A
:BE,  +113,   +48,    +6,A
:BD,        +0.32,        +0.13,       -0.01,   4.57,  0.00
:SA,   +0.00,   +0.00,  0.00
:TS,04010100220733,35.0, +31.6,   0.0,1548.7,621
:BI,   -46,   +89,   +13,    +4,A
:BS,   +89,   +46,   +13,A
:BE,   +89,   +46,   +13,A
:BD,        +0.33,        +0.13,       -0.01,   4.59,  0.00
:SA,   +0.00,   +0.00,  0.00
:TS,04010100220742,35.0, +31.6,   0.0,1548.7,627
:BI,   -32,   +94,   +12,    +6,A
:BS,   +94,   +32,   +12,A
:BE,   +94,   +32,   +12,A
:BD,        +0.34,        +0.14,       -0.01,   4.59,  0.00
:SA,   +0.00,   +0.00,  0.00
:TS,04010100220751,35.0, +31.6,   0.0,1548.7,628
:BI,   -37,   +95,   +11,   +13,A
:BS,   +95,   +37,   +11,A
:BE,   +95,   +37,   +11,A
:BD,        +0.35,        +0.14,       -0.00,   4.64,  0.00
:SA,   +0.00,   +0.00,  0.00
:TS,04010100220760,35.0, +31.6,   0.0,1548.7,622
:BI,   -26,   +86,    +9,    +0,A
:BS,   +86,   +26,    +9,A
:BE,   +86,   +26,    +9,A
:BD,        +0.35,        +0.14,       -0.00,   4.57,  0.00
:SA,   +0.00,   +0.00,  0.00
:TS,04010100220769,35.0, +31.6,   0.0,1548.7,623
:BI,   -25,   +97,    +9,    -3,A
:BS,   +97,   +25,    +9,A
:BE,   +97,   +25,    +9,A
:BD,        +0.36,        +0.15,       -0.00,   4.61,  0.00
:SA,   +0.00,   +0.00,  0.00
:TS,04010100220778,35.0, +31.6,   0.0,1548.7,624
:BI,   -36,  +101,    +1,    -4,A
:BS,  +101,   +36,    +1,A
:BE,  +101,   +36,    +1,A
:BD,        +0.37,        +0.15,       -0.00,   4.61,  0.00
:SA,   +0.00,   +0.00,  0.00
:TS,04010100220789,35.0, +31.6,   0.0,1548.7,621
:BI,   -25,    +0,   -18,   +22,A
:BS,    +0,   +25,   -18,A
:BE,    +0,   +25,   -18,A
:BD,        +0.38,        +0.15,       -0.00,   4.57,  0.00
:SA,   +0.00,   +0.00,  0.00
:TS,04010100220800,35.0, +31.6,   0.0,1548.7,627
:BI,   -34,  +120,   -13,    -5,A
:BS,  +120,   +34,   -13,A
:BE,  +120,   +34,   -13,A
:BD,        +0.39,        +0.16,       -0.00,   4.55,  0.00
:SA,   +0.00,   +0.00,  0.00
:TS,04010100220809,35.0, +31.6,   0.0,1548.7,628
:BI,   -39,  +122,   -16,   -10,A
:BS,  +122,   +39,   -16,A
:BE,  +122,   +39,   -16,A
:BD,        +0.40,        +0.16,       -0.00,   4.57,  0.00
:SA,   +0.00,   +0.00,  0.00
:TS,04010100220818,35.0, +31.6,   0.0,1548.7,622
:BI,   -65,    +3,   -10,   +16,A
:BS,    +3,   +65,   -10,A
:BE,    +3,   +65,   -10,A
:BD,        +0.40,        +0.16,       -0.00,   4.59,  0.00
:SA,   +0.00,   +0.00,  0.00
:TS,04010100220827,35.0, +31.6,   0.0,1548.7,623
:BI,   -33,  +116,   -15,    +0,A
:BS,  +116,   +33,   -15,A
:BE,  +116,   +33,   -15,A
:BD,        +0.41,        +0.17,       -0.00,   4.61,  0.00
:SA,   +0.00,   +0.00,  0.00
:TS,04010100220836,35.0, +31.6,   0.0,1548.7,624
:BI,   -44,  +100,    -9,    +0,A
:BS,  +100,   +44,    -9,A
:BE,  +100,   +44,    -9,A
:BD,        +0.42,        +0.17,       -0.01,   4.62,  0.00
:SA,   +0.00,   +0.00,  0.00
:TS,04010100220845,35.0, +31.6,   0.0,1548.7,621
:BI,   -34,   +65,    +0,    +5,A
:BS,   +65,   +34,    +0,A
:BE,   +65,   +34,    +0,A
:BD,        +0.43,        +0.17,       -0.01,   4.59,  0.00
:SA,   +0.00,   +0.00,  0.00
:TS,04010100220854,35.0, +31.6,   0.0,1548.7,627
:BI,   -26,   +96,    +0,   +20,A
:BS,   +96,   +26,    +0,A
:BE,   +96,   +26,    +0,A
:BD,        +0.43,        +0.18,       -0.01,   4.61,  0.00
:SA,   +0.00,   +0.00,  0.00
:TS,04010100220863,35.0, +31.6,   0.0,1548.7,628
:BI,   -32,   +77,    +9,    -5,A
:BS,   +77,   +32,    +9,A
:BE,   +77,   +32,    +9,A
:BD,        +0.44,        +0.18,       -0.01,   4.59,  0.00
:SA,   +0.00,   +0.00,  0.00
:TS,04010100220872,35.0, +31.6,   0.0,1548.7,622
:BI,   -27,   +75,   +16,    +2,A
:BS,   +75,   +27,   +16,A
:BE,   +75,   +27,   +16,A
:BD,        +0.45,        +0.18,       -0.01,   4.59,  0.00
:SA,   +0.00,   +0.00,  0.00
:TS,04010100220881,35.0, +31.6,   0.0,1548.7,623
:BI,   -38,    +2,   +25,   -23,A
:BS,    +2,   +38,   +25,A
:BE,    +2,   +38,   +25,A
:BD,        +0.45,        +0.19,       -0.01,   4.57,  0.00
:SA,   +0.00,   +0.00,  0.00
:TS,04010100220890,35.0, +31.6,   0.0,1548.7,624
:BI,   -36,  +103,    +7,    +6,A
:BS,  +103,   +36,    +7,A
:BE,  +103,   +36,    +7,A
:BD,        +0.46,        +0.19,       -0.01,   4.61,  0.00
:SA,   +0.00,   +0.00,  0.00
:TS,04010100220899,35.0, +31.6,   0.0,1548.7,621
:BI,   -53,   +87,    +8,   -12,A
:BS,   +87,   +53,    +8,A
:BE,   +87,   +53,    +8,A
:BD,        +0.47,        +0.19,       -0.00,   4.61,  0.00
:SA,   +0.00,   +0.00,  0.00
:TS,04010100220910,35.0, +31.5,   0.0,1548.6,627
:BI,   -47,    +0,    -4,    +4,A
:BS,    +0,   +47,    -4,A
:BE,    +0,   +47,    -4,A
:BD,        +0.47,        +0.20,       -0.00,   4.57,  0.00
:SA,   +0.00,   +0.00,  0.00
:TS,04010100220921,35.0, +31.5,   0.0,1548.6,628
:BI,   -45,   +95,   -12,    -5,A
:BS,   +95,   +45,   -12,A
:BE,   +95,   +45,   -12,A
:BD,        +0.48,        +0.20,       -0.00,   4.59,  0.00
:SA,   +0.00,   +0.00,  0.00
:TS,04010100220931,35.0, +31.5,   0.0,1548.6,622
:BI,   -43,  +111,   -20,    +8,A
:BS,  +111,   +43,   -20,A
:BE,  +111,   +43,   -20,A
:BD,        +0.49,        +0.21,       -0.00,   4.62,  0.00
:SA,   +0.00,   +0.00,  0.00
:TS,04010100220940,35.0, +31.5,   0.0,1548.6,623
:BI,   -38,   +97,   -10,    +5,A
:BS,   +97,   +38,   -10,A
:BE,   +97,   +38,   -10,A
:BD,        +0.50,        +0.21,       -0.00,   4.59,  0.00
:SA,   +0.00,   +0.00,  0.00
:TS,04010100220949,35.0, +31.5,   0.0,1548.6,624
:BI,   -14,    +0,    +0,   -35,A
:BS,    +0,   +14,    +0,A
:BE,    +0,   +14,    +0,A
:BD,        +0.50,        +0.21,       -0.01,   4.57,  0.00
:SA,   +0.00,   +0.00,  0.00
:TS,04010100220958,35.0, +31.5,   0.0,1548.6,621
:BI,   -16,   +79,    -1,    +3,A
:BS,   +79,   +16,    -1,A
:BE,   +79,   +16,    -1,A
:BD,        +0.51,        +0.22,       -0.01,   4.61,  0.00
:SA,   +0.00,   +0.00,  0.00
:TS,04010100220967,35.0, +31.5,   0.0,1548.6,627
:BI,   -34,   +66,    +0,    -7,A
:BS,   +66,   +34,    +0,A
:BE,   +66,   +34,    +0,A
:BD,        +0.51,        +0.22,       -0.01,   4.61,  0.00
:SA,   +0.00,   +0.00,  0.00
:TS,04010100220976,35.0, +31.5,   0.0,1548.6,628
:BI,   -39,    +0,   +24,   -44,A
:BS,    +0,   +39,   +24,A
:BE,    +0,   +39,   +24,A
:BD,        +0.52,        +0.22,       -0.01,   4.55,  0.00
:SA,   +0.00,   +0.00,  0.00
:TS,04010100220985,35.0, +31.5,   0.0,1548.6,622
:BI,   -19,   +78,    +7,    -1,A
:BS,   +78,   +19,    +7,A
:BE,   +78,   +19,    +7,A
:BD,        +0.52,        +0.22,       -0.01,   4.57,  0.00
:SA,   +0.00,   +0.00,  0.00
:TS,04010100220994,35.0, +31.5,   0.0,1548.6,623
:BI,   -35,   +86,    +9,    +3,A
:BS,   +86,   +35,    +9,A
:BE,   +86,   +35,    +9,A
:BD,        +0.53,        +0.23,       -0.00,   4.59,  0.00
:SA,   +0.00,   +0.00,  0.00
:TS,04010100221003,35.0, +31.5,   0.0,1548.6,624
:BI,   -23,   +89,    +2,    +6,A
:BS,   +89,   +23,    +2,A
:BE,   +89,   +23,    +2,A
:BD,        +0.53,        +0.23,       -0.00,   4.61,  0.00
:SA,   +0.00,   +0.00,  0.00
:TS,04010100221012,35.0, +31.5,   0.0,1548.6,621
:BI,   -23,   +89,   -10,    +0,A
:BS,   +89,   +23,   -10,A
:BE,   +89,   +23,   -10,A
:BD,        +0.54,        +0.23,       -0.00,   4.59,  0.00
:SA,   +0.00,   +0.00,  0.00
:TS,04010100221023,35.0, +31.6,   0.0,1548.7,627
:BI,   -12,   +86,   -18,    +0,A
:BS,   +86,   +12,   -18,A
:BE,   +86,   +12,   -18,A
:BD,        +0.55,        +0.23,       -0.00,   4.57,  0.00
:SA,   +0.00,   +0.00,  0.00
:TS,04010100221034,35.0, +31.6,   0.0,1548.7,628
:BI,   -24,    +5,   -17,   -32,A
:BS,    +5,   +24,   -17,A
:BE,    +5,   +24,   -17,A
:BD,        +0.56,        +0.24,       -0.01,   4.57,  0.00
:SA,   +0.00,   +0.00,  0.00
:TS,04010100221043,35.0, +31.6,   0.0,1548.7,622
:BI,   -27,   +77,   -24,    +2,A
:BS,   +77,   +27,   -24,A
:BE,   +77,   +27,   -24,A
:BD,        +0.56,        +0.24,       -0.01,   4.59,  0.00
:SA,   +0.00,   +0.00,  0.00
:TS,04010100221052,35.0, +31.6,   0.0,1548.7,623
:BI,   -22,   +70,   -14,    +7,A
:BS,   +70,   +22,   -14,A
:BE,   +70,   +22,   -14,A
:BD,        +0.57,        +0.24,       -0.01,   4.57,  0.00
:SA,   +0.00,   +0.00,  0.00
:TS,04010100221061,35.0, +31.6,   0.0,1548.7,624
:BI,   -19,   +55,    +3,    +0,A
:BS,   +55,   +19,    +3,A
:BE,   +55,   +19,    +3,A
:BD,        +0.57,        +0.24,       -0.01,   4.57,  0.00
:SA,   +0.00,   +0.00,  0.00
:TS,04010100221070,35.0, +31.6,   0.0,1548.7,621
:BI,    -1,   +40,   +15,   +13,A
:BS,   +40,    +1,   +15,A
:BE,   +40,    +1,   +15,A
:BD,        +0.58,        +0.24,       -0.01,   4.57,  0.00
:SA,   +0.00,   +0.00,  0.00
:TS,04010100221079,35.0, +31.6,   0.0,1548.7,627
:BI,   -14,   +30,   +23,    +0,A
:BS,   +30,   +14,   +23,A
:BE,   +30,   +14,   +23,A
:BD,        +0.58,        +0.25,       -0.01,   4.57,  0.00
:SA,   +0.00,   +0.00,  0.00
:TS,04010100221088,35.0, +31.6,   0.0,1548.7,628
:BI,    +7,   +32,   +33,    +3,A
:BS,   +32,    -7,   +33,A
:BE,   +32,    -7,   +33,A
:BD,        +0.59,        +0.25,       -0.01,   4.61,  0.00
:SA,   +0.00,   +0.00,  0.00
:TS,04010100221097,35.0, +31.6,   0.0,1548.7,622
:BI,    +3,   +24,   +33,    +7,A
:BS,   +24,    -3,   +33,A
:BE,   +24,    -3,   +33,A
:BD,        +0.59,        +0.25,       -0.01,   4.64,  0.00
:SA,   +0.00,   +0.00,  0.00
:TS,04010100221106,35.0, +31.6,   0.0,1548.7,623
:BI,    +0,   +34,   +28,    +3,A
:BS,   +34,    +0,   +28,A
:BE,   +34,    +0,   +28,A
:BD,        +0.59,        +0.25,       -0.00,   4.61,  0.00
:SA,   +0.00,   +0.00,  0.00
:TS,04010100221115,35.0, +31.6,   0.0,1548.7,624
:BI,   -13,   +29,   +19,    +2,A
:BS,   +29,   +13,   +19,A
:BE,   +29,   +13,   +19,A
:BD,        +0.60,        +0.25,       -0.00,   4.59,  0.00
:SA,   +0.00,   +0.00,  0.00
:TS,04010100221124,35.0, +31.6,   0.0,1548.7,621
:BI,   -23,   +35,    +7,    +2,A
:BS,   +35,   +23,    +7,A
:BE,   +35,   +23,    +7,A
:BD,        +0.60,        +0.25,       -0.00,   4.61,  0.00
:SA,   +0.00,   +0.00,  0.00
:TS,04010100221133,35.0, +31.6,   0.0,1548.7,627
:BI,   -28,   +52,    -2,    -2,A
:BS,   +52,   +28,    -2,A
:BE,   +52,   +28,    -2,A
:BD,        +0.60,        +0.25,        +0.00,   4.61,  0.00
:SA,   +0.00,   +0.00,  0.00
:TS,04010100221144,35.0, +31.6,   0.0,1548.7,628
:BI,   -26,   +74,   -14,   +11,A
:BS,   +74,   +26,   -14,A
:BE,   +74,   +26,   -14,A
:BD,        +0.61,        +0.25,        +0.00,   4.61,  0.00
:SA,   +0.00,   +0.00,  0.00
:TS,04010100221155,35.0, +31.6,   0.0,1548.7,622
:BI,    +3,   +68,   -25,    +5,A
:BS,   +68,    -3,   -25,A
:BE,   +68,    -3,   -25,A
:BD,        +0.62,        +0.25,        +0.00,   4.64,  0.00
:SA,   +0.00,   +0.00,  0.00
:TS,04010100221164,35.0, +31.6,   0.0,1548.7,623
:BI,    +0,   +67,   -21,    -6,A
:BS,   +67,    +0,   -21,A
:BE,   +67,    +0,   -21,A
:BD,        +0.62,        +0.26,        +0.00,   4.59,  0.00
:SA,   +0.00,   +0.00,  0.00
:TS,04010100221173,35.0, +31.6,   0.0,1548.7,624
:BI,   +27,   +56,   -11,    +2,A
:BS,   +56,   -27,   -11,A
:BE,   +56,   -27,   -11,A
:BD,        +0.63,        +0.26,       -0.00,   4.61,  0.00
:SA,   +0.00,   +0.00,  0.00
:TS,04010100221182,35.0, +31.6,   0.0,1548.7,621
:BI,   +29,   +34,   -11,    +2,A
:BS,   +34,   -29,   -11,A
:BE,   +34,   -29,   -11,A
:BD,        +0.63,        +0.25,       -0.00,   4.59,  0.00
:SA,   +0.00,   +0.00,  0.00
:TS,04010100221191,35.0, +31.6,   0.0,1548.7,627
:BI,   +27,    +0,    -4,    -6,A
:BS,    +0,   -27,    -4,A
:BE,    +0,   -27,    -4,A
:BD,        +0.63,        +0.25,       -0.00,   4.62,  0.00
:SA,   +0.00,   +0.00,  0.00
:TS,04010100221200,35.0, +31.6,   0.0,1548.7,628
:BI,   +14,    +0,    -8,    +0,A
:BS,    +0,   -14,    -8,A
:BE,    +0,   -14,    -8,A
:BD,        +0.64,        +0.25,       -0.00,   4.59,  0.00
:SA,   +0.00,   +0.00,  0.00
:TS,04010100221209,35.0, +31.6,   0.0,1548.7,622
:BI,    +2,    -6,    -8,    +2,A
:BS,    -6,    -2,    -8,A
:BE,    -6,    -2,    -8,A
:BD,        +0.64,        +0.25,       -0.00,   4.61,  0.00
:SA,   +0.00,   +0.00,  0.00
:TS,04010100221218,35.0, +31.6,   0.0,1548.7,623
:BI,    -7,    +0,   -10,    -3,A
:BS,    +0,    +7,   -10,A
:BE,    +0,    +7,   -10,A
:BD,        +0.64,        +0.25,       -0.00,   4.61,  0.00
:SA,   +0.00,   +0.00,  0.00
:TS,04010100221227,35.0, +31.6,   0.0,1548.7,624
:BI,    -4,    +0,   -10,    -3,A
:BS,    +0,    +4,   -10,A
:BE,    +0,    +4,   -10,A
:BD,        +0.64,        +0.25,       -0.00,   4.54,  0.00
:SA,   +0.00,   +0.00,  0.00
:TS,04010100221236,35.0, +31.6,   0.0,1548.7,621
:BI,    -3,    -9,    -7,    -9,A
:BS,    -9,    +3,    -7,A
:BE,    -9,    +3,    -7,A
:BD,        +0.64,        +0.25,       -0.01,   4.59,  0.00
:SA,   +0.00,   +0.00,  0.00
:TS,04010100221245,35.0, +31.6,   0.0,1548.7,627
:BI,    +6,    +0,    +3,   -12,A
:BS,    +0,    -6,    +3,A
:BE,    +0,    -6,    +3,A
:BD,        +0.64,        +0.25,       -0.01,   4.57,  0.00
:SA,   +0.00,   +0.00,  0.00
:TS,04010100221254,35.0, +31.6,   0.0,1548.7,628
:BI,   +15,    -8,    +7,    +2,A
:BS,    -8,   -15,    +7,A
:BE,    -8,   -15,    +7,A
:BD,        +0.64,        +0.25,       -0.01,   4.61,  0.00
:SA,   +0.00,   +0.00,  0.00
:TS,04010100221265,35.0, +31.6,   0.0,1548.7,622
:BI,   +24,    -9,   +12,    +0,A
:BS,    -9,   -24,   +12,A
:BE,    -9,   -24,   +12,A
:BD,        +0.64,        +0.25,       -0.01,   4.54,  0.00
:SA,   +0.00,   +0.00,  0.00
:TS,04010100221276,35.0, +31.6,   0.0,1548.7,623
:BI,   +24,    -4,   +16,    +9,A
:BS,    -4,   -24,   +16,A
:BE,    -4,   -24,   +16,A
:BD,        +0.64,        +0.25,       -0.01,   4.62,  0.00
:SA,   +0.00,   +0.00,  0.00
:TS,04010100221285,35.0, +31.6,   0.0,1548.7,624
:BI,   +27,    -3,   +22,    +5,A
:BS,    -3,   -27,   +22,A
:BE,    -3,   -27,   +22,A
:BD,        +0.64,        +0.25,       -0.00,   4.59,  0.00
:SA,   +0.00,   +0.00,  0.00
:TS,04010100221294,35.0, +31.6,   0.0,1548.7,621
:BI,   +30,    +2,   +20,    -3,A
:BS,    +2,   -30,   +20,A
:BE,    +2,   -30,   +20,A
:BD,        +0.64,        +0.24,       -0.00,   4.61,  0.00
:SA,   +0.00,   +0.00,  0.00
:TS,04010100221303,35.0, +31.6,   0.0,1548.7,627
:BI,   +24,    +0,   +17,    -1,A
:BS,    +0,   -24,   +17,A
:BE,    +0,   -24,   +17,A
:BD,        +0.64,        +0.24,       -0.00,   4.61,  0.00
:SA,   +0.00,   +0.00,  0.00
:TS,04010100221312,35.0, +31.6,   0.0,1548.7,628
:BI,   +28,    -1,   +10,    +0,A
:BS,    -1,   -28,   +10,A
:BE,    -1,   -28,   +10,A
:BD,        +0.64,        +0.24,       -0.00,   4.59,  0.00
:SA,   +0.00,   +0.00,  0.00
:TS,04010100221321,35.0, +31.6,   0.0,1548.7,622
:BI,   +12,    -5,    +6,    +3,A
:BS,    -5,   -12,    +6,A
:BE,    -5,   -12,    +6,A
:BD,        +0.64,        +0.24,       -0.00,   4.59,  0.00
:SA,   +0.00,   +0.00,  0.00
:TS,04010100221330,35.0, +31.6,   0.0,1548.7,623
:BI,   +11,    -2,   -14,   +15,A
:BS,    -2,   -11,   -14,A
:BE,    -2,   -11,   -14,A
:BD,        +0.64,        +0.24,        +0.00,   4.61,  0.00
:SA,   +0.00,   +0.00,  0.00
:TS,04010100221339,35.0, +31.6,   0.0,1548.7,624
:BI,   +11,    +1,   -13,    +9,A
:BS,    +1,   -11,   -13,A
:BE,    +1,   -11,   -13,A
:BD,        +0.64,        +0.24,        +0.00,   4.61,  0.00
:SA,   +0.00,   +0.00,  0.00
:TS,04010100221348,35.0, +31.6,   0.0,1548.7,621
:BI,   +15,   -31,   -12,    +4,A
:BS,   -31,   -15,   -12,A
:BE,   -31,   -15,   -12,A
:BD,        +0.64,        +0.23,       -0.00,   4.57,  0.00
:SA,   +0.00,   +0.00,  0.00
:TS,04010100221357,35.0, +31.6,   0.0,1548.7,627
:BI,   +13,   -53,    -8,    +4,A
:BS,   -53,   -13,    -8,A
:BE,   -53,   -13,    -8,A
:BD,        +0.64,        +0.23,       -0.00,   4.62,  0.00
:SA,   +0.00,   +0.00,  0.00
:TS,04010100221366,35.0, +31.6,   0.0,1548.7,628
:BI,   +28,   -56,    -6,    +0,A
:BS,   -56,   -28,    -6,A
:BE,   -56,   -28,    -6,A
:BD,        +0.64,        +0.23,       -0.00,   4.62,  0.00
:SA,   +0.00,   +0.00,  0.00
:TS,04010100221375,35.0, +31.6,   0.0,1548.7,622
:BI,   +17,   -62,    -2,    -7,A
:BS,   -62,   -17,    -2,A
:BE,   -62,   -17,    -2,A
:BD,        +0.63,        +0.23,       -0.00,   4.59,  0.00
:SA,   +0.00,   +0.00,  0.00
:TS,04010100221386,35.0, +31.5,   0.0,1548.6,623
:BI,   +41,   -54,    -4,    +7,A
:BS,   -54,   -41,    -4,A
:BE,   -54,   -41,    -4,A
:BD,        +0.63,        +0.23,       -0.00,   4.55,  0.00
:SA,   +0.00,   +0.00,  0.00
:TS,04010100221397,35.0, +31.5,   0.0,1548.6,624
:BI,   +44,    -1,   -17,   +13,A
:BS,    -1,   -44,   -17,A
:BE,    -1,   -44,   -17,A
:BD,        +0.62,        +0.22,       -0.00,   4.59,  0.00
:SA,   +0.00,   +0.00,  0.00
:TS,04010100221406,35.0, +31.5,   0.0,1548.6,621
:BI,   +48,   -41,   -11,    +0,A
:BS,   -41,   -48,   -11,A
:BE,   -41,   -48,   -11,A
:BD,        +0.62,        +0.22,       -0.00,   4.59,  0.00
:SA,   +0.00,   +0.00,  0.00
:TS,04010100221415,35.0, +31.5,   0.0,1548.6,627
:BI,   +55,   -37,   -14,   -14,A
:BS,   -37,   -55,   -14,A
:BE,   -37,   -55,   -14,A
:BD,        +0.62,        +0.22,       -0.00,   4.59,  0.00
:SA,   +0.00,   +0.00,  0.00
:TS,04010100221424,35.0, +31.5,   0.0,1548.6,628
:BI,   +44,   -29,   -12,    +4,A
:BS,   -29,   -44,   -12,A
:BE,   -29,   -44,   -12,A
:BD,        +0.62,        +0.21,       -0.01,   4.55,  0.00
:SA,   +0.00,   +0.00,  0.00
:TS,04010100221433,35.0, +31.5,   0.0,1548.6,622
:BI,   +36,   -28,    -9,    +0,A
:BS,   -28,   -36,    -9,A
:BE,   -28,   -36,    -9,A
:BD,        +0.61,        +0.21,       -0.01,   4.55,  0.00
:SA,   +0.00,   +0.00,  0.00
:TS,04010100221442,35.0, +31.5,   0.0,1548.6,623
:BI,   +29,   -13,    +0,   +11,A
:BS,   -13,   -29,    +0,A
:BE,   -13,   -29,    +0,A
:BD,        +0.61,        +0.21,       -0.01,   4.55,  0.00
:SA,   +0.00,   +0.00,  0.00
:TS,04010100221451,35.0, +31.5,   0.0,1548.6,624
:BI,   +33,   -48,    +8,    -4,A
:BS,   -48,   -33,    +8,A
:BE,   -48,   -33,    +8,A
:BD,        +0.61,        +0.20,       -0.01,   4.57,  0.00
:SA,   +0.00,   +0.00,  0.00
:TS,04010100221460,35.0, +31.5,   0.0,1548.6,621
:BI,   +14,    +0,    -2,   +44,A
:BS,    +0,   -14,    -2,A
:BE,    +0,   -14,    -2,A
:BD,        +0.60,        +0.20,       -0.01,   4.55,  0.00
:SA,   +0.00,   +0.00,  0.00
:TS,04010100221469,35.0, +31.5,   0.0,1548.6,627
:BI,    +9,    +0,    +7,   +31,A
:BS,    +0,    -9,    +7,A
:BE,    +0,    -9,    +7,A
:BD,        +0.60,        +0.20,       -0.01,   4.55,  0.00
:SA,   +0.00,   +0.00,  0.00
:TS,04010100221478,35.0, +31.5,   0.0,1548.6,628
:BI,   +16,   -56,   +11,   +11,A
:BS,   -56,   -16,   +11,A
:BE,   -56,   -16,   +11,A
:BD,        +0.60,        +0.20,       -0.01,   4.57,  0.00
:SA,   +0.00,   +0.00,  0.00
:TS,04010100221487,35.0, +31.5,   0.0,1548.6,622
:BI,   +25,   -61,   +15,    -2,A
:BS,   -61,   -25,   +15,A
:BE,   -61,   -25,   +15,A
:BD,        +0.60,        +0.19,       -0.01,   4.57,  0.00
:SA,   +0.00,   +0.00,  0.00
:TS,04010100221496,35.0, +31.5,   0.0,1548.6,623
:BI,   +37,   -67,   +10,    +6,A
:BS,   -67,   -37,   +10,A
:BE,   -67,   -37,   +10,A
:BD,        +0.59,        +0.19,       -0.01,   4.64,  0.00
:SA,   +0.00,   +0.00,  0.00
:TS,04010100221507,35.0, +31.6,   0.0,1548.7,624
:BI,   +34,    -2,    -9,   +35,A
:BS,    -2,   -34,    -9,A
:BE,    -2,   -34,    -9,A
:BD,        +0.59,        +0.19,       -0.01,   4.59,  0.00
:SA,   +0.00,   +0.00,  0.00
:TS,04010100221518,35.0, +31.6,   0.0,1548.7,621
:BI,   +54,   -57,    -6,   -10,A
:BS,   -57,   -54,    -6,A
:BE,   -57,   -54,    -6,A
:BD,        +0.59,        +0.18,       -0.01,   4.61,  0.00
:SA,   +0.00,   +0.00,  0.00
:TS,04010100221527,35.0, +31.6,   0.0,1548.7,627
:BI,   +43,   -73,    -3,    +3,A
:BS,   -73,   -43,    -3,A
:BE,   -73,   -43,    -3,A
:BD,        +0.58,        +0.18,       -0.01,   4.62,  0.00
:SA,   +0.00,   +0.00,  0.00
:TS,04010100221536,35.0, +31.6,   0.0,1548.7,628
:BI,   +59,   -79,    -5,    +0,A
:BS,   -79,   -59,    -5,A
:BE,   -79,   -59,    -5,A
:BD,        +0.58,        +0.18,       -0.01,   4.61,  0.00
:SA,   +0.00,   +0.00,  0.00
:TS,04010100221545,35.0, +31.6,   0.0,1548.7,622
:BI,   +43,   -89,    +4,    +3,A
:BS,   -89,   -43,    +4,A
:BE,   -89,   -43,    +4,A
:BD,        +0.57,        +0.17,       -0.01,   4.57,  0.00
:SA,   +0.00,   +0.00,  0.00
:TS,04010100221554,35.0, +31.6,   0.0,1548.7,623
:BI,   +44,   -92,    +0,    -9,A
:BS,   -92,   -44,    +0,A
:BE,   -92,   -44,    +0,A
:BD,        +0.56,        +0.17,       -0.01,   4.55,  0.00
:SA,   +0.00,   +0.00,  0.00
:TS,04010100221563,35.0, +31.6,   0.0,1548.7,624
:BI,   +43,    +0,    -4,   +22,A
:BS,    +0,   -43,    -4,A
:BE,    +0,   -43,    -4,A
:BD,        +0.56,        +0.17,       -0.01,   4.59,  0.00
:SA,   +0.00,   +0.00,  0.00
:TS,04010100221572,35.0, +31.6,   0.0,1548.7,621
:BI,   +39,   -94,    -2,    +7,A
:BS,   -94,   -39,    -2,A
:BE,   -94,   -39,    -2,A
:BD,        +0.55,        +0.16,       -0.01,   4.57,  0.00
:SA,   +0.00,   +0.00,  0.00
:TS,04010100221581,35.0, +31.6,   0.0,1548.7,627
:BI,   +40,   -93,    +4,    -4,A
:BS,   -93,   -40,    +4,A
:BE,   -93,   -40,    +4,A
:BD,        +0.55,        +0.16,       -0.01,   4.59,  0.00
:SA,   +0.00,   +0.00,  0.00
:TS,04010100221590,35.0, +31.6,   0.0,1548.7,628
:BI,   +44,   -90,    +0,    +7,A
:BS,   -90,   -44,    +0,A
:BE,   -90,   -44,    +0,A
:BD,        +0.54,        +0.15,       -0.01,   4.59,  0.00
:SA,   +0.00,   +0.00,  0.00
:TS,04010100221599,35.0, +31.6,   0.0,1548.7,622
:BI,   +48,   -74,    +4,    -3,A
:BS,   -74,   -48,    +4,A
:BE,   -74,   -48,    +4,A
:BD,        +0.53,        +0.15,       -0.01,   4.55,  0.00
:SA,   +0.00,   +0.00,  0.00
:TS,04010100221608,35.0, +31.6,   0.0,1548.7,623
:BI,   +57,    +4,    -1,    -8,A
:BS,    +4,   -57,    -1,A
:BE,    +4,   -57,    -1,A
:BD,        +0.53,        +0.15,       -0.01,   4.61,  0.00
:SA,   +0.00,   +0.00,  0.00
:TS,04010100221617,35.0, +31.6,   0.0,1548.7,624
:BI,   +54,   -57,    +5,    +3,A
:BS,   -57,   -54,    +5,A
:BE,   -57,   -54,    +5,A
:BD,        +0.52,        +0.14,       -0.01,   4.57,  0.00
:SA,   +0.00,   +0.00,  0.00
:TS,04010100221628,35.0, +31.6,   0.0,1548.7,621
:BI,   +41,    +0,    +0,    +7,A
:BS,    +0,   -41,    +0,A
:BE,    +0,   -41,    +0,A
:BD,        +0.52,        +0.14,       -0.01,   4.61,  0.00
:SA,   +0.00,   +0.00,  0.00
:TS,04010100221639,35.0, +31.6,   0.0,1548.7,627
:BI,   +43,   -80,    +9,    +6,A
:BS,   -80,   -43,    +9,A
:BE,   -80,   -43,    +9,A
:BD,        +0.51,        +0.13,       -0.01,   4.61,  0.00
:SA,   +0.00,   +0.00,  0.00
:TS,04010100221648,35.0, +31.6,   0.0,1548.7,628
:BI,   +33,    -7,    -9,   +48,A
:BS,    -7,   -33,    -9,A
:BE,    -7,   -33,    -9,A
:BD,        +0.51,        +0.13,       -0.01,   4.61,  0.00
:SA,   +0.00,   +0.00,  0.00
:TS,04010100221657,35.0, +31.6,   0.0,1548.7,622
:BI,   +16,   -97,   +13,   -10,A
:BS,   -97,   -16,   +13,A
:BE,   -97,   -16,   +13,A
:BD,        +0.50,        +0.12,       -0.00,   4.59,  0.00
:SA,   +0.00,   +0.00,  0.00
:TS,04010100221666,35.0, +31.6,   0.0,1548.7,623
:BI,   +19,  -115,    +9,    -3,A
:BS,  -115,   -19,    +9,A
:BE,  -115,   -19,    +9,A
:BD,        +0.50,        +0.12,       -0.00,   4.59,  0.00
:SA,   +0.00,   +0.00,  0.00
:TS,04010100221675,35.0, +31.6,   0.0,1548.7,624
:BI,   +22,  -112,   +13,    +0,A
:BS,  -112,   -22,   +13,A
:BE,  -112,   -22,   +13,A
:BD,        +0.49,        +0.12,       -0.00,   4.61,  0.00
:SA,   +0.00,   +0.00,  0.00
:TS,04010100221684,35.0, +31.6,   0.0,1548.7,621
:BI,   +31,    -3,   -15,   +46,A
:BS,    -3,   -31,   -15,A
:BE,    -3,   -31,   -15,A
:BD,        +0.49,        +0.12,       -0.00,   4.61,  0.00
:SA,   +0.00,   +0.00,  0.00
:TS,04010100221693,35.0, +31.6,   0.0,1548.7,627
:BI,   +49,   -90,    +3,    -5,A
:BS,   -90,   -49,    +3,A
:BE,   -90,   -49,    +3,A
:BD,        +0.48,        +0.11,       -0.00,   4.61,  0.00
:SA,   +0.00,   +0.00,  0.00
:TS,04010100221702,35.0, +31.6,   0.0,1548.7,628
:BI,   +56,    -2,   -12,   +41,A
:BS,    -2,   -56,   -12,A
:BE,    -2,   -56,   -12,A
:BD,        +0.48,        +0.11,       -0.00,   4.57,  0.00
:SA,   +0.00,   +0.00,  0.00
:TS,04010100221711,35.0, +31.6,   0.0,1548.7,622
:BI,   +66,  -104,    -9,    -8,A
:BS,  -104,   -66,    -9,A
:BE,  -104,   -66,    -9,A
:BD,        +0.47,        +0.11,       -0.00,   4.61,  0.00
:SA,   +0.00,   +0.00,  0.00
:TS,04010100221720,35.0, +31.6,   0.0,1548.7,623
:BI,   +64,   -90,   -16,    +0,A
:BS,   -90,   -64,   -16,A
:BE,   -90,   -64,   -16,A
:BD,        +0.46,        +0.10,       -0.00,   4.57,  0.00
:SA,   +0.00,   +0.00,  0.00
:TS,04010100221729,35.0, +31.6,   0.0,1548.7,624
:BI,   +64,    +0,   -35,   +50,A
:BS,    +0,   -64,   -35,A
:BE,    +0,   -64,   -35,A
:BD,        +0.46,        +0.10,       -0.01,   4.57,  0.00
:SA,   +0.00,   +0.00,  0.00
:TS,04010100221738,35.0, +31.6,   0.0,1548.7,621
:BI,   +55,   -97,   -22,    -5,A
:BS,   -97,   -55,   -22,A
:BE,   -97,   -55,   -22,A
:BD,        +0.45,        +0.09,       -0.01,   4.57,  0.00
:SA,   +0.00,   +0.00,  0.00
:TS,04010100221749,35.0, +31.5,   0.0,1548.6,627
:BI,   +38,    -1,   -35,   +37,A
:BS,    -1,   -38,   -35,A
:BE,    -1,   -38,   -35,A
:BD,        +0.45,        +0.09,       -0.01,   4.55,  0.00
:SA,   +0.00,   +0.00,  0.00
:TS,04010100221760,35.0, +31.5,   0.0,1548.6,628
:BI,   +35,   -87,   -12,    -4,A
:BS,   -87,   -35,   -12,A
:BE,   -87,   -35,   -12,A
:BD,        +0.44,        +0.08,       -0.01,   4.59,  0.00
:SA,   +0.00,   +0.00,  0.00
:TS,04010100221770,35.0, +31.5,   0.0,1548.6,622
:BI,   +20,    +0,    -3,   +14,A
:BS,    +0,   -20,    -3,A
:BE,    +0,   -20,    -3,A
:BD,        +0.44,        +0.08,       -0.01,   4.59,  0.00
:SA,   +0.00,   +0.00,  0.00
:TS,04010100221779,35.0, +31.5,   0.0,1548.6,623
:BI,   +31,  -102,   +12,    -3,A
:BS,  -102,   -31,   +12,A
:BE,  -102,   -31,   +12,A
:BD,        +0.43,        +0.07,       -0.01,   4.61,  0.00
:SA,   +0.00,   +0.00,  0.00
:TS,04010100221789,35.0, +31.5,   0.0,1548.6,624
:BI,   +38,  -125,   +26,   +11,A
:BS,  -125,   -38,   +26,A
:BE,  -125,   -38,   +26,A
:BD,        +0.42,        +0.07,       -0.01,   4.59,  0.00
:SA,   +0.00,   +0.00,  0.00
:TS,04010100221798,35.0, +31.5,   0.0,1548.6,621
:BI,   +53,  -120,   +32,    +2,A
:BS,  -120,   -53,   +32,A
:BE,  -120,   -53,   +32,A
:BD,        +0.42,        +0.07,       -0.01,   4.62,  0.00
:SA,   +0.00,   +0.00,  0.00
:TS,04010100221807,35.0, +31.5,   0.0,1548.6,627
:BI,   +47,  -118,   +38,    +4,A
:BS,  -118,   -47,   +38,A
:BE,  -118,   -47,   +38,A
:BD,        +0.41,        +0.06,       -0.01,   4.59,  0.00
:SA,   +0.00,   +0.00,  0.00
:TS,04010100221816,35.0, +31.5,   0.0,1548.6,628
:BI,   +54,  -108,   +37,    -2,A
:BS,  -108,   -54,   +37,A
:BE,  -108,   -54,   +37,A
:BD,        +0.40,        +0.06,       -0.01,   4.59,  0.00
:SA,   +0.00,   +0.00,  0.00
:TS,04010100221825,35.0, +31.5,   0.0,1548.6,622
:BI,   +60,  -114,   +20,    +6,A
:BS,  -114,   -60,   +20,A
:BE,  -114,   -60,   +20,A
:BD,        +0.39,        +0.05,       -0.01,   4.59,  0.00
:SA,   +0.00,   +0.00,  0.00
:TS,04010100221834,35.0, +31.5,   0.0,1548.6,623
:BI,   +65,    -6,    +6,   +11,A
:BS,    -6,   -65,    +6,A
:BE,    -6,   -65,    +6,A
:BD,        +0.38,        +0.05,       -0.01,   4.61,  0.00
:SA,   +0.00,   +0.00,  0.00
:TS,04010100221843,35.0, +31.5,   0.0,1548.6,624
:BI,   +55,  -127,    -8,   +12,A
:BS,  -127,   -55,    -8,A
:BE,  -127,   -55,    -8,A
:BD,        +0.37,        +0.04,       -0.01,   4.59,  0.00
:SA,   +0.00,   +0.00,  0.00
:TS,04010100221852,35.0, +31.5,   0.0,1548.6,621
:BI,   +53,  -115,   -15,    +4,A
:BS,  -115,   -53,   -15,A
:BE,  -115,   -53,   -15,A
:BD,        +0.37,        +0.04,       -0.00,   4.59,  0.00
:SA,   +0.00,   +0.00,  0.00
:TS,04010100221863,35.0, +31.5,   0.0,1548.6,627
:BI,   +48,  -137,   -13,    -7,A
:BS,  -137,   -48,   -13,A
:BE,  -137,   -48,   -13,A
:BD,        +0.35,        +0.03,       -0.00,   4.55,  0.00
:SA,   +0.00,   +0.00,  0.00
:TS,04010100221874,35.0, +31.5,   0.0,1548.6,628
:BI,   +52,  -142,   -13,    +2,A
:BS,  -142,   -52,   -13,A
:BE,  -142,   -52,   -13,A
:BD,        +0.34,        +0.03,       -0.01,   4.59,  0.00
:SA,   +0.00,   +0.00,  0.00
:TS,04010100221883,35.0, +31.5,   0.0,1548.6,622
:BI,   +50,    -1,    +0,   -24,A
:BS,    -1,   -50,    +0,A
:BE,    -1,   -50,    +0,A
:BD,        +0.33,        +0.02,       -0.01,   4.55,  0.00
:SA,   +0.00,   +0.00,  0.00
:TS,04010100221892,35.0, +31.5,   0.0,1548.6,623
:BI,   +50,  -115,    -9,   -14,A
:BS,  -115,   -50,    -9,A
:BE,  -115,   -50,    -9,A
:BD,        +0.32,        +0.02,       -0.01,   4.57,  0.00
:SA,   +0.00,   +0.00,  0.00
:TS,04010100221901,35.0, +31.5,   0.0,1548.6,624
:BI,   +42,  -115,   -12,    +7,A
:BS,  -115,   -42,   -12,A
:BE,  -115,   -42,   -12,A
:BD,        +0.32,        +0.01,       -0.01,   4.59,  0.00
:SA,   +0.00,   +0.00,  0.00
:TS,04010100221910,35.0, +31.5,   0.0,1548.6,621
:BI,   +40,  -119,   -13,    +6,A
:BS,  -119,   -40,   -13,A
:BE,  -119,   -40,   -13,A
:BD,        +0.31,        +0.01,       -0.01,   4.59,  0.00
:SA,   +0.00,   +0.00,  0.00
:TS,04010100221919,35.0, +31.5,   0.0,1548.6,627
:BI,   +62,  -110,    +0,    +2,A
:BS,  -110,   -62,    +0,A
:BE,  -110,   -62,    +0,A
:BD,        +0.30,        +0.01,       -0.01,   4.59,  0.00
:SA,   +0.00,   +0.00,  0.00
:TS,04010100221928,35.0, +31.5,   0.0,1548.6,628
:BI,   +47,    -2,    +9,   -27,A
:BS,    -2,   -47,    +9,A
:BE,    -2,   -47,    +9,A
:BD,        +0.29,        +0.00,       -0.01,   4.55,  0.00
:SA,   +0.00,   +0.00,  0.00
:TS,04010100221937,35.0, +31.5,   0.0,1548.6,622
:BI,   +39,  -101,    +8,    +0,A
:BS,  -101,   -39,    +8,A
:BE,  -101,   -39,    +8,A
:BD,        +0.28,       -0.00,       -0.01,   4.57,  0.00
:SA,   +0.00,   +0.00,  0.00
:TS,04010100221946,35.0, +31.5,   0.0,1548.6,623
:BI,   +44,  -105,    +8,    -5,A
:BS,  -105,   -44,    +8,A
:BE,  -105,   -44,    +8,A
:BD,        +0.27,       -0.01,       -0.01,   4.59,  0.00
:SA,   +0.00,   +0.00,  0.00
:TS,04010100221955,35.0, +31.5,   0.0,1548.6,624
:BI,   +32,    +0,   -12,   +50,A
:BS,    +0,   -32,   -12,A
:BE,    +0,   -32,   -12,A
:BD,        +0.27,       -0.01,       -0.01,   4.62,  0.00
:SA,   +0.00,   +0.00,  0.00
:TS,04010100221964,35.0, +31.5,   0.0,1548.6,621
:BI,   +29,    +0,    +4,   +12,A
:BS,    +0,   -29,    +4,A
:BE,    +0,   -29,    +4,A
:BD,        +0.26,       -0.01,       -0.01,   4.57,  0.00
:SA,   +0.00,   +0.00,  0.00
:TS,04010100221973,35.0, +31.5,   0.0,1548.6,627
:BI,   +42,  -118,    +7,   -10,A
:BS,  -118,   -42,    +7,A
:BE,  -118,   -42,    +7,A
:BD,        +0.26,       -0.02,       -0.01,   4.57,  0.00
:SA,   +0.00,   +0.00,  0.00
:TS,04010100221984,35.0, +31.5,   0.0,1548.6,628
:BI,   +34,  -110,    +8,    -2,A
:BS,  -110,   -34,    +8,A
:BE,  -110,   -34,    +8,A
:BD,        +0.25,       -0.02,       -0.01,   4.57,  0.00
:SA,   +0.00,   +0.00,  0.00
:TS,04010100221995,35.0, +31.5,   0.0,1548.6,622
:BI,   +37,  -122,   +12,    +4,A
:BS,  -122,   -37,   +12,A
:BE,  -122,   -37,   +12,A
:BD,        +0.24,       -0.03,       -0.01,   4.59,  0.00
:SA,   +0.00,   +0.00,  0.00
:TS,04010100222003,35.0, +31.5,   0.0,1548.6,623
:BI,   +38,  -124,   +14,    +0,A
:BS,  -124,   -38,   +14,A
:BE,  -124,   -38,   +14,A
:BD,        +0.23,       -0.03,       -0.01,   4.61,  0.00
:SA,   +0.00,   +0.00,  0.00
:TS,04010100222013,35.0, +31.5,   0.0,1548.6,624
:BI,   +39,    -6,   +28,   -26,A
:BS,    -6,   -39,   +28,A
:BE,    -6,   -39,   +28,A
:BD,        +0.22,       -0.03,       -0.00,   4.59,  0.00
:SA,   +0.00,   +0.00,  0.00
:TS,04010100222022,35.0, +31.5,   0.0,1548.6,621
:BI,   +44,  -108,   +20,    +1,A
:BS,  -108,   -44,   +20,A
:BE,  -108,   -44,   +20,A
:BD,        +0.22,       -0.04,       -0.00,   4.57,  0.00
:SA,   +0.00,   +0.00,  0.00
:TS,04010100222032,35.0, +31.5,   0.0,1548.6,627
:BI,   +43,    -1,    +1,   +49,A
:BS,    -1,   -43,    +1,A
:BE,    -1,   -43,    +1,A
:BD,        +0.21,       -0.04,       -0.00,   4.64,  0.00
:SA,   +0.00,   +0.00,  0.00
:TS,04010100222041,35.0, +31.5,   0.0,1548.6,628
:BI,   +44,    +0,    -8,   +39,A
:BS,    +0,   -44,    -8,A
:BE,    +0,   -44,    -8,A
:BD,        +0.21,       -0.05,       -0.00,   4.61,  0.00
:SA,   +0.00,   +0.00,  0.00
:TS,04010100222050,35.0, +31.5,   0.0,1548.6,622
:BI,   +40,  -116,    +3,    +4,A
:BS,  -116,   -40,    +3,A
:BE,  -116,   -40,    +3,A
:BD,        +0.20,       -0.05,       -0.00,   4.59,  0.00
:SA,   +0.00,   +0.00,  0.00
:TS,04010100222059,35.0, +31.5,   0.0,1548.6,623
:BI,   +47,  -121,   -14,    -6,A
:BS,  -121,   -47,   -14,A
:BE,  -121,   -47,   -14,A
:BD,        +0.19,       -0.05,       -0.00,   4.55,  0.00
:SA,   +0.00,   +0.00,  0.00
:TS,04010100222068,35.0, +31.5,   0.0,1548.6,624
:BI,   +38,  -120,   -17,    +6,A
:BS,  -120,   -38,   -17,A
:BE,  -120,   -38,   -17,A
:BD,        +0.19,       -0.06,       -0.00,   4.61,  0.00
:SA,   +0.00,   +0.00,  0.00
:TS,04010100222077,35.0, +31.5,   0.0,1548.6,621
:BI,   +29,    +0,   -13,    +2,A
:BS,    +0,   -29,   -13,A
:BE,    +0,   -29,   -13,A
:BD,        +0.18,       -0.06,       -0.00,   4.62,  0.00
:SA,   +0.00,   +0.00,  0.00
:TS,04010100222086,35.0, +31.5,   0.0,1548.6,627
:BI,   +35,  -116,    -6,    +0,A
:BS,  -116,   -35,    -6,A
:BE,  -116,   -35,    -6,A
:BD,        +0.17,       -0.06,       -0.00,   4.55,  0.00
:SA,   +0.00,   +0.00,  0.00
:TS,04010100222097,35.0, +31.5,   0.0,1548.6,628
:BI,   +33,  -116,    +4,    +4,A
:BS,  -116,   -33,    +4,A
:BE,  -116,   -33,    +4,A
:BD,        +0.16,       -0.07,       -0.00,   4.61,  0.00
:SA,   +0.00,   +0.00,  0.00
:TS,04010100222107,35.0, +31.5,   0.0,1548.6,622
:BI,   +29,    -1,    +0,   +24,A
:BS,    -1,   -29,    +0,A
:BE,    -1,   -29,    +0,A
:BD,        +0.16,       -0.07,       -0.00,   4.59,  0.00
:SA,   +0.00,   +0.00,  0.00
:TS,04010100222116,35.0, +31.5,   0.0,1548.6,623
:BI,   +37,  -118,   +12,    -5,A
:BS,  -118,   -37,   +12,A
:BE,  -118,   -37,   +12,A
:BD,        +0.15,       -0.07,       -0.00,   4.54,  0.00
:SA,   +0.00,   +0.00,  0.00
:TS,04010100222125,35.0, +31.5,   0.0,1548.6,624
:BI,   +47,  -106,   +18,    +6,A
:BS,  -106,   -47,   +18,A
:BE,  -106,   -47,   +18,A
:BD,        +0.14,       -0.08,       -0.00,   4.61,  0.00
:SA,   +0.00,   +0.00,  0.00
:TS,04010100222134,35.0, +31.5,   0.0,1548.6,621
:BI,   +33,    +0,   +19,    -6,A
:BS,    +0,   -33,   +19,A
:BE,    +0,   -33,   +19,A
:BD,        +0.13,       -0.08,       -0.00,   4.61,  0.00
:SA,   +0.00,   +0.00,  0.00
:TS,04010100222143,35.0, +31.5,   0.0,1548.6,627
:BI,   +37,   -85,    +3,    -2,A
:BS,   -85,   -37,    +3,A
:BE,   -85,   -37,    +3,A
:BD,        +0.13,       -0.08,       -0.00,   4.57,  0.00
:SA,   +0.00,   +0.00,  0.00
:TS,04010100222152,35.0, +31.5,   0.0,1548.6,628
:BI,   +21,   -91,    -3,   +10,A
:BS,   -91,   -21,    -3,A
:BE,   -91,   -21,    -3,A
:BD,        +0.12,       -0.09,       -0.00,   4.57,  0.00
:SA,   +0.00,   +0.00,  0.00
:TS,04010100222161,35.0, +31.5,   0.0,1548.6,622
:BI,   +33,   -87,   -12,    -9,A
:BS,   -87,   -33,   -12,A
:BE,   -87,   -33,   -12,A
:BD,        +0.11,       -0.09,       -0.00,   4.59,  0.00
:SA,   +0.00,   +0.00,  0.00
:TS,04010100222170,35.0, +31.5,   0.0,1548.6,623
:BI,   +27,   -90,   -11,    -2,A
:BS,   -90,   -27,   -11,A
:BE,   -90,   -27,   -11,A
:BD,        +0.11,       -0.09,       -0.00,   4.55,  0.00
:SA,   +0.00,   +0.00,  0.00
:TS,04010100222180,35.0, +31.5,   0.0,1548.6,624
:BI,   +21,   -99,    -9,    +0,A
:BS,   -99,   -21,    -9,A
:BE,   -99,   -21,    -9,A
:BD,        +0.10,       -0.10,       -0.00,   4.59,  0.00
:SA,   +0.00,   +0.00,  0.00
:TS,04010100222189,35.0, +31.5,   0.0,1548.6,621
:BI,   +18,    +0,    -5,    -6,A
:BS,    +0,   -18,    -5,A
:BE,    +0,   -18,    -5,A
:BD,        +0.09,       -0.10,       -0.00,   4.57,  0.00
:SA,   +0.00,   +0.00,  0.00
:TS,04010100222198,35.0, +31.5,   0.0,1548.6,627
:BI,   +38,   -86,    +0,    -2,A
:BS,   -86,   -38,    +0,A
:BE,   -86,   -38,    +0,A
:BD,        +0.09,       -0.10,       -0.00,   4.59,  0.00
:SA,   +0.00,   +0.00,  0.00
:TS,04010100222209,35.0, +31.5,   0.0,1548.6,628
:BI,   +33,   -83,    -5,    -4,A
:BS,   -83,   -33,    -5,A
:BE,   -83,   -33,    -5,A
:BD,        +0.08,       -0.10,       -0.00,   4.59,  0.00
:SA,   +0.00,   +0.00,  0.00
:TS,04010100222220,35.0, +31.5,   0.0,1548.6,622
:BI,   +27,    +0,   -12,    +0,A
:BS,    +0,   -27,   -12,A
:BE,    +0,   -27,   -12,A
:BD,        +0.07,       -0.11,       -0.00,   4.59,  0.00
:SA,   +0.00,   +0.00,  0.00
:TS,04010100222229,35.0, +31.5,   0.0,1548.6,623
:BI,   +27,   -79,   -15,    -4,A
:BS,   -79,   -27,   -15,A
:BE,   -79,   -27,   -15,A
:BD,        +0.07,       -0.11,       -0.00,   4.61,  0.00
:SA,   +0.00,   +0.00,  0.00
:TS,04010100222239,35.0, +31.5,   0.0,1548.6,624
:BI,   +20,   -87,   -19,    +6,A
:BS,   -87,   -20,   -19,A
:BE,   -87,   -20,   -19,A
:BD,        +0.06,       -0.11,       -0.00,   4.61,  0.00
:SA,   +0.00,   +0.00,  0.00
:TS,04010100222248,35.0, +31.5,   0.0,1548.6,621
:BI,    +7,   -91,   -13,    +3,A
:BS,   -91,    -7,   -13,A
:BE,   -91,    -7,   -13,A
:BD,        +0.05,       -0.11,       -0.01,   4.61,  0.00
:SA,   +0.00,   +0.00,  0.00
:TS,04010100222258,35.0, +31.5,   0.0,1548.6,627
:BI,   +37,    +0,   +27,   -46,A
:BS,    +0,   -37,   +27,A
:BE,    +0,   -37,   +27,A
:BD,        +0.05,       -0.12,       -0.01,   4.61,  0.00
:SA,   +0.00,   +0.00,  0.00
:TS,04010100222267,35.0, +31.5,   0.0,1548.6,628
:BI,   +12,   -92,    +8,    -6,A
:BS,   -92,   -12,    +8,A
:BE,   -92,   -12,    +8,A
:BD,        +0.04,       -0.12,       -0.01,   4.57,  0.00
:SA,   +0.00,   +0.00,  0.00
:TS,04010100222276,35.0, +31.5,   0.0,1548.6,622
:BI,   +15,   -83,   +30,   +11,A
:BS,   -83,   -15,   +30,A
:BE,   -83,   -15,   +30,A
:BD,        +0.04,       -0.12,       -0.01,   4.61,  0.00
:SA,   +0.00,   +0.00,  0.00
:TS,04010100222285,35.0, +31.5,   0.0,1548.6,623
:BI,   +23,   -79,   +37,    +5,A
:BS,   -79,   -23,   +37,A
:BE,   -79,   -23,   +37,A
:BD,        +0.03,       -0.12,       -0.00,   4.62,  0.00
:SA,   +0.00,   +0.00,  0.00
:TS,04010100222294,35.0, +31.5,   0.0,1548.6,624
:BI,   +19,   -70,   +42,    +1,A
:BS,   -70,   -19,   +42,A
:BE,   -70,   -19,   +42,A
:BD,        +0.02,       -0.12,       -0.00,   4.59,  0.00
:SA,   +0.00,   +0.00,  0.00
:TS,04010100222303,35.0, +31.5,   0.0,1548.6,621
:BI,    +9,   -67,   +36,    -2,A
:BS,   -67,    -9,   +36,A
:BE,   -67,    -9,   +36,A
:BD,        +0.02,       -0.13,        +0.00,   4.62,  0.00
:SA,   +0.00,   +0.00,  0.00
:TS,04010100222312,35.0, +31.5,   0.0,1548.6,627
:BI,    +5,   -75,   +29,    +2,A
:BS,   -75,    -5,   +29,A
:BE,   -75,    -5,   +29,A
:BD,        +0.01,       -0.13,        +0.00,   4.61,  0.00
:SA,   +0.00,   +0.00,  0.00
:TS,04010100222323,35.0, +31.6,   0.0,1548.7,628
:BI,   +15,    -3,   +17,   +15,A
:BS,    -3,   -15,   +17,A
:BE,    -3,   -15,   +17,A
:BD,        +0.01,       -0.13,        +0.01,   4.59,  0.00
:SA,   +0.00,   +0.00,  0.00
:TS,04010100222333,35.0, +31.6,   0.0,1548.7,622
:BI,    +0,   -56,    +2,    +6,A
:BS,   -56,    +0,    +2,A
:BE,   -56,    +0,    +2,A
:BD,       -0.00,       -0.13,        +0.01,   4.61,  0.00
:SA,   +0.00,   +0.00,  0.00
:TS,04010100222342,35.0, +31.6,   0.0,1548.7,623
:BI,    +5,    +0,    -3,    -4,A
:BS,    +0,    -5,    -3,A
:BE,    +0,    -5,    -3,A
:BD,       -0.00,       -0.13,        +0.01,   4.61,  0.00
:SA,   +0.00,   +0.00,  0.00
:TS,04010100222351,35.0, +31.6,   0.0,1548.7,624
:BI,    +8,   -56,    -8,   -10,A
:BS,   -56,    -8,    -8,A
:BE,   -56,    -8,    -8,A
:BD,       -0.01,       -0.13,        +0.01,   4.59,  0.00
:SA,   +0.00,   +0.00,  0.00
:TS,04010100222360,35.0, +31.6,   0.0,1548.7,621
:BI,   -15,   -77,   -14,    +2,A
:BS,   -77,   +15,   -14,A
:BE,   -77,   +15,   -14,A
:BD,       -0.01,       -0.13,        +0.01,   4.61,  0.00
:SA,   +0.00,   +0.00,  0.00
:TS,04010100222369,35.0, +31.6,   0.0,1548.7,627
:BI,    -4,   -65,   -20,    -4,A
:BS,   -65,    +4,   -20,A
:BE,   -65,    +4,   -20,A
:BD,       -0.02,       -0.13,        +0.01,   4.62,  0.00
:SA,   +0.00,   +0.00,  0.00
:TS,04010100222378,35.0, +31.6,   0.0,1548.7,628
:BI,    -5,   -52,   -13,    +0,A
:BS,   -52,    +5,   -13,A
:BE,   -52,    +5,   -13,A
:BD,       -0.02,       -0.13,        +0.01,   4.59,  0.00
:SA,   +0.00,   +0.00,  0.00
:TS,04010100222387,35.0, +31.6,   0.0,1548.7,622
:BI,    -8,   -45,   -15,    +0,A
:BS,   -45,    +8,   -15,A
:BE,   -45,    +8,   -15,A
:BD,       -0.03,       -0.13,        +0.01,   4.59,  0.00
:SA,   +0.00,   +0.00,  0.00
:TS,04010100222396,35.0, +31.6,   0.0,1548.7,623
:BI,    -6,   -28,    -7,    -8,A
:BS,   -28,    +6,    -7,A
:BE,   -28,    +6,    -7,A
:BD,       -0.03,       -0.13,        +0.01,   4.59,  0.00
:SA,   +0.00,   +0.00,  0.00
:TS,04010100222405,35.0, +31.6,   0.0,1548.7,624
:BI,    +6,    +2,    +1,   -14,A
:BS,    +2,    -6,    +1,A
:BE,    +2,    -6,    +1,A
:BD,       -0.03,       -0.13,        +0.01,   4.64,  0.00
:SA,   +0.00,   +0.00,  0.00
:TS,04010100222414,35.0, +31.6,   0.0,1548.7,621
:BI,    +9,    +0,   +11,   -12,A
:BS,    +0,    -9,   +11,A
:BE,    +0,    -9,   +11,A
:BD,       -0.04,       -0.13,        +0.01,   4.59,  0.00
:SA,   +0.00,   +0.00,  0.00
:TS,04010100222423,35.0, +31.6,   0.0,1548.7,627
:BI,    +8,   -46,    +6,    +9,A
:BS,   -46,    -8,    +6,A
:BE,   -46,    -8,    +6,A
:BD,       -0.04,       -0.13,        +0.01,   4.57,  0.00
:SA,   +0.00,   +0.00,  0.00
