>BP001
>BX00060
>EA09000
>ES35
>TE00:00:00.00
>TP00:00.00
>PD6
>CK
[Parameters saved as USER defaults]

>CS
:SA,   +0.00,   +0.00,  0.00
:TS,04010100095342,35.0, +21.0,   0.0,1524.2,621
:BI,-32768,-32768,-32768,-32768,V
:BS,-32768,-32768,-32768,V
:BE,-32768,-32768,-32768,V
:BD,        +0.00,        +0.00,        +0.00,   0.00,  0.00
:SA,   +0.00,   +0.00,  0.00
:TS,04010100095351,35.0, +21.0,   0.0,1524.2,627
:BI,-32768,-32768,-32768,-32768,V
:BS,-32768,-32768,-32768,V
:BE,-32768,-32768,-32768,V
:BD,        +0.00,        +0.00,        +0.00,   0.00,  0.09
:SA,   +0.00,   +0.00,  0.00
:TS,04010100095360,35.0, +21.0,   0.0,1524.2,628
:BI,-32768,-32768,-32768,-32768,V
:BS,-32768,-32768,-32768,V
:BE,-32768,-32768,-32768,V
:BD,        +0.00,        +0.00,        +0.00,   0.00,  0.18
:SA,   +0.00,   +0.00,  0.00
:TS,04010100095368,35.0, +21.0,   0.0,1524.2,622
:BI,-32768,-32768,-32768,-32768,V
:BS,-32768,-32768,-32768,V
:BE,-32768,-32768,-32768,V
:BD,        +0.00,        +0.00,        +0.00,   4.50,  0.26
:SA,   +0.00,   +0.00,  0.00
:TS,04010100095378,35.0, +21.0,   0.0,1524.2,623
:BI,   -65,    +0,    +9,   -29,A
:BS,    +0,   +65,    +9,A
:BE,    +0,   +65,    +9,A
:BD,        +0.00,        +0.00,        +0.00,   4.56,  0.26
:SA,   +0.00,   +0.00,  0.00
:TS,04010100095388,35.0, +21.0,   0.0,1524.2,624
:BI,   -53,   -37,   +16,   +11,A
:BS,   -37,   +53,   +16,A
:BE,   -37,   +53,   +16,A
:BD,       -0.00,        +0.01,        +0.00,   4.58,  0.00
:SA,   +0.00,   +0.00,  0.00
:TS,04010100095397,35.0, +21.0,   0.0,1524.2,621
:BI,   -48,   -25,   +37,    -5,A
:BS,   -25,   +48,   +37,A
:BE,   -25,   +48,   +37,A
:BD,       -0.00,        +0.01,        +0.00,   4.52,  0.00
:SA,   +0.00,   +0.00,  0.00
:TS,04010100095406,35.0, +21.0,   0.0,1524.2,627
:BI,   -32,   -17,   +40,    -8,A
:BS,   -17,   +32,   +40,A
:BE,   -17,   +32,   +40,A
:BD,       -0.00,        +0.02,        +0.00,   4.58,  0.00
:SA,   +0.00,   +0.00,  0.00
:TS,04010100095415,35.0, +21.0,   0.0,1524.2,628
:BI,   -38,   -21,   +35,    -4,A
:BS,   -21,   +38,   +35,A
:BE,   -21,   +38,   +35,A
:BD,       -0.00,        +0.02,        +0.01,   4.56,  0.00
:SA,   +0.00,   +0.00,  0.00
:TS,04010100095424,35.0, +21.0,   0.0,1524.2,622
:BI,   -24,   -12,   +27,    +0,A
:BS,   -12,   +24,   +27,A
:BE,   -12,   +24,   +27,A
:BD,       -0.01,        +0.02,        +0.01,   4.56,  0.00
:SA,   +0.00,   +0.00,  0.00
:TS,04010100095434,35.0, +21.0,   0.0,1524.2,623
:BI,   -23,    +0,   +17,    -6,A
:BS,    +0,   +23,   +17,A
:BE,    +0,   +23,   +17,A
:BD,       -0.01,        +0.03,        +0.01,   4.56,  0.00
:SA,   +0.00,   +0.00,  0.00
:TS,04010100095445,35.0, +31.6,   0.0,1548.8,624
:BI,   -13,    -9,    +2,    +7,A
:BS,    -9,   +13,    +2,A
:BE,    -9,   +13,    +2,A
:BD,       -0.01,        +0.03,        +0.01,   4.64,  0.00
:SA,   +0.00,   +0.00,  0.00
:TS,04010100095456,35.0, +31.6,   0.0,1548.8,621
:BI,   -17,   -13,    +1,    +3,A
:BS,   -13,   +17,    +1,A
:BE,   -13,   +17,    +1,A
:BD,       -0.01,        +0.03,        +0.02,   4.59,  0.00
:SA,   +0.00,   +0.00,  0.00
:TS,04010100095466,35.0, +31.6,   0.0,1548.8,627
:BI,   -22,   -22,    -3,    +9,A
:BS,   -22,   +22,    -3,A
:BE,   -22,   +22,    -3,A
:BD,       -0.01,        +0.04,        +0.02,   4.59,  0.00
:SA,   +0.00,   +0.00,  0.00
:TS,04010100095475,35.0, +31.6,   0.0,1548.8,628
:BI,   -19,   -18,    +0,    +6,A
:BS,   -18,   +19,    +0,A
:BE,   -18,   +19,    +0,A
:BD,       -0.01,        +0.04,        +0.02,   4.59,  0.00
:SA,   +0.00,   +0.00,  0.00
:TS,04010100095484,35.0, +31.6,   0.0,1548.8,622
:BI,   -24,   -16,    +5,    -4,A
:BS,   -16,   +24,    +5,A
:BE,   -16,   +24,    +5,A
:BD,       -0.01,        +0.04,        +0.02,   4.59,  0.00
:SA,   +0.00,   +0.00,  0.00
:TS,04010100095493,35.0, +31.6,   0.0,1548.8,623
:BI,   -26,   -31,    +3,    +7,A
:BS,   -31,   +26,    +3,A
:BE,   -31,   +26,    +3,A
:BD,       -0.02,        +0.04,        +0.02,   4.62,  0.00
:SA,   +0.00,   +0.00,  0.00
:TS,04010100095502,35.0, +31.6,   0.0,1548.8,624
:BI,   -11,   -24,    +6,   +11,A
:BS,   -24,   +11,    +6,A
:BE,   -24,   +11,    +6,A
:BD,       -0.02,        +0.05,        +0.02,   4.64,  0.00
:SA,   +0.00,   +0.00,  0.00
:TS,04010100095511,35.0, +31.6,   0.0,1548.8,621
:BI,    -9,   -23,   +11,    -1,A
:BS,   -23,    +9,   +11,A
:BE,   -23,    +9,   +11,A
:BD,       -0.02,        +0.05,        +0.02,   4.59,  0.00
:SA,   +0.00,   +0.00,  0.00
:TS,04010100095520,35.0, +31.6,   0.0,1548.8,627
:BI,    -8,   -20,    +9,    -2,A
:BS,   -20,    +8,    +9,A
:BE,   -20,    +8,    +9,A
:BD,       -0.02,        +0.05,        +0.02,   4.55,  0.00
:SA,   +0.00,   +0.00,  0.00
:TS,04010100095529,35.0, +31.6,   0.0,1548.8,628
:BI,    -2,   -19,    +6,    +1,A
:BS,   -19,    +2,    +6,A
:BE,   -19,    +2,    +6,A
:BD,       -0.02,        +0.05,        +0.02,   4.59,  0.00
:SA,   +0.00,   +0.00,  0.00
:TS,04010100095538,35.0, +31.6,   0.0,1548.8,622
:BI,    -4,   -31,    -3,    -3,A
:BS,   -31,    +4,    -3,A
:BE,   -31,    +4,    -3,A
:BD,       -0.02,        +0.05,        +0.02,   4.61,  0.00
:SA,   +0.00,   +0.00,  0.00
:TS,04010100095547,35.0, +31.6,   0.0,1548.8,623
:BI,    -5,   -29,    -5,    +3,A
:BS,   -29,    +5,    -5,A
:BE,   -29,    +5,    -5,A
:BD,       -0.03,        +0.05,        +0.02,   4.61,  0.00
:SA,   +0.00,   +0.00,  0.00
:TS,04010100095558,35.0, +31.6,   0.0,1548.8,624
:BI,    -6,   -45,   -11,    +2,A
:BS,   -45,    +6,   -11,A
:BE,   -45,    +6,   -11,A
:BD,       -0.03,        +0.05,        +0.02,   4.62,  0.00
:SA,   +0.00,   +0.00,  0.00
:TS,04010100095568,35.0, +31.6,   0.0,1548.8,621
:BI,   -29,   -36,   -15,    +0,A
:BS,   -36,   +29,   -15,A
:BE,   -36,   +29,   -15,A
:BD,       -0.03,        +0.05,        +0.02,   4.61,  0.00
:SA,   +0.00,   +0.00,  0.00
:TS,04010100095577,35.0, +31.6,   0.0,1548.8,627
:BI,   -39,   -38,   -14,    -5,A
:BS,   -38,   +39,   -14,A
:BE,   -38,   +39,   -14,A
:BD,       -0.04,        +0.06,        +0.02,   4.61,  0.00
:SA,   +0.00,   +0.00,  0.00
:TS,04010100095586,35.0, +31.6,   0.0,1548.8,628
:BI,   -64,   -22,   -12,    +3,A
:BS,   -22,   +64,   -12,A
:BE,   -22,   +64,   -12,A
:BD,       -0.04,        +0.06,        +0.02,   4.57,  0.00
:SA,   +0.00,   +0.00,  0.00
:TS,04010100095595,35.0, +31.6,   0.0,1548.8,622
:BI,   -63,   -17,    -7,    +0,A
:BS,   -17,   +63,    -7,A
:BE,   -17,   +63,    -7,A
:BD,       -0.04,        +0.06,        +0.02,   4.55,  0.00
:SA,   +0.00,   +0.00,  0.00
:TS,04010100095604,35.0, +31.6,   0.0,1548.8,623
:BI,   -56,    -4,    -7,    +1,A
:BS,    -4,   +56,    -7,A
:BE,    -4,   +56,    -7,A
:BD,       -0.04,        +0.07,        +0.02,   4.59,  0.00
:SA,   +0.00,   +0.00,  0.00
:TS,04010100095613,35.0, +31.6,   0.0,1548.8,624
:BI,   -56,    +8,    +4,    +6,A
:BS,    +8,   +56,    +4,A
:BE,    +8,   +56,    +4,A
:BD,       -0.04,        +0.07,        +0.02,   4.59,  0.00
:SA,   +0.00,   +0.00,  0.00
:TS,04010100095622,35.0, +31.6,   0.0,1548.8,621
:BI,   -23,    +8,    +2,    -2,A
:BS,    +8,   +23,    +2,A
:BE,    +8,   +23,    +2,A
:BD,       -0.05,        +0.07,        +0.02,   4.59,  0.00
:SA,   +0.00,   +0.00,  0.00
:TS,04010100095631,35.0, +31.6,   0.0,1548.8,627
:BI,   -10,    +0,   +11,    +3,A
:BS,    +0,   +10,   +11,A
:BE,    +0,   +10,   +11,A
:BD,       -0.05,        +0.08,        +0.02,   4.57,  0.00
:SA,   +0.00,   +0.00,  0.00
:TS,04010100095640,35.0, +31.6,   0.0,1548.8,628
:BI,    -1,    -7,   +12,    +5,A
:BS,    -7,    +1,   +12,A
:BE,    -7,    +1,   +12,A
:BD,       -0.05,        +0.08,        +0.02,   4.55,  0.00
:SA,   +0.00,   +0.00,  0.00
:TS,04010100095649,35.0, +31.6,   0.0,1548.8,622
:BI,    +4,   -29,   +14,    +7,A
:BS,   -29,    -4,   +14,A
:BE,   -29,    -4,   +14,A
:BD,       -0.05,        +0.08,        +0.02,   4.54,  0.00
:SA,   +0.00,   +0.00,  0.00
:TS,04010100095658,35.0, +31.6,   0.0,1548.8,623
:BI,    +2,   -34,   +12,    +3,A
:BS,   -34,    -2,   +12,A
:BE,   -34,    -2,   +12,A
:BD,       -0.05,        +0.08,        +0.02,   4.59,  0.00
:SA,   +0.00,   +0.00,  0.00
:TS,04010100095667,35.0, +31.6,   0.0,1548.8,624
:BI,   +13,   -45,   +12,    +5,A
:BS,   -45,   -13,   +12,A
:BE,   -45,   -13,   +12,A
:BD,       -0.05,        +0.08,        +0.02,   4.59,  0.00
:SA,   +0.00,   +0.00,  0.00
:TS,04010100095679,35.0, +31.6,   0.0,1548.8,621
:BI,   -19,   -33,   +11,    +7,A
:BS,   -33,   +19,   +11,A
:BE,   -33,   +19,   +11,A
:BD,       -0.05,        +0.08,        +0.02,   4.57,  0.00
:SA,   +0.00,   +0.00,  0.00
:TS,04010100095689,35.0, +31.6,   0.0,1548.8,627
:BI,   -37,   -15,    +7,    -6,A
:BS,   -15,   +37,    +7,A
:BE,   -15,   +37,    +7,A
:BD,       -0.06,        +0.08,        +0.02,   4.61,  0.00
:SA,   +0.00,   +0.00,  0.00
:TS,04010100095698,35.0, +31.6,   0.0,1548.8,628
:BI,   -53,    -9,   +13,    +6,A
:BS,    -9,   +53,   +13,A
:BE,    -9,   +53,   +13,A
:BD,       -0.06,        +0.09,        +0.02,   4.62,  0.00
:SA,   +0.00,   +0.00,  0.00
:TS,04010100095707,35.0, +31.6,   0.0,1548.8,622
:BI,   -41,    -6,    +7,    +3,A
:BS,    -6,   +41,    +7,A
:BE,    -6,   +41,    +7,A
:BD,       -0.06,        +0.09,        +0.02,   4.59,  0.00
:SA,   +0.00,   +0.00,  0.00
:TS,04010100095716,35.0, +31.6,   0.0,1548.8,623
:BI,   -46,   +11,    +8,    -4,A
:BS,   +11,   +46,    +8,A
:BE,   +11,   +46,    +8,A
:BD,       -0.06,        +0.09,        +0.02,   4.59,  0.00
:SA,   +0.00,   +0.00,  0.00
:TS,04010100095725,35.0, +31.6,   0.0,1548.8,624
:BI,   -55,    +1,    +6,    +8,A
:BS,    +1,   +55,    +6,A
:BE,    +1,   +55,    +6,A
:BD,       -0.06,        +0.10,        +0.02,   4.62,  0.00
:SA,   +0.00,   +0.00,  0.00
:TS,04010100095734,35.0, +31.6,   0.0,1548.8,621
:BI,    -4,    -3,    -3,    +6,A
:BS,    -3,    +4,    -3,A
:BE,    -3,    +4,    -3,A
:BD,       -0.06,        +0.10,        +0.03,   4.59,  0.00
:SA,   +0.00,   +0.00,  0.00
:TS,04010100095743,35.0, +31.6,   0.0,1548.8,627
:BI,    +0,   -11,   -12,    -2,A
:BS,   -11,    +0,   -12,A
:BE,   -11,    +0,   -12,A
:BD,       -0.06,        +0.10,        +0.03,   4.62,  0.00
:SA,   +0.00,   +0.00,  0.00
:TS,04010100095752,35.0, +31.6,   0.0,1548.8,628
:BI,    +9,   -18,   -12,    +5,A
:BS,   -18,    -9,   -12,A
:BE,   -18,    -9,   -12,A
:BD,       -0.06,        +0.10,        +0.03,   4.61,  0.00
:SA,   +0.00,   +0.00,  0.00
:TS,04010100095761,35.0, +31.6,   0.0,1548.8,622
:BI,   +24,   -23,    -8,    -7,A
:BS,   -23,   -24,    -8,A
:BE,   -23,   -24,    -8,A
:BD,       -0.07,        +0.10,        +0.02,   4.62,  0.00
:SA,   +0.00,   +0.00,  0.00
:TS,04010100095770,35.0, +31.6,   0.0,1548.8,623
:BI,   +10,    -7,    -6,   -10,A
:BS,    -7,   -10,    -6,A
:BE,    -7,   -10,    -6,A
:BD,       -0.07,        +0.10,        +0.02,   4.59,  0.00
:SA,   +0.00,   +0.00,  0.00
:TS,04010100095779,35.0, +31.6,   0.0,1548.8,624
:BI,    +9,    -7,    +0,    -1,A
:BS,    -7,    -9,    +0,A
:BE,    -7,    -9,    +0,A
:BD,       -0.07,        +0.10,        +0.02,   4.59,  0.00
:SA,   +0.00,   +0.00,  0.00
:TS,04010100095788,35.0, +31.6,   0.0,1548.8,621
:BI,   +11,    -8,    +2,    -5,A
:BS,    -8,   -11,    +2,A
:BE,    -8,   -11,    +2,A
:BD,       -0.07,        +0.10,        +0.02,   4.59,  0.00
:SA,   +0.00,   +0.00,  0.00
:TS,04010100095800,35.0, +31.6,   0.0,1548.8,627
:BI,   -20,   -14,    +2,    -9,A
:BS,   -14,   +20,    +2,A
:BE,   -14,   +20,    +2,A
:BD,       -0.07,        +0.10,        +0.02,   4.61,  0.00
:SA,   +0.00,   +0.00,  0.00
:TS,04010100095810,35.0, +31.6,   0.0,1548.8,628
:BI,   -19,    +0,    -9,   +11,A
:BS,    +0,   +19,    -9,A
:BE,    +0,   +19,    -9,A
:BD,       -0.07,        +0.10,        +0.02,   4.57,  0.00
:SA,   +0.00,   +0.00,  0.00
:TS,04010100095819,35.0, +31.6,   0.0,1548.8,622
:BI,   -38,   -42,    -6,    -7,A
:BS,   -42,   +38,    -6,A
:BE,   -42,   +38,    -6,A
:BD,       -0.07,        +0.10,        +0.02,   4.55,  0.00
:SA,   +0.00,   +0.00,  0.00
:TS,04010100095828,35.0, +31.6,   0.0,1548.8,623
:BI,   -56,   -43,    -3,    -5,A
:BS,   -43,   +56,    -3,A
:BE,   -43,   +56,    -3,A
:BD,       -0.07,        +0.11,        +0.02,   4.61,  0.00
:SA,   +0.00,   +0.00,  0.00
:TS,04010100095837,35.0, +31.6,   0.0,1548.8,624
:BI,   -56,    +0,    -2,    -2,A
:BS,    +0,   +56,    -2,A
:BE,    +0,   +56,    -2,A
:BD,       -0.08,        +0.11,        +0.02,   4.57,  0.00
:SA,   +0.00,   +0.00,  0.00
:TS,04010100095846,35.0, +31.6,   0.0,1548.8,621
:BI,   -56,   -34,    -5,    +2,A
:BS,   -34,   +56,    -5,A
:BE,   -34,   +56,    -5,A
:BD,       -0.08,        +0.11,        +0.02,   4.57,  0.00
:SA,   +0.00,   +0.00,  0.00
:TS,04010100095855,35.0, +31.6,   0.0,1548.8,627
:BI,   -46,   -37,    +0,    -5,A
:BS,   -37,   +46,    +0,A
:BE,   -37,   +46,    +0,A
:BD,       -0.08,        +0.12,        +0.02,   4.61,  0.00
