
>BP001
>BX00060
>EA09000
>ES35
>TE00:00:00.00
>TP00:00.00
>PD6
>CK
[Parameters saved as USER defaults]

>CS
:SA,   +0.00,   +0.00,  0.00
:TS,04010100000015,35.0, +21.0,   0.0,1524.2,751
:BI,-32768,-32768,-32768,-32768,V
:BS,-32768,-32768,-32768,V
:BE,-32768,-32768,-32768,V
:BD,        +0.00,        +0.00,        +0.00,   0.00,  0.00
:SA,   +0.00,   +0.00,  0.00
:TS,04010100000025,35.0, +21.0,   0.0,1524.2,621
:BI,-32768,-32768,-32768,-32768,V
:BS,-32768,-32768,-32768,V
:BE,-32768,-32768,-32768,V
:BD,        +0.00,        +0.00,        +0.00,   0.00,  0.10
:SA,   +0.00,   +0.00,  0.00
:TS,04010100000034,35.0, +21.0,   0.0,1524.2,627
:BI,-32768,-32768,-32768,-32768,V
:BS,-32768,-32768,-32768,V
:BE,-32768,-32768,-32768,V
:BD,        +0.00,        +0.00,        +0.00,   0.00,  0.19
:SA,   +0.00,   +0.00,  0.00
:TS,04010100000043,35.0, +21.0,   0.0,1524.2,628
:BI,-32768,-32768,-32768,-32768,V
:BS,-32768,-32768,-32768,V
:BE,-32768,-32768,-32768,V
:BD,        +0.00,        +0.00,        +0.00,   0.00,  0.28
:SA,   +0.00,   +0.00,  0.00
:TS,04010100000051,35.0, +21.0,   0.0,1524.2,622
:BI,-32768,-32768,-32768,-32768,V
:BS,-32768,-32768,-32768,V
:BE,-32768,-32768,-32768,V
:BD,        +0.00,        +0.00,        +0.00,   0.00,  0.36
:SA,   +0.00,   +0.00,  0.00
:TS,04010100000061,35.0, +21.0,   0.0,1524.2,623
:BI,-32768,-32768,-32768,-32768,V
:BS,-32768,-32768,-32768,V
:BE,-32768,-32768,-32768,V
:BD,        +0.00,        +0.00,        +0.00,   0.00,  0.46
:SA,   +0.00,   +0.00,  0.00
:TS,04010100000070,35.0, +21.0,   0.0,1524.2,624
:BI,-32768,-32768,-32768,-32768,V
:BS,-32768,-32768,-32768,V
:BE,-32768,-32768,-32768,V
:BD,        +0.00,        +0.00,        +0.00,   0.00,  0.55
:SA,   +0.00,   +0.00,  0.00
:TS,04010100000079,35.0, +21.0,   0.0,1524.2,621
:BI,-32768,-32768,-32768,-32768,V
:BS,-32768,-32768,-32768,V
:BE,-32768,-32768,-32768,V
:BD,        +0.00,        +0.00,        +0.00,   0.00,  0.64
:SA,   +0.00,   +0.00,  0.00
:TS,04010100000088,35.0, +21.0,   0.0,1524.2,627
:BI,-32768,-32768,-32768,-32768,V
:BS,-32768,-32768,-32768,V
:BE,-32768,-32768,-32768,V
:BD,        +0.00,        +0.00,        +0.00,   0.00,  0.73
:SA,   +0.00,   +0.00,  0.00
:TS,04010100000097,35.0, +21.0,   0.0,1524.2,628
:BI,-32768,-32768,-32768,-32768,V
:BS,-32768,-32768,-32768,V
:BE,-32768,-32768,-32768,V
:BD,        +0.00,        +0.00,        +0.00,   0.00,  0.82
:SA,   +0.00,   +0.00,  0.00
:TS,04010100000106,35.0, +21.0,   0.0,1524.2,622
:BI,-32768,-32768,-32768,-32768,V
:BS,-32768,-32768,-32768,V
:BE,-32768,-32768,-32768,V
:BD,        +0.00,        +0.00,        +0.00,   0.00,  0.91
:SA,   +0.00,   +0.00,  0.00
:TS,04010100000117,35.0, +29.1,   0.0,1543.6,623
:BI,-32768,-32768,-32768,-32768,V
:BS,-32768,-32768,-32768,V
:BE,-32768,-32768,-32768,V
:BD,        +0.00,        +0.00,        +0.00,   0.00,  1.02
:SA,   +0.00,   +0.00,  0.00
:TS,04010100000128,35.0, +29.1,   0.0,1543.6,624
:BI,-32768,-32768,-32768,-32768,V
:BS,-32768,-32768,-32768,V
:BE,-32768,-32768,-32768,V
:BD,        +0.00,        +0.00,        +0.00,   0.00,  1.13
:SA,   +0.00,   +0.00,  0.00
:TS,04010100000137,35.0, +29.1,   0.0,1543.6,621
:BI,-32768,-32768,-32768,-32768,V
:BS,-32768,-32768,-32768,V
:BE,-32768,-32768,-32768,V
:BD,        +0.00,        +0.00,        +0.00,   0.00,  1.22
:SA,   +0.00,   +0.00,  0.00
:TS,04010100000146,35.0, +29.1,   0.0,1543.6,627
:BI,-32768,-32768,-32768,-32768,V
:BS,-32768,-32768,-32768,V
:BE,-32768,-32768,-32768,V
:BD,        +0.00,        +0.00,        +0.00,   0.00,  1.31
:SA,   +0.00,   +0.00,  0.00
:TS,04010100000155,35.0, +29.1,   0.0,1543.6,628
:BI,-32768,-32768,-32768,-32768,V
:BS,-32768,-32768,-32768,V
:BE,-32768,-32768,-32768,V
:BD,        +0.00,        +0.00,        +0.00,   0.00,  1.40
:SA,   +0.00,   +0.00,  0.00
:TS,04010100000164,35.0, +29.1,   0.0,1543.6,622
:BI,-32768,-32768,-32768,-32768,V
:BS,-32768,-32768,-32768,V
:BE,-32768,-32768,-32768,V
:BD,        +0.00,        +0.00,        +0.00,   0.00,  1.49
:SA,   +0.00,   +0.00,  0.00
:TS,04010100000172,35.0, +29.1,   0.0,1543.6,623
:BI,-32768,-32768,-32768,-32768,V
:BS,-32768,-32768,-32768,V
:BE,-32768,-32768,-32768,V
:BD,        +0.00,        +0.00,        +0.00,   0.00,  1.57
:SA,   +0.00,   +0.00,  0.00
:TS,04010100000181,35.0, +29.1,   0.0,1543.6,624
:BI,-32768,-32768,-32768,-32768,V
:BS,-32768,-32768,-32768,V
:BE,-32768,-32768,-32768,V
:BD,        +0.00,        +0.00,        +0.00,   0.00,  1.66
:SA,   +0.00,   +0.00,  0.00
:TS,04010100000191,35.0, +29.1,   0.0,1543.6,621
:BI,-32768,-32768,-32768,-32768,V
:BS,-32768,-32768,-32768,V
:BE,-32768,-32768,-32768,V
:BD,        +0.00,        +0.00,        +0.00,   0.00,  1.76
:SA,   +0.00,   +0.00,  0.00
:TS,04010100000200,35.0, +29.1,   0.0,1543.6,627
:BI,-32768,-32768,-32768,-32768,V
:BS,-32768,-32768,-32768,V
:BE,-32768,-32768,-32768,V
:BD,        +0.00,        +0.00,        +0.00,   0.00,  1.85
:SA,   +0.00,   +0.00,  0.00
:TS,04010100000209,35.0, +29.1,   0.0,1543.6,628
:BI,-32768,-32768,-32768,-32768,V
:BS,-32768,-32768,-32768,V
:BE,-32768,-32768,-32768,V
:BD,        +0.00,        +0.00,        +0.00,   0.00,  1.94
:SA,   +0.00,   +0.00,  0.00
:TS,04010100000218,35.0, +29.1,   0.0,1543.6,622
:BI,-32768,-32768,-32768,-32768,V
:BS,-32768,-32768,-32768,V
:BE,-32768,-32768,-32768,V
:BD,        +0.00,        +0.00,        +0.00,   0.00,  2.03
:SA,   +0.00,   +0.00,  0.00
:TS,04010100000227,35.0, +29.1,   0.0,1543.6,623
:BI,-32768,-32768,-32768,-32768,V
:BS,-32768,-32768,-32768,V
:BE,-32768,-32768,-32768,V
:BD,        +0.00,        +0.00,        +0.00,   0.00,  2.12
:SA,   +0.00,   +0.00,  0.00
:TS,04010100000238,35.0, +29.1,   0.0,1543.7,624
:BI,-32768,-32768,-32768,-32768,V
:BS,-32768,-32768,-32768,V
:BE,-32768,-32768,-32768,V
:BD,        +0.00,        +0.00,        +0.00,   0.00,  2.23
:SA,   +0.00,   +0.00,  0.00
:TS,04010100000249,35.0, +29.1,   0.0,1543.7,621
:BI,-32768,-32768,-32768,-32768,V
:BS,-32768,-32768,-32768,V
:BE,-32768,-32768,-32768,V
:BD,        +0.00,        +0.00,        +0.00,   0.00,  2.34
:SA,   +0.00,   +0.00,  0.00
:TS,04010100000259,35.0, +29.1,   0.0,1543.7,627
:BI,-32768,-32768,-32768,-32768,V
:BS,-32768,-32768,-32768,V
:BE,-32768,-32768,-32768,V
:BD,        +0.00,        +0.00,        +0.00,   0.00,  2.44
:SA,   +0.00,   +0.00,  0.00
:TS,04010100000268,35.0, +29.1,   0.0,1543.7,628
:BI,-32768,-32768,-32768,-32768,V
:BS,-32768,-32768,-32768,V
:BE,-32768,-32768,-32768,V
:BD,        +0.00,        +0.00,        +0.00,   0.00,  2.53
:SA,   +0.00,   +0.00,  0.00
:TS,04010100000276,35.0, +29.1,   0.0,1543.7,622
:BI,-32768,-32768,-32768,-32768,V
:BS,-32768,-32768,-32768,V
:BE,-32768,-32768,-32768,V
:BD,        +0.00,        +0.00,        +0.00,   0.00,  2.61
:SA,   +0.00,   +0.00,  0.00
:TS,04010100000285,35.0, +29.1,   0.0,1543.7,623
:BI,-32768,-32768,-32768,-32768,V
:BS,-32768,-32768,-32768,V
:BE,-32768,-32768,-32768,V
:BD,        +0.00,        +0.00,        +0.00,   0.00,  2.70
:SA,   +0.00,   +0.00,  0.00
:TS,04010100000294,35.0, +29.1,   0.0,1543.7,624
:BI,-32768,-32768,-32768,-32768,V
:BS,-32768,-32768,-32768,V
:BE,-32768,-32768,-32768,V
:BD,        +0.00,        +0.00,        +0.00,   0.00,  2.79
:SA,   +0.00,   +0.00,  0.00
:TS,04010100000304,35.0, +29.1,   0.0,1543.7,621
:BI,-32768,-32768,-32768,-32768,V
:BS,-32768,-32768,-32768,V
:BE,-32768,-32768,-32768,V
:BD,        +0.00,        +0.00,        +0.00,   0.00,  2.89
:SA,   +0.00,   +0.00,  0.00
:TS,04010100000313,35.0, +29.1,   0.0,1543.7,627
:BI,-32768,-32768,-32768,-32768,V
:BS,-32768,-32768,-32768,V
:BE,-32768,-32768,-32768,V
:BD,        +0.00,        +0.00,        +0.00,   0.00,  2.98
:SA,   +0.00,   +0.00,  0.00
:TS,04010100000322,35.0, +29.1,   0.0,1543.7,628
:BI,-32768,-32768,-32768,-32768,V
:BS,-32768,-32768,-32768,V
:BE,-32768,-32768,-32768,V
:BD,        +0.00,        +0.00,        +0.00,   0.00,  3.07
:SA,   +0.00,   +0.00,  0.00
:TS,04010100000331,35.0, +29.1,   0.0,1543.7,622
:BI,-32768,-32768,-32768,-32768,V
:BS,-32768,-32768,-32768,V
:BE,-32768,-32768,-32768,V
:BD,        +0.00,        +0.00,        +0.00,   0.00,  3.16
:SA,   +0.00,   +0.00,  0.00
:TS,04010100000340,35.0, +29.1,   0.0,1543.7,623
:BI,-32768,-32768,-32768,-32768,V
:BS,-32768,-32768,-32768,V
:BE,-32768,-32768,-32768,V
:BD,        +0.00,        +0.00,        +0.00,   0.00,  3.25
:SA,   +0.00,   +0.00,  0.00
:TS,04010100000351,35.0, +29.1,   0.0,1543.7,624
:BI,-32768,-32768,-32768,-32768,V
:BS,-32768,-32768,-32768,V
:BE,-32768,-32768,-32768,V
:BD,        +0.00,        +0.00,        +0.00,   0.00,  3.36
:SA,   +0.00,   +0.00,  0.00
:TS,04010100000362,35.0, +29.1,   0.0,1543.7,621
:BI,-32768,-32768,-32768,-32768,V
:BS,-32768,-32768,-32768,V
:BE,-32768,-32768,-32768,V
:BD,        +0.00,        +0.00,        +0.00,   0.00,  3.47
:SA,   +0.00,   +0.00,  0.00
:TS,04010100000372,35.0, +29.1,   0.0,1543.7,627
:BI,-32768,-32768,-32768,-32768,V
:BS,-32768,-32768,-32768,V
:BE,-32768,-32768,-32768,V
:BD,        +0.00,        +0.00,        +0.00,   0.00,  3.57
:SA,   +0.00,   +0.00,  0.00
:TS,04010100000381,35.0, +29.1,   0.0,1543.7,628
:BI,-32768,-32768,-32768,-32768,V
:BS,-32768,-32768,-32768,V
:BE,-32768,-32768,-32768,V
:BD,        +0.00,        +0.00,        +0.00,   0.00,  3.66
:SA,   +0.00,   +0.00,  0.00
:TS,04010100000389,35.0, +29.1,   0.0,1543.7,622
:BI,-32768,-32768,-32768,-32768,V
:BS,-32768,-32768,-32768,V
:BE,-32768,-32768,-32768,V
:BD,        +0.00,        +0.00,        +0.00,   0.00,  3.74
:SA,   +0.00,   +0.00,  0.00
:TS,04010100000398,35.0, +29.1,   0.0,1543.7,623
:BI,-32768,-32768,-32768,-32768,V
:BS,-32768,-32768,-32768,V
:BE,-32768,-32768,-32768,V
:BD,        +0.00,        +0.00,        +0.00,   0.00,  3.83
:SA,   +0.00,   +0.00,  0.00
:TS,04010100000408,35.0, +29.1,   0.0,1543.7,624
:BI,-32768,-32768,-32768,-32768,V
:BS,-32768,-32768,-32768,V
:BE,-32768,-32768,-32768,V
:BD,        +0.00,        +0.00,        +0.00,   0.00,  3.93
:SA,   +0.00,   +0.00,  0.00
:TS,04010100000417,35.0, +29.1,   0.0,1543.7,621
:BI,-32768,-32768,-32768,-32768,V
:BS,-32768,-32768,-32768,V
:BE,-32768,-32768,-32768,V
:BD,        +0.00,        +0.00,        +0.00,   0.00,  4.02
:SA,   +0.00,   +0.00,  0.00
:TS,04010100000426,35.0, +29.1,   0.0,1543.7,627
:BI,-32768,-32768,-32768,-32768,V
:BS,-32768,-32768,-32768,V
:BE,-32768,-32768,-32768,V
:BD,        +0.00,        +0.00,        +0.00,   0.00,  4.11
:SA,   +0.00,   +0.00,  0.00
:TS,04010100000435,35.0, +29.1,   0.0,1543.7,628
:BI,-32768,-32768,-32768,-32768,V
:BS,-32768,-32768,-32768,V
:BE,-32768,-32768,-32768,V
:BD,        +0.00,        +0.00,        +0.00,   0.00,  4.20
:SA,   +0.00,   +0.00,  0.00
:TS,04010100000444,35.0, +29.1,   0.0,1543.7,622
:BI,-32768,-32768,-32768,-32768,V
:BS,-32768,-32768,-32768,V
:BE,-32768,-32768,-32768,V
:BD,        +0.00,        +0.00,        +0.00,   0.00,  4.29
:SA,   +0.00,   +0.00,  0.00
:TS,04010100000453,35.0, +29.1,   0.0,1543.7,623
:BI,-32768,-32768,-32768,-32768,V
:BS,-32768,-32768,-32768,V
:BE,-32768,-32768,-32768,V
:BD,        +0.00,        +0.00,        +0.00,   0.00,  4.38
:SA,   +0.00,   +0.00,  0.00
:TS,04010100000464,35.0, +29.1,   0.0,1543.7,624
:BI,-32768,-32768,-32768,-32768,V
:BS,-32768,-32768,-32768,V
:BE,-32768,-32768,-32768,V
:BD,        +0.00,        +0.00,        +0.00,   0.00,  4.49
:SA,   +0.00,   +0.00,  0.00
:TS,04010100000475,35.0, +29.1,   0.0,1543.7,621
:BI,-32768,-32768,-32768,-32768,V
:BS,-32768,-32768,-32768,V
:BE,-32768,-32768,-32768,V
:BD,        +0.00,        +0.00,        +0.00,   0.00,  4.60
:SA,   +0.00,   +0.00,  0.00
:TS,04010100000485,35.0, +29.1,   0.0,1543.7,627
:BI,-32768,-32768,-32768,-32768,V
:BS,-32768,-32768,-32768,V
:BE,-32768,-32768,-32768,V
:BD,        +0.00,        +0.00,        +0.00,   0.00,  4.70
:SA,   +0.00,   +0.00,  0.00
:TS,04010100000494,35.0, +29.1,   0.0,1543.7,628
:BI,-32768,-32768,-32768,-32768,V
:BS,-32768,-32768,-32768,V
:BE,-32768,-32768,-32768,V
:BD,        +0.00,        +0.00,        +0.00,   0.00,  4.79
:SA,   +0.00,   +0.00,  0.00
:TS,04010100000502,35.0, +29.1,   0.0,1543.7,622
:BI,-32768,-32768,-32768,-32768,V
:BS,-32768,-32768,-32768,V
:BE,-32768,-32768,-32768,V
:BD,        +0.00,        +0.00,        +0.00,   0.00,  4.87
:SA,   +0.00,   +0.00,  0.00
:TS,04010100000511,35.0, +29.1,   0.0,1543.7,623
:BI,-32768,-32768,-32768,-32768,V
:BS,-32768,-32768,-32768,V
:BE,-32768,-32768,-32768,V
:BD,        +0.00,        +0.00,        +0.00,   0.00,  4.96
:SA,   +0.00,   +0.00,  0.00
:TS,04010100000521,35.0, +29.1,   0.0,1543.7,624
:BI,-32768,-32768,-32768,-32768,V
:BS,-32768,-32768,-32768,V
:BE,-32768,-32768,-32768,V
:BD,        +0.00,        +0.00,        +0.00,   0.00,  5.06
:SA,   +0.00,   +0.00,  0.00
:TS,04010100000530,35.0, +29.1,   0.0,1543.7,621
:BI,-32768,-32768,-32768,-32768,V
:BS,-32768,-32768,-32768,V
:BE,-32768,-32768,-32768,V
:BD,        +0.00,        +0.00,        +0.00,   0.00,  5.15
:SA,   +0.00,   +0.00,  0.00
:TS,04010100000539,35.0, +29.1,   0.0,1543.7,627
:BI,-32768,-32768,-32768,-32768,V
:BS,-32768,-32768,-32768,V
:BE,-32768,-32768,-32768,V
:BD,        +0.00,        +0.00,        +0.00,   0.00,  5.24
:SA,   +0.00,   +0.00,  0.00
:TS,04010100000548,35.0, +29.1,   0.0,1543.7,628
:BI,-32768,-32768,-32768,-32768,V
:BS,-32768,-32768,-32768,V
:BE,-32768,-32768,-32768,V
:BD,        +0.00,        +0.00,        +0.00,   0.00,  5.33
:SA,   +0.00,   +0.00,  0.00
:TS,04010100000557,35.0, +29.1,   0.0,1543.7,622
:BI,-32768,-32768,-32768,-32768,V
:BS,-32768,-32768,-32768,V
:BE,-32768,-32768,-32768,V
:BD,        +0.00,        +0.00,        +0.00,   0.00,  5.42
:SA,   +0.00,   +0.00,  0.00
:TS,04010100000566,35.0, +29.1,   0.0,1543.7,623
:BI,-32768,-32768,-32768,-32768,V
:BS,-32768,-32768,-32768,V
:BE,-32768,-32768,-32768,V
:BD,        +0.00,        +0.00,        +0.00,   0.00,  5.51
:SA,   +0.00,   +0.00,  0.00
:TS,04010100000577,35.0, +29.1,   0.0,1543.7,624
:BI,-32768,-32768,-32768,-32768,V
:BS,-32768,-32768,-32768,V
:BE,-32768,-32768,-32768,V
:BD,        +0.00,        +0.00,        +0.00,   0.00,  5.62
:SA,   +0.00,   +0.00,  0.00
:TS,04010100000588,35.0, +29.1,   0.0,1543.7,621
:BI,-32768,-32768,-32768,-32768,V
:BS,-32768,-32768,-32768,V
:BE,-32768,-32768,-32768,V
:BD,        +0.00,        +0.00,        +0.00,   0.00,  5.73
:SA,   +0.00,   +0.00,  0.00
:TS,04010100000598,35.0, +29.1,   0.0,1543.7,627
:BI,-32768,-32768,-32768,-32768,V
:BS,-32768,-32768,-32768,V
:BE,-32768,-32768,-32768,V
:BD,        +0.00,        +0.00,        +0.00,   0.00,  5.83
:SA,   +0.00,   +0.00,  0.00
:TS,04010100000606,35.0, +29.1,   0.0,1543.7,628
:BI,-32768,-32768,-32768,-32768,V
:BS,-32768,-32768,-32768,V
:BE,-32768,-32768,-32768,V
:BD,        +0.00,        +0.00,        +0.00,   0.00,  5.91
:SA,   +0.00,   +0.00,  0.00
:TS,04010100000615,35.0, +29.1,   0.0,1543.7,622
:BI,-32768,-32768,-32768,-32768,V
:BS,-32768,-32768,-32768,V
:BE,-32768,-32768,-32768,V
:BD,        +0.00,        +0.00,        +0.00,   0.00,  6.00
:SA,   +0.00,   +0.00,  0.00
:TS,04010100000625,35.0, +29.1,   0.0,1543.7,623
:BI,-32768,-32768,-32768,-32768,V
:BS,-32768,-32768,-32768,V
:BE,-32768,-32768,-32768,V
:BD,        +0.00,        +0.00,        +0.00,   0.00,  6.10
:SA,   +0.00,   +0.00,  0.00
:TS,04010100000634,35.0, +29.1,   0.0,1543.7,624
:BI,-32768,-32768,-32768,-32768,V
:BS,-32768,-32768,-32768,V
:BE,-32768,-32768,-32768,V
:BD,        +0.00,        +0.00,        +0.00,   0.00,  6.19
:SA,   +0.00,   +0.00,  0.00
:TS,04010100000643,35.0, +29.1,   0.0,1543.7,621
:BI,-32768,-32768,-32768,-32768,V
:BS,-32768,-32768,-32768,V
:BE,-32768,-32768,-32768,V
:BD,        +0.00,        +0.00,        +0.00,   0.00,  6.28
:SA,   +0.00,   +0.00,  0.00
:TS,04010100000652,35.0, +29.1,   0.0,1543.7,627
:BI,-32768,-32768,-32768,-32768,V
:BS,-32768,-32768,-32768,V
:BE,-32768,-32768,-32768,V
:BD,        +0.00,        +0.00,        +0.00,   0.00,  6.37
:SA,   +0.00,   +0.00,  0.00
:TS,04010100000661,35.0, +29.1,   0.0,1543.7,628
:BI,-32768,-32768,-32768,-32768,V
:BS,-32768,-32768,-32768,V
:BE,-32768,-32768,-32768,V
:BD,        +0.00,        +0.00,        +0.00,   0.00,  6.46
:SA,   +0.00,   +0.00,  0.00
:TS,04010100000670,35.0, +29.1,   0.0,1543.7,622
:BI,-32768,-32768,-32768,-32768,V
:BS,-32768,-32768,-32768,V
:BE,-32768,-32768,-32768,V
:BD,        +0.00,        +0.00,        +0.00,   0.00,  6.55
:SA,   +0.00,   +0.00,  0.00
:TS,04010100000679,35.0, +29.1,   0.0,1543.7,623
:BI,-32768,-32768,-32768,-32768,V
:BS,-32768,-32768,-32768,V
:BE,-32768,-32768,-32768,V
:BD,        +0.00,        +0.00,        +0.00,   0.00,  6.64
:SA,   +0.00,   +0.00,  0.00
:TS,04010100000690,35.0, +29.1,   0.0,1543.7,624
:BI,-32768,-32768,-32768,-32768,V
:BS,-32768,-32768,-32768,V
:BE,-32768,-32768,-32768,V
:BD,        +0.00,        +0.00,        +0.00,   0.00,  6.75
:SA,   +0.00,   +0.00,  0.00
:TS,04010100000700,35.0, +29.1,   0.0,1543.7,621
:BI,-32768,-32768,-32768,-32768,V
:BS,-32768,-32768,-32768,V
:BE,-32768,-32768,-32768,V
:BD,        +0.00,        +0.00,        +0.00,   0.00,  6.85
:SA,   +0.00,   +0.00,  0.00
:TS,04010100000710,35.0, +29.1,   0.0,1543.7,627
:BI,-32768,-32768,-32768,-32768,V
:BS,-32768,-32768,-32768,V
:BE,-32768,-32768,-32768,V
:BD,        +0.00,        +0.00,        +0.00,   0.00,  6.95
:SA,   +0.00,   +0.00,  0.00
:TS,04010100000719,35.0, +29.1,   0.0,1543.7,628
:BI,-32768,-32768,-32768,-32768,V
:BS,-32768,-32768,-32768,V
:BE,-32768,-32768,-32768,V
:BD,        +0.00,        +0.00,        +0.00,   0.00,  7.04
:SA,   +0.00,   +0.00,  0.00
:TS,04010100000728,35.0, +29.1,   0.0,1543.7,622
:BI,-32768,-32768,-32768,-32768,V
:BS,-32768,-32768,-32768,V
:BE,-32768,-32768,-32768,V
:BD,        +0.00,        +0.00,        +0.00,   0.00,  7.13
:SA,   +0.00,   +0.00,  0.00
:TS,04010100000736,35.0, +29.1,   0.0,1543.7,623
:BI,-32768,-32768,-32768,-32768,V
:BS,-32768,-32768,-32768,V
:BE,-32768,-32768,-32768,V
:BD,        +0.00,        +0.00,        +0.00,   0.00,  7.21
:SA,   +0.00,   +0.00,  0.00
:TS,04010100000745,35.0, +29.1,   0.0,1543.7,624
:BI,-32768,-32768,-32768,-32768,V
:BS,-32768,-32768,-32768,V
:BE,-32768,-32768,-32768,V
:BD,        +0.00,        +0.00,        +0.00,   0.00,  7.30
:SA,   +0.00,   +0.00,  0.00
:TS,04010100000755,35.0, +29.1,   0.0,1543.7,621
:BI,-32768,-32768,-32768,-32768,V
:BS,-32768,-32768,-32768,V
:BE,-32768,-32768,-32768,V
:BD,        +0.00,        +0.00,        +0.00,   0.00,  7.40
:SA,   +0.00,   +0.00,  0.00
:TS,04010100000764,35.0, +29.1,   0.0,1543.7,627
:BI,-32768,-32768,-32768,-32768,V
:BS,-32768,-32768,-32768,V
:BE,-32768,-32768,-32768,V
:BD,        +0.00,        +0.00,        +0.00,   0.00,  7.49
:SA,   +0.00,   +0.00,  0.00
:TS,04010100000773,35.0, +29.1,   0.0,1543.7,628
:BI,-32768,-32768,-32768,-32768,V
:BS,-32768,-32768,-32768,V
:BE,-32768,-32768,-32768,V
:BD,        +0.00,        +0.00,        +0.00,   0.00,  7.58
:SA,   +0.00,   +0.00,  0.00
:TS,04010100000782,35.0, +29.1,   0.0,1543.7,622
:BI,-32768,-32768,-32768,-32768,V
:BS,-32768,-32768,-32768,V
:BE,-32768,-32768,-32768,V
:BD,        +0.00,        +0.00,        +0.00,   0.00,  7.67
:SA,   +0.00,   +0.00,  0.00
:TS,04010100000791,35.0, +29.1,   0.0,1543.7,623
:BI,-32768,-32768,-32768,-32768,V
:BS,-32768,-32768,-32768,V
:BE,-32768,-32768,-32768,V
:BD,        +0.00,        +0.00,        +0.00,   0.00,  7.76
:SA,   +0.00,   +0.00,  0.00
:TS,04010100000802,35.0, +29.2,   0.0,1543.8,624
:BI,-32768,-32768,-32768,-32768,V
:BS,-32768,-32768,-32768,V
:BE,-32768,-32768,-32768,V
:BD,        +0.00,        +0.00,        +0.00,   0.00,  7.87
:SA,   +0.00,   +0.00,  0.00
:TS,04010100000813,35.0, +29.2,   0.0,1543.8,621
:BI,-32768,-32768,-32768,-32768,V
:BS,-32768,-32768,-32768,V
:BE,-32768,-32768,-32768,V
:BD,        +0.00,        +0.00,        +0.00,   0.00,  7.98
:SA,   +0.00,   +0.00,  0.00
:TS,04010100000823,35.0, +29.2,   0.0,1543.8,627
:BI,-32768,-32768,-32768,-32768,V
:BS,-32768,-32768,-32768,V
:BE,-32768,-32768,-32768,V
:BD,        +0.00,        +0.00,        +0.00,   0.00,  8.08
:SA,   +0.00,   +0.00,  0.00
:TS,04010100000832,35.0, +29.2,   0.0,1543.8,628
:BI,-32768,-32768,-32768,-32768,V
:BS,-32768,-32768,-32768,V
:BE,-32768,-32768,-32768,V
:BD,        +0.00,        +0.00,        +0.00,   0.00,  8.17
:SA,   +0.00,   +0.00,  0.00
:TS,04010100000841,35.0, +29.2,   0.0,1543.8,622
:BI,-32768,-32768,-32768,-32768,V
:BS,-32768,-32768,-32768,V
:BE,-32768,-32768,-32768,V
:BD,        +0.00,        +0.00,        +0.00,   0.00,  8.26
:SA,   +0.00,   +0.00,  0.00
:TS,04010100000849,35.0, +29.2,   0.0,1543.8,623
:BI,-32768,-32768,-32768,-32768,V
:BS,-32768,-32768,-32768,V
:BE,-32768,-32768,-32768,V
:BD,        +0.00,        +0.00,        +0.00,   0.00,  8.34
:SA,   +0.00,   +0.00,  0.00
:TS,04010100000858,35.0, +29.2,   0.0,1543.8,624
:BI,-32768,-32768,-32768,-32768,V
:BS,-32768,-32768,-32768,V
:BE,-32768,-32768,-32768,V
:BD,        +0.00,        +0.00,        +0.00,   0.00,  8.43
:SA,   +0.00,   +0.00,  0.00
:TS,04010100000868,35.0, +29.2,   0.0,1543.8,621
:BI,-32768,-32768,-32768,-32768,V
:BS,-32768,-32768,-32768,V
:BE,-32768,-32768,-32768,V
:BD,        +0.00,        +0.00,        +0.00,   0.00,  8.53
:SA,   +0.00,   +0.00,  0.00
:TS,04010100000877,35.0, +29.2,   0.0,1543.8,627
:BI,-32768,-32768,-32768,-32768,V
:BS,-32768,-32768,-32768,V
:BE,-32768,-32768,-32768,V
:BD,        +0.00,        +0.00,        +0.00,   0.00,  8.62
:SA,   +0.00,   +0.00,  0.00
:TS,04010100000886,35.0, +29.2,   0.0,1543.8,628
:BI,-32768,-32768,-32768,-32768,V
:BS,-32768,-32768,-32768,V
:BE,-32768,-32768,-32768,V
:BD,        +0.00,        +0.00,        +0.00,   0.00,  8.71
:SA,   +0.00,   +0.00,  0.00
:TS,04010100000895,35.0, +29.2,   0.0,1543.8,622
:BI,-32768,-32768,-32768,-32768,V
:BS,-32768,-32768,-32768,V
:BE,-32768,-32768,-32768,V
:BD,        +0.00,        +0.00,        +0.00,   0.00,  8.80
