>BP001
>BX00060
>EA09000
>ES35
>TE00:00:00.00
>TP00:00.00
>PD6
>CK
[Parameters saved as USER defaults]

>CS
:SA,   +0.00,   +0.00,  0.00
:TS,04010100074035,35.0, +21.0,   0.0,1524.2,621
:BI,-32768,-32768,-32768,-32768,V
:BS,-32768,-32768,-32768,V
:BE,-32768,-32768,-32768,V
:BD,        +0.00,        +0.00,        +0.00,   0.00,  0.00
:SA,   +0.00,   +0.00,  0.00
:TS,04010100074045,35.0, +21.0,   0.0,1524.2,627
:BI,-32768,-32768,-32768,-32768,V
:BS,-32768,-32768,-32768,V
:BE,-32768,-32768,-32768,V
:BD,        +0.00,        +0.00,        +0.00,   0.00,  0.10
:SA,   +0.00,   +0.00,  0.00
:TS,04010100074054,35.0, +21.0,   0.0,1524.2,628
:BI,-32768,-32768,-32768,-32768,V
:BS,-32768,-32768,-32768,V
:BE,-32768,-32768,-32768,V
:BD,        +0.00,        +0.00,        +0.00,   0.00,  0.19
:SA,   +0.00,   +0.00,  0.00
:TS,04010100074062,35.0, +21.0,   0.0,1524.2,622
:BI,-32768,-32768,-32768,-32768,V
:BS,-32768,-32768,-32768,V
:BE,-32768,-32768,-32768,V
:BD,        +0.00,        +0.00,        +0.00,   0.00,  0.27
:SA,   +0.00,   +0.00,  0.00
:TS,04010100074072,35.0, +21.0,   0.0,1524.2,623
:BI,-32768,-32768,-32768,-32768,V
:BS,-32768,-32768,-32768,V
:BE,-32768,-32768,-32768,V
:BD,        +0.00,        +0.00,        +0.00,   0.00,  0.37
:SA,   +0.00,   +0.00,  0.00
:TS,04010100074081,35.0, +21.0,   0.0,1524.2,624
:BI,-32768,-32768,-32768,-32768,V
:BS,-32768,-32768,-32768,V
:BE,-32768,-32768,-32768,V
:BD,        +0.00,        +0.00,        +0.00,   0.00,  0.46
:SA,   +0.00,   +0.00,  0.00
:TS,04010100074090,35.0, +21.0,   0.0,1524.2,621
:BI,-32768,-32768,-32768,-32768,V
:BS,-32768,-32768,-32768,V
:BE,-32768,-32768,-32768,V
:BD,        +0.00,        +0.00,        +0.00,   0.00,  0.55
:SA,   +0.00,   +0.00,  0.00
:TS,04010100074099,35.0, +21.0,   0.0,1524.2,627
:BI,-32768,-32768,-32768,-32768,V
:BS,-32768,-32768,-32768,V
:BE,-32768,-32768,-32768,V
:BD,        +0.00,        +0.00,        +0.00,   0.00,  0.64
:SA,   +0.00,   +0.00,  0.00
:TS,04010100074108,35.0, +21.0,   0.0,1524.2,628
:BI,-32768,-32768,-32768,-32768,V
:BS,-32768,-32768,-32768,V
:BE,-32768,-32768,-32768,V
:BD,        +0.00,        +0.00,        +0.00,   0.00,  0.73
:SA,   +0.00,   +0.00,  0.00
:TS,04010100074119,35.0, +21.0,   0.0,1524.2,622
:BI,-32768,-32768,-32768,-32768,V
:BS,-32768,-32768,-32768,V
:BE,-32768,-32768,-32768,V
:BD,        +0.00,        +0.00,        +0.00,   0.00,  0.84
:SA,   +0.00,   +0.00,  0.00
:TS,04010100074128,35.0, +21.0,   0.0,1524.2,623
:BI,-32768,-32768,-32768,-32768,V
:BS,-32768,-32768,-32768,V
:BE,-32768,-32768,-32768,V
:BD,        +0.00,        +0.00,        +0.00,   0.00,  0.93
:SA,   +0.00,   +0.00,  0.00
:TS,04010100074139,35.0, +26.7,   0.0,1538.3,624
:BI,-32768,-32768,-32768,-32768,V
:BS,-32768,-32768,-32768,V
:BE,-32768,-32768,-32768,V
:BD,        +0.00,        +0.00,        +0.00,   0.00,  1.04
:SA,   +0.00,   +0.00,  0.00
:TS,04010100074149,35.0, +26.7,   0.0,1538.3,621
:BI,-32768,-32768,-32768,-32768,V
:BS,-32768,-32768,-32768,V
:BE,-32768,-32768,-32768,V
:BD,        +0.00,        +0.00,        +0.00,   0.00,  1.14
:SA,   +0.00,   +0.00,  0.00
:TS,04010100074158,35.0, +26.7,   0.0,1538.3,627
:BI,-32768,-32768,-32768,-32768,V
:BS,-32768,-32768,-32768,V
:BE,-32768,-32768,-32768,V
:BD,        +0.00,        +0.00,        +0.00,   0.00,  1.23
:SA,   +0.00,   +0.00,  0.00
:TS,04010100074168,35.0, +26.7,   0.0,1538.3,628
:BI,-32768,-32768,-32768,-32768,V
:BS,-32768,-32768,-32768,V
:BE,-32768,-32768,-32768,V
:BD,        +0.00,        +0.00,        +0.00,   0.00,  1.33
:SA,   +0.00,   +0.00,  0.00
:TS,04010100074177,35.0, +26.7,   0.0,1538.3,622
:BI,-32768,-32768,-32768,-32768,V
:BS,-32768,-32768,-32768,V
:BE,-32768,-32768,-32768,V
:BD,        +0.00,        +0.00,        +0.00,   0.00,  1.42
:SA,   +0.00,   +0.00,  0.00
:TS,04010100074186,35.0, +26.7,   0.0,1538.3,623
:BI,-32768,-32768,-32768,-32768,V
:BS,-32768,-32768,-32768,V
:BE,-32768,-32768,-32768,V
:BD,        +0.00,        +0.00,        +0.00,   0.00,  1.51
:SA,   +0.00,   +0.00,  0.00
:TS,04010100074195,35.0, +26.7,   0.0,1538.3,624
:BI,-32768,-32768,-32768,-32768,V
:BS,-32768,-32768,-32768,V
:BE,-32768,-32768,-32768,V
:BD,        +0.00,        +0.00,        +0.00,   0.00,  1.60
:SA,   +0.00,   +0.00,  0.00
:TS,04010100074204,35.0, +26.7,   0.0,1538.3,621
:BI,-32768,-32768,-32768,-32768,V
:BS,-32768,-32768,-32768,V
:BE,-32768,-32768,-32768,V
:BD,        +0.00,        +0.00,        +0.00,   0.00,  1.69
:SA,   +0.00,   +0.00,  0.00
:TS,04010100074215,35.0, +26.7,   0.0,1538.3,627
:BI,-32768,-32768,-32768,-32768,V
:BS,-32768,-32768,-32768,V
:BE,-32768,-32768,-32768,V
:BD,        +0.00,        +0.00,        +0.00,   0.00,  1.80
:SA,   +0.00,   +0.00,  0.00
:TS,04010100074224,35.0, +26.7,   0.0,1538.3,628
:BI,-32768,-32768,-32768,-32768,V
:BS,-32768,-32768,-32768,V
:BE,-32768,-32768,-32768,V
:BD,        +0.00,        +0.00,        +0.00,   0.00,  1.89
:SA,   +0.00,   +0.00,  0.00
:TS,04010100074233,35.0, +26.7,   0.0,1538.3,622
:BI,-32768,-32768,-32768,-32768,V
:BS,-32768,-32768,-32768,V
:BE,-32768,-32768,-32768,V
:BD,        +0.00,        +0.00,        +0.00,   0.00,  1.98
:SA,   +0.00,   +0.00,  0.00
:TS,04010100074242,35.0, +26.7,   0.0,1538.3,623
:BI,-32768,-32768,-32768,-32768,V
:BS,-32768,-32768,-32768,V
:BE,-32768,-32768,-32768,V
:BD,        +0.00,        +0.00,        +0.00,   0.00,  2.07
:SA,   +0.00,   +0.00,  0.00
:TS,04010100074254,35.0, +26.7,   0.0,1538.3,624
:BI,-32768,-32768,-32768,-32768,V
:BS,-32768,-32768,-32768,V
:BE,-32768,-32768,-32768,V
:BD,        +0.00,        +0.00,        +0.00,   0.00,  2.19
:SA,   +0.00,   +0.00,  0.00
:TS,04010100074265,35.0, +26.7,   0.0,1538.3,621
:BI,-32768,-32768,-32768,-32768,V
:BS,-32768,-32768,-32768,V
:BE,-32768,-32768,-32768,V
:BD,        +0.00,        +0.00,        +0.00,   0.00,  2.30
:SA,   +0.00,   +0.00,  0.00
:TS,04010100074274,35.0, +26.7,   0.0,1538.3,627
:BI,-32768,-32768,-32768,-32768,V
:BS,-32768,-32768,-32768,V
:BE,-32768,-32768,-32768,V
:BD,        +0.00,        +0.00,        +0.00,   0.00,  2.39
:SA,   +0.00,   +0.00,  0.00
:TS,04010100074283,35.0, +26.7,   0.0,1538.3,628
:BI,-32768,-32768,-32768,-32768,V
:BS,-32768,-32768,-32768,V
:BE,-32768,-32768,-32768,V
:BD,        +0.00,        +0.00,        +0.00,   0.00,  2.48
:SA,   +0.00,   +0.00,  0.00
:TS,04010100074292,35.0, +26.7,   0.0,1538.3,622
:BI,-32768,-32768,-32768,-32768,V
:BS,-32768,-32768,-32768,V
:BE,-32768,-32768,-32768,V
:BD,        +0.00,        +0.00,        +0.00,   0.00,  2.57
:SA,   +0.00,   +0.00,  0.00
:TS,04010100074300,35.0, +26.7,   0.0,1538.3,623
:BI,-32768,-32768,-32768,-32768,V
:BS,-32768,-32768,-32768,V
:BE,-32768,-32768,-32768,V
:BD,        +0.00,        +0.00,        +0.00,   0.00,  2.65
:SA,   +0.00,   +0.00,  0.00
:TS,04010100074310,35.0, +26.7,   0.0,1538.3,624
:BI,-32768,-32768,-32768,-32768,V
:BS,-32768,-32768,-32768,V
:BE,-32768,-32768,-32768,V
:BD,        +0.00,        +0.00,        +0.00,   0.00,  2.75
:SA,   +0.00,   +0.00,  0.00
:TS,04010100074319,35.0, +26.7,   0.0,1538.3,621
:BI,-32768,-32768,-32768,-32768,V
:BS,-32768,-32768,-32768,V
:BE,-32768,-32768,-32768,V
:BD,        +0.00,        +0.00,        +0.00,   0.00,  2.84
:SA,   +0.00,   +0.00,  0.00
:TS,04010100074328,35.0, +26.7,   0.0,1538.3,627
:BI,-32768,-32768,-32768,-32768,V
:BS,-32768,-32768,-32768,V
:BE,-32768,-32768,-32768,V
:BD,        +0.00,        +0.00,        +0.00,   0.00,  2.93
:SA,   +0.00,   +0.00,  0.00
:TS,04010100074337,35.0, +26.7,   0.0,1538.3,628
:BI,-32768,-32768,-32768,-32768,V
:BS,-32768,-32768,-32768,V
:BE,-32768,-32768,-32768,V
:BD,        +0.00,        +0.00,        +0.00,   0.00,  3.02
:SA,   +0.00,   +0.00,  0.00
:TS,04010100074345,35.0, +26.7,   0.0,1538.3,622
:BI,-32768,-32768,-32768,-32768,V
:BS,-32768,-32768,-32768,V
:BE,-32768,-32768,-32768,V
:BD,        +0.00,        +0.00,        +0.00,   0.00,  3.10
:SA,   +0.00,   +0.00,  0.00
:TS,04010100074355,35.0, +26.7,   0.0,1538.3,623
:BI,-32768,-32768,-32768,-32768,V
:BS,-32768,-32768,-32768,V
:BE,-32768,-32768,-32768,V
:BD,        +0.00,        +0.00,        +0.00,   0.00,  3.20
:SA,   +0.00,   +0.00,  0.00
:TS,04010100074364,35.0, +26.7,   0.0,1538.3,624
:BI,-32768,-32768,-32768,-32768,V
:BS,-32768,-32768,-32768,V
:BE,-32768,-32768,-32768,V
:BD,        +0.00,        +0.00,        +0.00,   0.00,  3.29
:SA,   +0.00,   +0.00,  0.00
:TS,04010100074375,35.0, +26.7,   0.0,1538.3,621
:BI,-32768,-32768,-32768,-32768,V
:BS,-32768,-32768,-32768,V
:BE,-32768,-32768,-32768,V
:BD,        +0.00,        +0.00,        +0.00,   0.00,  3.40
:SA,   +0.00,   +0.00,  0.00
:TS,04010100074385,35.0, +26.7,   0.0,1538.3,627
:BI,-32768,-32768,-32768,-32768,V
:BS,-32768,-32768,-32768,V
:BE,-32768,-32768,-32768,V
:BD,        +0.00,        +0.00,        +0.00,   0.00,  3.50
:SA,   +0.00,   +0.00,  0.00
:TS,04010100074394,35.0, +26.7,   0.0,1538.3,628
:BI,-32768,-32768,-32768,-32768,V
:BS,-32768,-32768,-32768,V
:BE,-32768,-32768,-32768,V
:BD,        +0.00,        +0.00,        +0.00,   0.00,  3.59
:SA,   +0.00,   +0.00,  0.00
:TS,04010100074405,35.0, +26.7,   0.0,1538.3,622
:BI,-32768,-32768,-32768,-32768,V
:BS,-32768,-32768,-32768,V
:BE,-32768,-32768,-32768,V
:BD,        +0.00,        +0.00,        +0.00,   0.00,  3.70
:SA,   +0.00,   +0.00,  0.00
:TS,04010100074414,35.0, +26.7,   0.0,1538.3,623
:BI,-32768,-32768,-32768,-32768,V
:BS,-32768,-32768,-32768,V
:BE,-32768,-32768,-32768,V
:BD,        +0.00,        +0.00,        +0.00,   0.00,  3.79
:SA,   +0.00,   +0.00,  0.00
:TS,04010100074423,35.0, +26.7,   0.0,1538.3,624
:BI,-32768,-32768,-32768,-32768,V
:BS,-32768,-32768,-32768,V
:BE,-32768,-32768,-32768,V
:BD,        +0.00,        +0.00,        +0.00,   0.00,  3.88
:SA,   +0.00,   +0.00,  0.00
:TS,04010100074432,35.0, +26.7,   0.0,1538.3,621
:BI,-32768,-32768,-32768,-32768,V
:BS,-32768,-32768,-32768,V
:BE,-32768,-32768,-32768,V
:BD,        +0.00,        +0.00,        +0.00,   0.00,  3.97
:SA,   +0.00,   +0.00,  0.00
:TS,04010100074441,35.0, +26.7,   0.0,1538.3,627
:BI,-32768,-32768,-32768,-32768,V
:BS,-32768,-32768,-32768,V
:BE,-32768,-32768,-32768,V
:BD,        +0.00,        +0.00,        +0.00,   0.00,  4.06
:SA,   +0.00,   +0.00,  0.00
:TS,04010100074451,35.0, +26.7,   0.0,1538.3,628
:BI,-32768,-32768,-32768,-32768,V
:BS,-32768,-32768,-32768,V
:BE,-32768,-32768,-32768,V
:BD,        +0.00,        +0.00,        +0.00,   0.00,  4.16
:SA,   +0.00,   +0.00,  0.00
:TS,04010100074460,35.0, +26.7,   0.0,1538.3,622
:BI,-32768,-32768,-32768,-32768,V
:BS,-32768,-32768,-32768,V
:BE,-32768,-32768,-32768,V
:BD,        +0.00,        +0.00,        +0.00,   0.00,  4.25
:SA,   +0.00,   +0.00,  0.00
:TS,04010100074469,35.0, +26.7,   0.0,1538.3,623
:BI,-32768,-32768,-32768,-32768,V
:BS,-32768,-32768,-32768,V
:BE,-32768,-32768,-32768,V
:BD,        +0.00,        +0.00,        +0.00,   0.00,  4.34
:SA,   +0.00,   +0.00,  0.00
:TS,04010100074478,35.0, +26.7,   0.0,1538.3,624
:BI,-32768,-32768,-32768,-32768,V
:BS,-32768,-32768,-32768,V
:BE,-32768,-32768,-32768,V
:BD,        +0.00,        +0.00,        +0.00,   0.00,  4.43
:SA,   +0.00,   +0.00,  0.00
:TS,04010100074490,35.0, +26.7,   0.0,1538.3,621
:BI,-32768,-32768,-32768,-32768,V
:BS,-32768,-32768,-32768,V
:BE,-32768,-32768,-32768,V
:BD,        +0.00,        +0.00,        +0.00,   0.00,  4.55
:SA,   +0.00,   +0.00,  0.00
:TS,04010100074501,35.0, +26.7,   0.0,1538.3,627
:BI,-32768,-32768,-32768,-32768,V
:BS,-32768,-32768,-32768,V
:BE,-32768,-32768,-32768,V
:BD,        +0.00,        +0.00,        +0.00,   0.00,  4.66
:SA,   +0.00,   +0.00,  0.00
:TS,04010100074510,35.0, +26.7,   0.0,1538.3,628
:BI,-32768,-32768,-32768,-32768,V
:BS,-32768,-32768,-32768,V
:BE,-32768,-32768,-32768,V
:BD,        +0.00,        +0.00,        +0.00,   0.00,  4.75
:SA,   +0.00,   +0.00,  0.00
:TS,04010100074519,35.0, +26.7,   0.0,1538.3,622
:BI,-32768,-32768,-32768,-32768,V
:BS,-32768,-32768,-32768,V
:BE,-32768,-32768,-32768,V
:BD,        +0.00,        +0.00,        +0.00,   0.00,  4.84
:SA,   +0.00,   +0.00,  0.00
:TS,04010100074528,35.0, +26.7,   0.0,1538.3,623
:BI,-32768,-32768,-32768,-32768,V
:BS,-32768,-32768,-32768,V
:BE,-32768,-32768,-32768,V
:BD,        +0.00,        +0.00,        +0.00,   0.00,  4.93
:SA,   +0.00,   +0.00,  0.00
:TS,04010100074537,35.0, +26.7,   0.0,1538.3,624
:BI,-32768,-32768,-32768,-32768,V
:BS,-32768,-32768,-32768,V
:BE,-32768,-32768,-32768,V
:BD,        +0.00,        +0.00,        +0.00,   0.00,  5.02
:SA,   +0.00,   +0.00,  0.00
:TS,04010100074548,35.0, +26.7,   0.0,1538.3,621
:BI,-32768,-32768,-32768,-32768,V
:BS,-32768,-32768,-32768,V
:BE,-32768,-32768,-32768,V
:BD,        +0.00,        +0.00,        +0.00,   0.00,  5.13
:SA,   +0.00,   +0.00,  0.00
:TS,04010100074557,35.0, +26.7,   0.0,1538.3,627
:BI,-32768,-32768,-32768,-32768,V
:BS,-32768,-32768,-32768,V
:BE,-32768,-32768,-32768,V
:BD,        +0.00,        +0.00,        +0.00,   0.00,  5.22
:SA,   +0.00,   +0.00,  0.00
:TS,04010100074566,35.0, +26.7,   0.0,1538.3,628
:BI,-32768,-32768,-32768,-32768,V
:BS,-32768,-32768,-32768,V
:BE,-32768,-32768,-32768,V
:BD,        +0.00,        +0.00,        +0.00,   0.00,  5.31
:SA,   +0.00,   +0.00,  0.00
:TS,04010100074575,35.0, +26.7,   0.0,1538.3,622
:BI,-32768,-32768,-32768,-32768,V
:BS,-32768,-32768,-32768,V
:BE,-32768,-32768,-32768,V
:BD,        +0.00,        +0.00,        +0.00,   0.00,  5.40
:SA,   +0.00,   +0.00,  0.00
:TS,04010100074584,35.0, +26.7,   0.0,1538.3,623
:BI,-32768,-32768,-32768,-32768,V
:BS,-32768,-32768,-32768,V
:BE,-32768,-32768,-32768,V
:BD,        +0.00,        +0.00,        +0.00,   0.00,  5.49
:SA,   +0.00,   +0.00,  0.00
:TS,04010100074595,35.0, +26.7,   0.0,1538.3,624
:BI,-32768,-32768,-32768,-32768,V
:BS,-32768,-32768,-32768,V
:BE,-32768,-32768,-32768,V
:BD,        +0.00,        +0.00,        +0.00,   0.00,  5.60
:SA,   +0.00,   +0.00,  0.00
:TS,04010100074606,35.0, +26.7,   0.0,1538.3,621
:BI,-32768,-32768,-32768,-32768,V
:BS,-32768,-32768,-32768,V
:BE,-32768,-32768,-32768,V
:BD,        +0.00,        +0.00,        +0.00,   0.00,  5.71
:SA,   +0.00,   +0.00,  0.00
:TS,04010100074617,35.0, +26.7,   0.0,1538.3,627
:BI,-32768,-32768,-32768,-32768,V
:BS,-32768,-32768,-32768,V
:BE,-32768,-32768,-32768,V
:BD,        +0.00,        +0.00,        +0.00,   0.00,  5.82
:SA,   +0.00,   +0.00,  0.00
:TS,04010100074625,35.0, +26.7,   0.0,1538.3,628
:BI,-32768,-32768,-32768,-32768,V
:BS,-32768,-32768,-32768,V
:BE,-32768,-32768,-32768,V
:BD,        +0.00,        +0.00,        +0.00,   0.00,  5.90
:SA,   +0.00,   +0.00,  0.00
:TS,04010100074633,35.0, +26.7,   0.0,1538.3,622
:BI,-32768,-32768,-32768,-32768,V
:BS,-32768,-32768,-32768,V
:BE,-32768,-32768,-32768,V
:BD,        +0.00,        +0.00,        +0.00,   0.00,  5.98
:SA,   +0.00,   +0.00,  0.00
:TS,04010100074644,35.0, +26.7,   0.0,1538.3,623
:BI,-32768,-32768,-32768,-32768,V
:BS,-32768,-32768,-32768,V
:BE,-32768,-32768,-32768,V
:BD,        +0.00,        +0.00,        +0.00,   0.00,  6.09
:SA,   +0.00,   +0.00,  0.00
:TS,04010100074653,35.0, +26.7,   0.0,1538.3,624
:BI,-32768,-32768,-32768,-32768,V
:BS,-32768,-32768,-32768,V
:BE,-32768,-32768,-32768,V
:BD,        +0.00,        +0.00,        +0.00,   0.00,  6.18
:SA,   +0.00,   +0.00,  0.00
:TS,04010100074662,35.0, +26.7,   0.0,1538.3,621
:BI,-32768,-32768,-32768,-32768,V
:BS,-32768,-32768,-32768,V
:BE,-32768,-32768,-32768,V
:BD,        +0.00,        +0.00,        +0.00,   0.00,  6.27
:SA,   +0.00,   +0.00,  0.00
:TS,04010100074671,35.0, +26.7,   0.0,1538.3,627
:BI,-32768,-32768,-32768,-32768,V
:BS,-32768,-32768,-32768,V
:BE,-32768,-32768,-32768,V
:BD,        +0.00,        +0.00,        +0.00,   0.00,  6.36
:SA,   +0.00,   +0.00,  0.00
:TS,04010100074680,35.0, +26.7,   0.0,1538.3,628
:BI,-32768,-32768,-32768,-32768,V
:BS,-32768,-32768,-32768,V
:BE,-32768,-32768,-32768,V
:BD,        +0.00,        +0.00,        +0.00,   0.00,  6.45
:SA,   +0.00,   +0.00,  0.00
:TS,04010100074691,35.0, +26.7,   0.0,1538.3,622
:BI,-32768,-32768,-32768,-32768,V
:BS,-32768,-32768,-32768,V
:BE,-32768,-32768,-32768,V
:BD,        +0.00,        +0.00,        +0.00,   0.00,  6.56
:SA,   +0.00,   +0.00,  0.00
:TS,04010100074700,35.0, +26.7,   0.0,1538.3,623
:BI,-32768,-32768,-32768,-32768,V
:BS,-32768,-32768,-32768,V
:BE,-32768,-32768,-32768,V
:BD,        +0.00,        +0.00,        +0.00,   0.00,  6.65
:SA,   +0.00,   +0.00,  0.00
:TS,04010100074709,35.0, +26.7,   0.0,1538.3,624
:BI,-32768,-32768,-32768,-32768,V
:BS,-32768,-32768,-32768,V
:BE,-32768,-32768,-32768,V
:BD,        +0.00,        +0.00,        +0.00,   0.00,  6.74
:SA,   +0.00,   +0.00,  0.00
:TS,04010100074721,35.0, +26.7,   0.0,1538.3,621
:BI,-32768,-32768,-32768,-32768,V
:BS,-32768,-32768,-32768,V
:BE,-32768,-32768,-32768,V
:BD,        +0.00,        +0.00,        +0.00,   0.00,  6.86
:SA,   +0.00,   +0.00,  0.00
:TS,04010100074730,35.0, +26.7,   0.0,1538.3,627
:BI,-32768,-32768,-32768,-32768,V
:BS,-32768,-32768,-32768,V
:BE,-32768,-32768,-32768,V
:BD,        +0.00,        +0.00,        +0.00,   0.00,  6.95
:SA,   +0.00,   +0.00,  0.00
:TS,04010100074741,35.0, +26.7,   0.0,1538.3,628
:BI,-32768,-32768,-32768,-32768,V
:BS,-32768,-32768,-32768,V
:BE,-32768,-32768,-32768,V
:BD,        +0.00,        +0.00,        +0.00,   0.00,  7.06
:SA,   +0.00,   +0.00,  0.00
:TS,04010100074750,35.0, +26.7,   0.0,1538.3,622
:BI,-32768,-32768,-32768,-32768,V
:BS,-32768,-32768,-32768,V
:BE,-32768,-32768,-32768,V
:BD,        +0.00,        +0.00,        +0.00,   0.00,  7.15
:SA,   +0.00,   +0.00,  0.00
:TS,04010100074759,35.0, +26.7,   0.0,1538.3,623
:BI,-32768,-32768,-32768,-32768,V
:BS,-32768,-32768,-32768,V
:BE,-32768,-32768,-32768,V
:BD,        +0.00,        +0.00,        +0.00,   0.00,  7.24
:SA,   +0.00,   +0.00,  0.00
:TS,04010100074768,35.0, +26.7,   0.0,1538.3,624
:BI,-32768,-32768,-32768,-32768,V
:BS,-32768,-32768,-32768,V
:BE,-32768,-32768,-32768,V
:BD,        +0.00,        +0.00,        +0.00,   0.00,  7.33
:SA,   +0.00,   +0.00,  0.00
:TS,04010100074776,35.0, +26.7,   0.0,1538.3,621
:BI,-32768,-32768,-32768,-32768,V
:BS,-32768,-32768,-32768,V
:BE,-32768,-32768,-32768,V
:BD,        +0.00,        +0.00,        +0.00,   0.00,  7.41
:SA,   +0.00,   +0.00,  0.00
:TS,04010100074787,35.0, +26.7,   0.0,1538.3,627
:BI,-32768,-32768,-32768,-32768,V
:BS,-32768,-32768,-32768,V
:BE,-32768,-32768,-32768,V
:BD,        +0.00,        +0.00,        +0.00,   0.00,  7.52
:SA,   +0.00,   +0.00,  0.00
:TS,04010100074796,35.0, +26.7,   0.0,1538.3,628
:BI,-32768,-32768,-32768,-32768,V
:BS,-32768,-32768,-32768,V
:BE,-32768,-32768,-32768,V
:BD,        +0.00,        +0.00,        +0.00,   0.00,  7.61
:SA,   +0.00,   +0.00,  0.00
:TS,04010100074805,35.0, +26.7,   0.0,1538.3,622
:BI,-32768,-32768,-32768,-32768,V
:BS,-32768,-32768,-32768,V
:BE,-32768,-32768,-32768,V
:BD,        +0.00,        +0.00,        +0.00,   0.00,  7.70
:SA,   +0.00,   +0.00,  0.00
:TS,04010100074814,35.0, +26.7,   0.0,1538.3,623
:BI,-32768,-32768,-32768,-32768,V
:BS,-32768,-32768,-32768,V
:BE,-32768,-32768,-32768,V
:BD,        +0.00,        +0.00,        +0.00,   0.00,  7.79
:SA,   +0.00,   +0.00,  0.00
:TS,04010100074823,35.0, +26.7,   0.0,1538.3,624
:BI,-32768,-32768,-32768,-32768,V
:BS,-32768,-32768,-32768,V
:BE,-32768,-32768,-32768,V
:BD,        +0.00,        +0.00,        +0.00,   0.00,  7.88
:SA,   +0.00,   +0.00,  0.00
:TS,04010100074837,35.0, +26.7,   0.0,1538.3,621
:BI,-32768,-32768,-32768,-32768,V
:BS,-32768,-32768,-32768,V
:BE,-32768,-32768,-32768,V
:BD,        +0.00,        +0.00,        +0.00,   0.00,  8.02
:SA,   +0.00,   +0.00,  0.00
:TS,04010100074848,35.0, +26.7,   0.0,1538.3,627
:BI,-32768,-32768,-32768,-32768,V
:BS,-32768,-32768,-32768,V
:BE,-32768,-32768,-32768,V
:BD,        +0.00,        +0.00,        +0.00,   0.00,  8.13
:SA,   +0.00,   +0.00,  0.00
:TS,04010100074857,35.0, +26.7,   0.0,1538.3,628
:BI,-32768,-32768,-32768,-32768,V
:BS,-32768,-32768,-32768,V
:BE,-32768,-32768,-32768,V
:BD,        +0.00,        +0.00,        +0.00,   0.00,  8.22
:SA,   +0.00,   +0.00,  0.00
:TS,04010100074866,35.0, +26.7,   0.0,1538.3,622
:BI,-32768,-32768,-32768,-32768,V
:BS,-32768,-32768,-32768,V
:BE,-32768,-32768,-32768,V
:BD,        +0.00,        +0.00,        +0.00,   0.00,  8.31
:SA,   +0.00,   +0.00,  0.00
:TS,04010100074874,35.0, +26.7,   0.0,1538.3,623
:BI,-32768,-32768,-32768,-32768,V
:BS,-32768,-32768,-32768,V
:BE,-32768,-32768,-32768,V
:BD,        +0.00,        +0.00,        +0.00,   0.00,  8.39
:SA,   +0.00,   +0.00,  0.00
:TS,04010100074884,35.0, +26.7,   0.0,1538.3,624
:BI,-32768,-32768,-32768,-32768,V
:BS,-32768,-32768,-32768,V
:BE,-32768,-32768,-32768,V
:BD,        +0.00,        +0.00,        +0.00,   0.00,  8.49
:SA,   +0.00,   +0.00,  0.00
:TS,04010100074893,35.0, +26.7,   0.0,1538.3,621
:BI,-32768,-32768,-32768,-32768,V
:BS,-32768,-32768,-32768,V
:BE,-32768,-32768,-32768,V
:BD,        +0.00,        +0.00,        +0.00,   0.00,  8.58
:SA,   +0.00,   +0.00,  0.00
:TS,04010100074902,35.0, +26.7,   0.0,1538.3,627
:BI,-32768,-32768,-32768,-32768,V
:BS,-32768,-32768,-32768,V
:BE,-32768,-32768,-32768,V
:BD,        +0.00,        +0.00,        +0.00,   0.00,  8.67
:SA,   +0.00,   +0.00,  0.00
:TS,04010100074911,35.0, +26.7,   0.0,1538.3,628
:BI,-32768,-32768,-32768,-32768,V
:BS,-32768,-32768,-32768,V
:BE,-32768,-32768,-32768,V
:BD,        +0.00,        +0.00,        +0.00,   0.00,  8.76
:SA,   +0.00,   +0.00,  0.00
:TS,04010100074920,35.0, +26.7,   0.0,1538.3,622
:BI,-32768,-32768,-32768,-32768,V
:BS,-32768,-32768,-32768,V
:BE,-32768,-32768,-32768,V
:BD,        +0.00,        +0.00,        +0.00,   0.00,  8.85
:SA,   +0.00,   +0.00,  0.00
:TS,04010100074930,35.0, +26.7,   0.0,1538.3,623
:BI,-32768,-32768,-32768,-32768,V
:BS,-32768,-32768,-32768,V
:BE,-32768,-32768,-32768,V
:BD,        +0.00,        +0.00,        +0.00,   0.00,  8.95
:SA,   +0.00,   +0.00,  0.00
:TS,04010100074939,35.0, +26.7,   0.0,1538.3,624
:BI,-32768,-32768,-32768,-32768,V
:BS,-32768,-32768,-32768,V
:BE,-32768,-32768,-32768,V
:BD,        +0.00,        +0.00,        +0.00,   0.00,  9.04
:SA,   +0.00,   +0.00,  0.00
:TS,04010100074950,35.0, +26.7,   0.0,1538.3,621
:BI,-32768,-32768,-32768,-32768,V
:BS,-32768,-32768,-32768,V
:BE,-32768,-32768,-32768,V
:BD,        +0.00,        +0.00,        +0.00,   0.00,  9.15
:SA,   +0.00,   +0.00,  0.00
:TS,04010100074960,35.0, +26.7,   0.0,1538.3,627
:BI,-32768,-32768,-32768,-32768,V
:BS,-32768,-32768,-32768,V
:BE,-32768,-32768,-32768,V
:BD,        +0.00,        +0.00,        +0.00,   0.00,  9.25
:SA,   +0.00,   +0.00,  0.00
:TS,04010100074969,35.0, +26.7,   0.0,1538.3,628
:BI,-32768,-32768,-32768,-32768,V
:BS,-32768,-32768,-32768,V
:BE,-32768,-32768,-32768,V
:BD,        +0.00,        +0.00,        +0.00,   0.00,  9.34
:SA,   +0.00,   +0.00,  0.00
:TS,04010100074980,35.0, +26.7,   0.0,1538.3,622
:BI,-32768,-32768,-32768,-32768,V
:BS,-32768,-32768,-32768,V
:BE,-32768,-32768,-32768,V
:BD,        +0.00,        +0.00,        +0.00,   0.00,  9.45
:SA,   +0.00,   +0.00,  0.00
:TS,04010100074989,35.0, +26.7,   0.0,1538.3,623
:BI,-32768,-32768,-32768,-32768,V
:BS,-32768,-32768,-32768,V
:BE,-32768,-32768,-32768,V
:BD,        +0.00,        +0.00,        +0.00,   0.00,  9.54
:SA,   +0.00,   +0.00,  0.00
:TS,04010100074998,35.0, +26.7,   0.0,1538.3,624
:BI,-32768,-32768,-32768,-32768,V
:BS,-32768,-32768,-32768,V
:BE,-32768,-32768,-32768,V
:BD,        +0.00,        +0.00,        +0.00,   0.00,  9.63
:SA,   +0.00,   +0.00,  0.00
:TS,04010100075007,35.0, +26.7,   0.0,1538.3,621
:BI,-32768,-32768,-32768,-32768,V
:BS,-32768,-32768,-32768,V
:BE,-32768,-32768,-32768,V
:BD,        +0.00,        +0.00,        +0.00,   0.00,  9.72
:SA,   +0.00,   +0.00,  0.00
:TS,04010100075016,35.0, +26.7,   0.0,1538.3,627
:BI,-32768,-32768,-32768,-32768,V
:BS,-32768,-32768,-32768,V
:BE,-32768,-32768,-32768,V
:BD,        +0.00,        +0.00,        +0.00,   0.00,  9.81
:SA,   +0.00,   +0.00,  0.00
:TS,04010100075027,35.0, +26.7,   0.0,1538.3,628
:BI,-32768,-32768,-32768,-32768,V
:BS,-32768,-32768,-32768,V
:BE,-32768,-32768,-32768,V
:BD,        +0.00,        +0.00,        +0.00,   0.00,  9.92
:SA,   +0.00,   +0.00,  0.00
:TS,04010100075036,35.0, +26.7,   0.0,1538.3,622
:BI,-32768,-32768,-32768,-32768,V
:BS,-32768,-32768,-32768,V
:BE,-32768,-32768,-32768,V
:BD,        +0.00,        +0.00,        +0.00,   0.00, 10.01
:SA,   +0.00,   +0.00,  0.00
:TS,04010100075045,35.0, +26.7,   0.0,1538.3,623
:BI,-32768,-32768,-32768,-32768,V
:BS,-32768,-32768,-32768,V
:BE,-32768,-32768,-32768,V
:BD,        +0.00,        +0.00,        +0.00,   0.00, 10.10
:SA,   +0.00,   +0.00,  0.00
:TS,04010100075054,35.0, +26.7,   0.0,1538.3,624
:BI,-32768,-32768,-32768,-32768,V
:BS,-32768,-32768,-32768,V
:BE,-32768,-32768,-32768,V
:BD,        +0.00,        +0.00,        +0.00,   0.00, 10.19
:SA,   +0.00,   +0.00,  0.00
:TS,04010100075066,35.0, +26.7,   0.0,1538.3,621
:BI,-32768,-32768,-32768,-32768,V
:BS,-32768,-32768,-32768,V
:BE,-32768,-32768,-32768,V
:BD,        +0.00,        +0.00,        +0.00,   0.00, 10.31
:SA,   +0.00,   +0.00,  0.00
:TS,04010100075077,35.0, +26.7,   0.0,1538.3,627
:BI,-32768,-32768,-32768,-32768,V
:BS,-32768,-32768,-32768,V
:BE,-32768,-32768,-32768,V
:BD,        +0.00,        +0.00,        +0.00,   0.00, 10.42
:SA,   +0.00,   +0.00,  0.00
:TS,04010100075087,35.0, +26.7,   0.0,1538.3,628
:BI,-32768,-32768,-32768,-32768,V
:BS,-32768,-32768,-32768,V
:BE,-32768,-32768,-32768,V
:BD,        +0.00,        +0.00,        +0.00,   0.00, 10.52
:SA,   +0.00,   +0.00,  0.00
:TS,04010100075096,35.0, +26.7,   0.0,1538.3,622
:BI,-32768,-32768,-32768,-32768,V
:BS,-32768,-32768,-32768,V
:BE,-32768,-32768,-32768,V
:BD,        +0.00,        +0.00,        +0.00,   0.00, 10.61
:SA,   +0.00,   +0.00,  0.00
:TS,04010100075105,35.0, +26.7,   0.0,1538.3,623
:BI,-32768,-32768,-32768,-32768,V
:BS,-32768,-32768,-32768,V
:BE,-32768,-32768,-32768,V
:BD,        +0.00,        +0.00,        +0.00,   0.00, 10.70
:SA,   +0.00,   +0.00,  0.00
:TS,04010100075113,35.0, +26.7,   0.0,1538.3,624
:BI,-32768,-32768,-32768,-32768,V
:BS,-32768,-32768,-32768,V
:BE,-32768,-32768,-32768,V
:BD,        +0.00,        +0.00,        +0.00,   0.00, 10.78
:SA,   +0.00,   +0.00,  0.00
:TS,04010100075123,35.0, +26.7,   0.0,1538.3,621
:BI,-32768,-32768,-32768,-32768,V
:BS,-32768,-32768,-32768,V
:BE,-32768,-32768,-32768,V
:BD,        +0.00,        +0.00,        +0.00,   0.00, 10.88
:SA,   +0.00,   +0.00,  0.00
:TS,04010100075132,35.0, +26.7,   0.0,1538.3,627
:BI,-32768,-32768,-32768,-32768,V
:BS,-32768,-32768,-32768,V
:BE,-32768,-32768,-32768,V
:BD,        +0.00,        +0.00,        +0.00,   0.00, 10.97
:SA,   +0.00,   +0.00,  0.00
:TS,04010100075141,35.0, +26.7,   0.0,1538.3,628
:BI,-32768,-32768,-32768,-32768,V
:BS,-32768,-32768,-32768,V
:BE,-32768,-32768,-32768,V
:BD,        +0.00,        +0.00,        +0.00,   0.00, 11.06
:SA,   +0.00,   +0.00,  0.00
:TS,04010100075150,35.0, +26.7,   0.0,1538.3,622
:BI,-32768,-32768,-32768,-32768,V
:BS,-32768,-32768,-32768,V
:BE,-32768,-32768,-32768,V
:BD,        +0.00,        +0.00,        +0.00,   0.00, 11.15
:SA,   +0.00,   +0.00,  0.00
:TS,04010100075159,35.0, +26.7,   0.0,1538.3,623
:BI,-32768,-32768,-32768,-32768,V
:BS,-32768,-32768,-32768,V
:BE,-32768,-32768,-32768,V
:BD,        +0.00,        +0.00,        +0.00,   0.00, 11.24
:SA,   +0.00,   +0.00,  0.00
:TS,04010100075170,35.0, +26.7,   0.0,1538.3,624
:BI,-32768,-32768,-32768,-32768,V
:BS,-32768,-32768,-32768,V
:BE,-32768,-32768,-32768,V
:BD,        +0.00,        +0.00,        +0.00,   0.00, 11.35
:SA,   +0.00,   +0.00,  0.00
:TS,04010100075181,35.0, +26.7,   0.0,1538.3,621
:BI,-32768,-32768,-32768,-32768,V
:BS,-32768,-32768,-32768,V
:BE,-32768,-32768,-32768,V
:BD,        +0.00,        +0.00,        +0.00,   0.00, 11.46
:SA,   +0.00,   +0.00,  0.00
:TS,04010100075191,35.0, +26.7,   0.0,1538.3,627
:BI,-32768,-32768,-32768,-32768,V
:BS,-32768,-32768,-32768,V
:BE,-32768,-32768,-32768,V
:BD,        +0.00,        +0.00,        +0.00,   0.00, 11.56
:SA,   +0.00,   +0.00,  0.00
:TS,04010100075200,35.0, +26.7,   0.0,1538.3,628
:BI,-32768,-32768,-32768,-32768,V
:BS,-32768,-32768,-32768,V
:BE,-32768,-32768,-32768,V
:BD,        +0.00,        +0.00,        +0.00,   0.00, 11.65
:SA,   +0.00,   +0.00,  0.00
:TS,04010100075209,35.0, +26.7,   0.0,1538.3,622
:BI,-32768,-32768,-32768,-32768,V
:BS,-32768,-32768,-32768,V
:BE,-32768,-32768,-32768,V
:BD,        +0.00,        +0.00,        +0.00,   0.00, 11.74
:SA,   +0.00,   +0.00,  0.00
:TS,04010100075219,35.0, +26.7,   0.0,1538.3,623
:BI,-32768,-32768,-32768,-32768,V
:BS,-32768,-32768,-32768,V
:BE,-32768,-32768,-32768,V
:BD,        +0.00,        +0.00,        +0.00,   0.00, 11.84
:SA,   +0.00,   +0.00,  0.00
:TS,04010100075228,35.0, +26.7,   0.0,1538.3,624
:BI,-32768,-32768,-32768,-32768,V
:BS,-32768,-32768,-32768,V
:BE,-32768,-32768,-32768,V
:BD,        +0.00,        +0.00,        +0.00,   0.00, 11.93
:SA,   +0.00,   +0.00,  0.00
:TS,04010100075237,35.0, +26.7,   0.0,1538.3,621
:BI,-32768,-32768,-32768,-32768,V
:BS,-32768,-32768,-32768,V
:BE,-32768,-32768,-32768,V
:BD,        +0.00,        +0.00,        +0.00,   0.00, 12.02
:SA,   +0.00,   +0.00,  0.00
:TS,04010100075246,35.0, +26.7,   0.0,1538.3,627
:BI,-32768,-32768,-32768,-32768,V
:BS,-32768,-32768,-32768,V
:BE,-32768,-32768,-32768,V
:BD,        +0.00,        +0.00,        +0.00,   0.00, 12.11
:SA,   +0.00,   +0.00,  0.00
:TS,04010100075255,35.0, +26.7,   0.0,1538.3,628
:BI,-32768,-32768,-32768,-32768,V
:BS,-32768,-32768,-32768,V
:BE,-32768,-32768,-32768,V
:BD,        +0.00,        +0.00,        +0.00,   0.00, 12.20
:SA,   +0.00,   +0.00,  0.00
:TS,04010100075265,35.0, +26.7,   0.0,1538.3,622
:BI,-32768,-32768,-32768,-32768,V
:BS,-32768,-32768,-32768,V
:BE,-32768,-32768,-32768,V
:BD,        +0.00,        +0.00,        +0.00,   0.00, 12.30
:SA,   +0.00,   +0.00,  0.00
:TS,04010100075274,35.0, +26.7,   0.0,1538.3,623
:BI,-32768,-32768,-32768,-32768,V
:BS,-32768,-32768,-32768,V
:BE,-32768,-32768,-32768,V
:BD,        +0.00,        +0.00,        +0.00,   0.00, 12.39
:SA,   +0.00,   +0.00,  0.00
:TS,04010100075283,35.0, +26.7,   0.0,1538.3,624
:BI,-32768,-32768,-32768,-32768,V
:BS,-32768,-32768,-32768,V
:BE,-32768,-32768,-32768,V
:BD,        +0.00,        +0.00,        +0.00,   0.00, 12.48
:SA,   +0.00,   +0.00,  0.00
:TS,04010100075294,35.0, +26.7,   0.0,1538.3,621
:BI,-32768,-32768,-32768,-32768,V
:BS,-32768,-32768,-32768,V
:BE,-32768,-32768,-32768,V
:BD,        +0.00,        +0.00,        +0.00,   0.00, 12.59
:SA,   +0.00,   +0.00,  0.00
:TS,04010100075304,35.0, +26.7,   0.0,1538.3,627
:BI,-32768,-32768,-32768,-32768,V
:BS,-32768,-32768,-32768,V
:BE,-32768,-32768,-32768,V
:BD,        +0.00,        +0.00,        +0.00,   0.00, 12.69
:SA,   +0.00,   +0.00,  0.00
:TS,04010100075314,35.0, +26.7,   0.0,1538.3,628
:BI,-32768,-32768,-32768,-32768,V
:BS,-32768,-32768,-32768,V
:BE,-32768,-32768,-32768,V
:BD,        +0.00,        +0.00,        +0.00,   0.00, 12.79
:SA,   +0.00,   +0.00,  0.00
:TS,04010100075323,35.0, +26.7,   0.0,1538.3,622
:BI,-32768,-32768,-32768,-32768,V
:BS,-32768,-32768,-32768,V
:BE,-32768,-32768,-32768,V
:BD,        +0.00,        +0.00,        +0.00,   0.00, 12.88
:SA,   +0.00,   +0.00,  0.00
:TS,04010100075332,35.0, +26.7,   0.0,1538.3,623
:BI,-32768,-32768,-32768,-32768,V
:BS,-32768,-32768,-32768,V
:BE,-32768,-32768,-32768,V
:BD,        +0.00,        +0.00,        +0.00,   0.00, 12.97
:SA,   +0.00,   +0.00,  0.00
:TS,04010100075341,35.0, +26.7,   0.0,1538.3,624
:BI,-32768,-32768,-32768,-32768,V
:BS,-32768,-32768,-32768,V
:BE,-32768,-32768,-32768,V
:BD,        +0.00,        +0.00,        +0.00,   0.00, 13.06
:SA,   +0.00,   +0.00,  0.00
:TS,04010100075349,35.0, +26.7,   0.0,1538.3,621
:BI,-32768,-32768,-32768,-32768,V
:BS,-32768,-32768,-32768,V
:BE,-32768,-32768,-32768,V
:BD,        +0.00,        +0.00,        +0.00,   0.00, 13.14
:SA,   +0.00,   +0.00,  0.00
:TS,04010100075360,35.0, +26.7,   0.0,1538.3,627
:BI,-32768,-32768,-32768,-32768,V
:BS,-32768,-32768,-32768,V
:BE,-32768,-32768,-32768,V
:BD,        +0.00,        +0.00,        +0.00,   0.00, 13.25
:SA,   +0.00,   +0.00,  0.00
:TS,04010100075369,35.0, +26.7,   0.0,1538.3,628
:BI,-32768,-32768,-32768,-32768,V
:BS,-32768,-32768,-32768,V
:BE,-32768,-32768,-32768,V
:BD,        +0.00,        +0.00,        +0.00,   0.00, 13.34
:SA,   +0.00,   +0.00,  0.00
:TS,04010100075378,35.0, +26.7,   0.0,1538.3,622
:BI,-32768,-32768,-32768,-32768,V
:BS,-32768,-32768,-32768,V
:BE,-32768,-32768,-32768,V
:BD,        +0.00,        +0.00,        +0.00,   0.00, 13.43
:SA,   +0.00,   +0.00,  0.00
:TS,04010100075387,35.0, +26.7,   0.0,1538.3,623
:BI,-32768,-32768,-32768,-32768,V
:BS,-32768,-32768,-32768,V
:BE,-32768,-32768,-32768,V
:BD,        +0.00,        +0.00,        +0.00,   0.00, 13.52
:SA,   +0.00,   +0.00,  0.00
:TS,04010100075396,35.0, +26.7,   0.0,1538.3,624
:BI,-32768,-32768,-32768,-32768,V
:BS,-32768,-32768,-32768,V
:BE,-32768,-32768,-32768,V
:BD,        +0.00,        +0.00,        +0.00,   0.00, 13.61
:SA,   +0.00,   +0.00,  0.00
:TS,04010100075410,35.0, +26.7,   0.0,1538.3,621
:BI,-32768,-32768,-32768,-32768,V
:BS,-32768,-32768,-32768,V
:BE,-32768,-32768,-32768,V
:BD,        +0.00,        +0.00,        +0.00,   0.00, 13.75
:SA,   +0.00,   +0.00,  0.00
:TS,04010100075420,35.0, +26.7,   0.0,1538.3,627
:BI,-32768,-32768,-32768,-32768,V
:BS,-32768,-32768,-32768,V
:BE,-32768,-32768,-32768,V
:BD,        +0.00,        +0.00,        +0.00,   0.00, 13.85
:SA,   +0.00,   +0.00,  0.00
:TS,04010100075429,35.0, +26.7,   0.0,1538.3,628
:BI,-32768,-32768,-32768,-32768,V
:BS,-32768,-32768,-32768,V
:BE,-32768,-32768,-32768,V
:BD,        +0.00,        +0.00,        +0.00,   0.00, 13.94
:SA,   +0.00,   +0.00,  0.00
:TS,04010100075438,35.0, +26.7,   0.0,1538.3,622
:BI,-32768,-32768,-32768,-32768,V
:BS,-32768,-32768,-32768,V
:BE,-32768,-32768,-32768,V
:BD,        +0.00,        +0.00,        +0.00,   0.00, 14.03
:SA,   +0.00,   +0.00,  0.00
:TS,04010100075446,35.0, +26.7,   0.0,1538.3,623
:BI,-32768,-32768,-32768,-32768,V
:BS,-32768,-32768,-32768,V
:BE,-32768,-32768,-32768,V
:BD,        +0.00,        +0.00,        +0.00,   0.00, 14.11
:SA,   +0.00,   +0.00,  0.00
:TS,04010100075456,35.0, +26.7,   0.0,1538.3,624
:BI,-32768,-32768,-32768,-32768,V
:BS,-32768,-32768,-32768,V
:BE,-32768,-32768,-32768,V
:BD,        +0.00,        +0.00,        +0.00,   0.00, 14.21
:SA,   +0.00,   +0.00,  0.00
:TS,04010100075465,35.0, +26.7,   0.0,1538.3,621
:BI,-32768,-32768,-32768,-32768,V
:BS,-32768,-32768,-32768,V
:BE,-32768,-32768,-32768,V
:BD,        +0.00,        +0.00,        +0.00,   0.00, 14.30
:SA,   +0.00,   +0.00,  0.00
:TS,04010100075474,35.0, +26.7,   0.0,1538.3,627
:BI,-32768,-32768,-32768,-32768,V
:BS,-32768,-32768,-32768,V
:BE,-32768,-32768,-32768,V
:BD,        +0.00,        +0.00,        +0.00,   0.00, 14.39
:SA,   +0.00,   +0.00,  0.00
:TS,04010100075483,35.0, +26.7,   0.0,1538.3,628
:BI,-32768,-32768,-32768,-32768,V
:BS,-32768,-32768,-32768,V
:BE,-32768,-32768,-32768,V
:BD,        +0.00,        +0.00,        +0.00,   0.00, 14.48
:SA,   +0.00,   +0.00,  0.00
:TS,04010100075492,35.0, +26.7,   0.0,1538.3,622
:BI,-32768,-32768,-32768,-32768,V
:BS,-32768,-32768,-32768,V
:BE,-32768,-32768,-32768,V
:BD,        +0.00,        +0.00,        +0.00,   0.00, 14.57
:SA,   +0.00,   +0.00,  0.00
:TS,04010100075503,35.0, +26.7,   0.0,1538.3,623
:BI,-32768,-32768,-32768,-32768,V
:BS,-32768,-32768,-32768,V
:BE,-32768,-32768,-32768,V
:BD,        +0.00,        +0.00,        +0.00,   0.00, 14.68
:SA,   +0.00,   +0.00,  0.00
:TS,04010100075512,35.0, +26.7,   0.0,1538.3,624
:BI,-32768,-32768,-32768,-32768,V
:BS,-32768,-32768,-32768,V
:BE,-32768,-32768,-32768,V
:BD,        +0.00,        +0.00,        +0.00,   0.00, 14.77
:SA,   +0.00,   +0.00,  0.00
:TS,04010100075523,35.0, +26.7,   0.0,1538.3,621
:BI,-32768,-32768,-32768,-32768,V
:BS,-32768,-32768,-32768,V
:BE,-32768,-32768,-32768,V
:BD,        +0.00,        +0.00,        +0.00,   0.00, 14.88
:SA,   +0.00,   +0.00,  0.00
:TS,04010100075533,35.0, +26.7,   0.0,1538.3,627
:BI,-32768,-32768,-32768,-32768,V
:BS,-32768,-32768,-32768,V
:BE,-32768,-32768,-32768,V
:BD,        +0.00,        +0.00,        +0.00,   0.00, 14.98
:SA,   +0.00,   +0.00,  0.00
:TS,04010100075542,35.0, +26.7,   0.0,1538.3,628
:BI,-32768,-32768,-32768,-32768,V
:BS,-32768,-32768,-32768,V
:BE,-32768,-32768,-32768,V
:BD,        +0.00,        +0.00,        +0.00,   0.00, 15.07
:SA,   +0.00,   +0.00,  0.00
:TS,04010100075552,35.0, +26.7,   0.0,1538.3,622
:BI,-32768,-32768,-32768,-32768,V
:BS,-32768,-32768,-32768,V
:BE,-32768,-32768,-32768,V
:BD,        +0.00,        +0.00,        +0.00,   0.00, 15.17
:SA,   +0.00,   +0.00,  0.00
:TS,04010100075561,35.0, +26.7,   0.0,1538.3,623
:BI,-32768,-32768,-32768,-32768,V
:BS,-32768,-32768,-32768,V
:BE,-32768,-32768,-32768,V
:BD,        +0.00,        +0.00,        +0.00,   0.00, 15.26
:SA,   +0.00,   +0.00,  0.00
:TS,04010100075570,35.0, +26.7,   0.0,1538.3,624
:BI,-32768,-32768,-32768,-32768,V
:BS,-32768,-32768,-32768,V
:BE,-32768,-32768,-32768,V
:BD,        +0.00,        +0.00,        +0.00,   0.00, 15.35
:SA,   +0.00,   +0.00,  0.00
:TS,04010100075579,35.0, +26.7,   0.0,1538.3,621
:BI,-32768,-32768,-32768,-32768,V
:BS,-32768,-32768,-32768,V
:BE,-32768,-32768,-32768,V
:BD,        +0.00,        +0.00,        +0.00,   0.00, 15.44
:SA,   +0.00,   +0.00,  0.00
:TS,04010100075588,35.0, +26.7,   0.0,1538.3,627
:BI,-32768,-32768,-32768,-32768,V
:BS,-32768,-32768,-32768,V
:BE,-32768,-32768,-32768,V
:BD,        +0.00,        +0.00,        +0.00,   0.00, 15.53
:SA,   +0.00,   +0.00,  0.00
:TS,04010100075598,35.0, +26.7,   0.0,1538.3,628
:BI,-32768,-32768,-32768,-32768,V
:BS,-32768,-32768,-32768,V
:BE,-32768,-32768,-32768,V
:BD,        +0.00,        +0.00,        +0.00,   0.00, 15.63
:SA,   +0.00,   +0.00,  0.00
:TS,04010100075607,35.0, +26.7,   0.0,1538.3,622
:BI,-32768,-32768,-32768,-32768,V
:BS,-32768,-32768,-32768,V
:BE,-32768,-32768,-32768,V
:BD,        +0.00,        +0.00,        +0.00,   0.00, 15.72
:SA,   +0.00,   +0.00,  0.00
:TS,04010100075616,35.0, +26.7,   0.0,1538.3,623
:BI,-32768,-32768,-32768,-32768,V
:BS,-32768,-32768,-32768,V
:BE,-32768,-32768,-32768,V
:BD,        +0.00,        +0.00,        +0.00,   0.00, 15.81
:SA,   +0.00,   +0.00,  0.00
:TS,04010100075625,35.0, +26.7,   0.0,1538.3,624
:BI,-32768,-32768,-32768,-32768,V
:BS,-32768,-32768,-32768,V
:BE,-32768,-32768,-32768,V
:BD,        +0.00,        +0.00,        +0.00,   0.00, 15.90
:SA,   +0.00,   +0.00,  0.00
:TS,04010100075635,35.0, +26.7,   0.0,1538.3,621
:BI,-32768,-32768,-32768,-32768,V
:BS,-32768,-32768,-32768,V
:BE,-32768,-32768,-32768,V
:BD,        +0.00,        +0.00,        +0.00,   0.00, 16.00
:SA,   +0.00,   +0.00,  0.00
:TS,04010100075647,35.0, +26.7,   0.0,1538.3,627
:BI,-32768,-32768,-32768,-32768,V
:BS,-32768,-32768,-32768,V
:BE,-32768,-32768,-32768,V
:BD,        +0.00,        +0.00,        +0.00,   0.00, 16.12
:SA,   +0.00,   +0.00,  0.00
:TS,04010100075657,35.0, +26.7,   0.0,1538.3,628
:BI,-32768,-32768,-32768,-32768,V
:BS,-32768,-32768,-32768,V
:BE,-32768,-32768,-32768,V
:BD,        +0.00,        +0.00,        +0.00,   0.00, 16.22
:SA,   +0.00,   +0.00,  0.00
:TS,04010100075666,35.0, +26.7,   0.0,1538.3,622
:BI,-32768,-32768,-32768,-32768,V
:BS,-32768,-32768,-32768,V
:BE,-32768,-32768,-32768,V
:BD,        +0.00,        +0.00,        +0.00,   0.00, 16.31
:SA,   +0.00,   +0.00,  0.00
:TS,04010100075675,35.0, +26.7,   0.0,1538.3,623
:BI,-32768,-32768,-32768,-32768,V
:BS,-32768,-32768,-32768,V
:BE,-32768,-32768,-32768,V
:BD,        +0.00,        +0.00,        +0.00,   0.00, 16.40
:SA,   +0.00,   +0.00,  0.00
:TS,04010100075683,35.0, +26.7,   0.0,1538.3,624
:BI,-32768,-32768,-32768,-32768,V
:BS,-32768,-32768,-32768,V
:BE,-32768,-32768,-32768,V
:BD,        +0.00,        +0.00,        +0.00,   0.00, 16.48
:SA,   +0.00,   +0.00,  0.00
:TS,04010100075693,35.0, +26.7,   0.0,1538.3,621
:BI,-32768,-32768,-32768,-32768,V
:BS,-32768,-32768,-32768,V
:BE,-32768,-32768,-32768,V
:BD,        +0.00,        +0.00,        +0.00,   0.00, 16.58
:SA,   +0.00,   +0.00,  0.00
:TS,04010100075702,35.0, +26.7,   0.0,1538.3,627
:BI,-32768,-32768,-32768,-32768,V
:BS,-32768,-32768,-32768,V
:BE,-32768,-32768,-32768,V
:BD,        +0.00,        +0.00,        +0.00,   0.00, 16.67
:SA,   +0.00,   +0.00,  0.00
:TS,04010100075711,35.0, +26.7,   0.0,1538.3,628
:BI,-32768,-32768,-32768,-32768,V
:BS,-32768,-32768,-32768,V
:BE,-32768,-32768,-32768,V
:BD,        +0.00,        +0.00,        +0.00,   0.00, 16.76
:SA,   +0.00,   +0.00,  0.00
:TS,04010100075720,35.0, +26.7,   0.0,1538.3,622
:BI,-32768,-32768,-32768,-32768,V
:BS,-32768,-32768,-32768,V
:BE,-32768,-32768,-32768,V
:BD,        +0.00,        +0.00,        +0.00,   0.00, 16.85
:SA,   +0.00,   +0.00,  0.00
:TS,04010100075729,35.0, +26.7,   0.0,1538.3,623
:BI,-32768,-32768,-32768,-32768,V
:BS,-32768,-32768,-32768,V
:BE,-32768,-32768,-32768,V
:BD,        +0.00,        +0.00,        +0.00,   0.00, 16.94
:SA,   +0.00,   +0.00,  0.00
:TS,04010100075740,35.0, +26.7,   0.0,1538.3,624
:BI,-32768,-32768,-32768,-32768,V
:BS,-32768,-32768,-32768,V
:BE,-32768,-32768,-32768,V
:BD,        +0.00,        +0.00,        +0.00,   0.00, 17.05
:SA,   +0.00,   +0.00,  0.00
:TS,04010100075751,35.0, +26.7,   0.0,1538.3,621
:BI,-32768,-32768,-32768,-32768,V
:BS,-32768,-32768,-32768,V
:BE,-32768,-32768,-32768,V
:BD,        +0.00,        +0.00,        +0.00,   0.00, 17.16
:SA,   +0.00,   +0.00,  0.00
:TS,04010100075762,35.0, +26.7,   0.0,1538.3,627
:BI,-32768,-32768,-32768,-32768,V
:BS,-32768,-32768,-32768,V
:BE,-32768,-32768,-32768,V
:BD,        +0.00,        +0.00,        +0.00,   0.00, 17.27
:SA,   +0.00,   +0.00,  0.00
:TS,04010100075770,35.0, +26.7,   0.0,1538.3,628
:BI,-32768,-32768,-32768,-32768,V
:BS,-32768,-32768,-32768,V
:BE,-32768,-32768,-32768,V
:BD,        +0.00,        +0.00,        +0.00,   0.00, 17.35
:SA,   +0.00,   +0.00,  0.00
:TS,04010100075778,35.0, +26.7,   0.0,1538.3,622
:BI,-32768,-32768,-32768,-32768,V
:BS,-32768,-32768,-32768,V
:BE,-32768,-32768,-32768,V
:BD,        +0.00,        +0.00,        +0.00,   0.00, 17.43
:SA,   +0.00,   +0.00,  0.00
:TS,04010100075789,35.0, +26.7,   0.0,1538.3,623
:BI,-32768,-32768,-32768,-32768,V
:BS,-32768,-32768,-32768,V
:BE,-32768,-32768,-32768,V
:BD,        +0.00,        +0.00,        +0.00,   0.00, 17.54
:SA,   +0.00,   +0.00,  0.00
:TS,04010100075798,35.0, +26.7,   0.0,1538.3,624
:BI,-32768,-32768,-32768,-32768,V
:BS,-32768,-32768,-32768,V
:BE,-32768,-32768,-32768,V
:BD,        +0.00,        +0.00,        +0.00,   0.00, 17.63
:SA,   +0.00,   +0.00,  0.00
:TS,04010100075807,35.0, +26.7,   0.0,1538.3,621
:BI,-32768,-32768,-32768,-32768,V
:BS,-32768,-32768,-32768,V
:BE,-32768,-32768,-32768,V
:BD,        +0.00,        +0.00,        +0.00,   0.00, 17.72
:SA,   +0.00,   +0.00,  0.00
:TS,04010100075816,35.0, +26.7,   0.0,1538.3,627
:BI,-32768,-32768,-32768,-32768,V
:BS,-32768,-32768,-32768,V
:BE,-32768,-32768,-32768,V
:BD,        +0.00,        +0.00,        +0.00,   0.00, 17.81
:SA,   +0.00,   +0.00,  0.00
:TS,04010100075825,35.0, +26.7,   0.0,1538.3,628
:BI,-32768,-32768,-32768,-32768,V
:BS,-32768,-32768,-32768,V
:BE,-32768,-32768,-32768,V
:BD,        +0.00,        +0.00,        +0.00,   0.00, 17.90
:SA,   +0.00,   +0.00,  0.00
:TS,04010100075836,35.0, +26.7,   0.0,1538.3,622
:BI,-32768,-32768,-32768,-32768,V
:BS,-32768,-32768,-32768,V
:BE,-32768,-32768,-32768,V
:BD,        +0.00,        +0.00,        +0.00,   0.00, 18.01
:SA,   +0.00,   +0.00,  0.00
:TS,04010100075845,35.0, +26.7,   0.0,1538.3,623
:BI,-32768,-32768,-32768,-32768,V
:BS,-32768,-32768,-32768,V
:BE,-32768,-32768,-32768,V
:BD,        +0.00,        +0.00,        +0.00,   0.00, 18.10
:SA,   +0.00,   +0.00,  0.00
:TS,04010100075854,35.0, +26.7,   0.0,1538.3,624
:BI,-32768,-32768,-32768,-32768,V
:BS,-32768,-32768,-32768,V
:BE,-32768,-32768,-32768,V
:BD,        +0.00,        +0.00,        +0.00,   0.00, 18.19
:SA,   +0.00,   +0.00,  0.00
:TS,04010100075866,35.0, +26.7,   0.0,1538.3,621
:BI,-32768,-32768,-32768,-32768,V
:BS,-32768,-32768,-32768,V
:BE,-32768,-32768,-32768,V
:BD,        +0.00,        +0.00,        +0.00,   0.00, 18.31
:SA,   +0.00,   +0.00,  0.00
:TS,04010100075875,35.0, +26.7,   0.0,1538.3,627
:BI,-32768,-32768,-32768,-32768,V
:BS,-32768,-32768,-32768,V
:BE,-32768,-32768,-32768,V
:BD,        +0.00,        +0.00,        +0.00,   0.00, 18.40
:SA,   +0.00,   +0.00,  0.00
:TS,04010100075886,35.0, +26.7,   0.0,1538.3,628
:BI,-32768,-32768,-32768,-32768,V
:BS,-32768,-32768,-32768,V
:BE,-32768,-32768,-32768,V
:BD,        +0.00,        +0.00,        +0.00,   0.00, 18.51
:SA,   +0.00,   +0.00,  0.00
:TS,04010100075895,35.0, +26.7,   0.0,1538.3,622
:BI,-32768,-32768,-32768,-32768,V
:BS,-32768,-32768,-32768,V
:BE,-32768,-32768,-32768,V
:BD,        +0.00,        +0.00,        +0.00,   0.00, 18.60
:SA,   +0.00,   +0.00,  0.00
:TS,04010100075904,35.0, +26.7,   0.0,1538.3,623
:BI,-32768,-32768,-32768,-32768,V
:BS,-32768,-32768,-32768,V
:BE,-32768,-32768,-32768,V
:BD,        +0.00,        +0.00,        +0.00,   0.00, 18.69
:SA,   +0.00,   +0.00,  0.00
:TS,04010100075913,35.0, +26.7,   0.0,1538.3,624
:BI,-32768,-32768,-32768,-32768,V
:BS,-32768,-32768,-32768,V
:BE,-32768,-32768,-32768,V
:BD,        +0.00,        +0.00,        +0.00,   0.00, 18.78
:SA,   +0.00,   +0.00,  0.00
:TS,04010100075921,35.0, +26.7,   0.0,1538.3,621
:BI,-32768,-32768,-32768,-32768,V
:BS,-32768,-32768,-32768,V
:BE,-32768,-32768,-32768,V
:BD,        +0.00,        +0.00,        +0.00,   0.00, 18.86
:SA,   +0.00,   +0.00,  0.00
:TS,04010100075932,35.0, +26.7,   0.0,1538.3,627
:BI,-32768,-32768,-32768,-32768,V
:BS,-32768,-32768,-32768,V
:BE,-32768,-32768,-32768,V
:BD,        +0.00,        +0.00,        +0.00,   0.00, 18.97
:SA,   +0.00,   +0.00,  0.00
:TS,04010100075941,35.0, +26.7,   0.0,1538.3,628
:BI,-32768,-32768,-32768,-32768,V
:BS,-32768,-32768,-32768,V
:BE,-32768,-32768,-32768,V
:BD,        +0.00,        +0.00,        +0.00,   0.00, 19.06
:SA,   +0.00,   +0.00,  0.00
:TS,04010100075950,35.0, +26.7,   0.0,1538.3,622
:BI,-32768,-32768,-32768,-32768,V
:BS,-32768,-32768,-32768,V
:BE,-32768,-32768,-32768,V
:BD,        +0.00,        +0.00,        +0.00,   0.00, 19.15
:SA,   +0.00,   +0.00,  0.00
:TS,04010100075959,35.0, +26.7,   0.0,1538.3,623
:BI,-32768,-32768,-32768,-32768,V
:BS,-32768,-32768,-32768,V
:BE,-32768,-32768,-32768,V
:BD,        +0.00,        +0.00,        +0.00,   0.00, 19.24
:SA,   +0.00,   +0.00,  0.00
:TS,04010100075968,35.0, +26.7,   0.0,1538.3,624
:BI,-32768,-32768,-32768,-32768,V
:BS,-32768,-32768,-32768,V
:BE,-32768,-32768,-32768,V
:BD,        +0.00,        +0.00,        +0.00,   0.00, 19.33
:SA,   +0.00,   +0.00,  0.00
:TS,04010100075982,35.0, +26.7,   0.0,1538.3,621
:BI,-32768,-32768,-32768,-32768,V
:BS,-32768,-32768,-32768,V
:BE,-32768,-32768,-32768,V
:BD,        +0.00,        +0.00,        +0.00,   0.00, 19.47
:SA,   +0.00,   +0.00,  0.00
:TS,04010100075992,35.0, +26.7,   0.0,1538.3,627
:BI,-32768,-32768,-32768,-32768,V
:BS,-32768,-32768,-32768,V
:BE,-32768,-32768,-32768,V
:BD,        +0.00,        +0.00,        +0.00,   0.00, 19.57
:SA,   +0.00,   +0.00,  0.00
:TS,04010100080001,35.0, +26.7,   0.0,1538.3,628
:BI,-32768,-32768,-32768,-32768,V
:BS,-32768,-32768,-32768,V
:BE,-32768,-32768,-32768,V
:BD,        +0.00,        +0.00,        +0.00,   0.00, 19.66
:SA,   +0.00,   +0.00,  0.00
:TS,04010100080010,35.0, +26.7,   0.0,1538.3,622
:BI,-32768,-32768,-32768,-32768,V
:BS,-32768,-32768,-32768,V
:BE,-32768,-32768,-32768,V
:BD,        +0.00,        +0.00,        +0.00,   0.00, 19.75
:SA,   +0.00,   +0.00,  0.00
:TS,04010100080018,35.0, +26.7,   0.0,1538.3,623
:BI,-32768,-32768,-32768,-32768,V
:BS,-32768,-32768,-32768,V
:BE,-32768,-32768,-32768,V
:BD,        +0.00,        +0.00,        +0.00,   0.00, 19.83
:SA,   +0.00,   +0.00,  0.00
:TS,04010100080028,35.0, +26.7,   0.0,1538.3,624
:BI,-32768,-32768,-32768,-32768,V
:BS,-32768,-32768,-32768,V
:BE,-32768,-32768,-32768,V
:BD,        +0.00,        +0.00,        +0.00,   0.00, 19.93
:SA,   +0.00,   +0.00,  0.00
:TS,04010100080037,35.0, +26.7,   0.0,1538.3,621
:BI,-32768,-32768,-32768,-32768,V
:BS,-32768,-32768,-32768,V
:BE,-32768,-32768,-32768,V
:BD,        +0.00,        +0.00,        +0.00,   0.00, 20.02
:SA,   +0.00,   +0.00,  0.00
:TS,04010100080046,35.0, +26.7,   0.0,1538.3,627
:BI,-32768,-32768,-32768,-32768,V
:BS,-32768,-32768,-32768,V
:BE,-32768,-32768,-32768,V
:BD,        +0.00,        +0.00,        +0.00,   0.00, 20.11
:SA,   +0.00,   +0.00,  0.00
:TS,04010100080055,35.0, +26.7,   0.0,1538.3,628
:BI,-32768,-32768,-32768,-32768,V
:BS,-32768,-32768,-32768,V
:BE,-32768,-32768,-32768,V
:BD,        +0.00,        +0.00,        +0.00,   0.00, 20.20
:SA,   +0.00,   +0.00,  0.00
:TS,04010100080064,35.0, +26.7,   0.0,1538.3,622
:BI,-32768,-32768,-32768,-32768,V
:BS,-32768,-32768,-32768,V
:BE,-32768,-32768,-32768,V
:BD,        +0.00,        +0.00,        +0.00,   0.00, 20.29
:SA,   +0.00,   +0.00,  0.00
:TS,04010100080074,35.0, +26.7,   0.0,1538.3,623
:BI,-32768,-32768,-32768,-32768,V
:BS,-32768,-32768,-32768,V
:BE,-32768,-32768,-32768,V
:BD,        +0.00,        +0.00,        +0.00,   0.00, 20.39
:SA,   +0.00,   +0.00,  0.00
:TS,04010100080083,35.0, +26.7,   0.0,1538.3,624
:BI,-32768,-32768,-32768,-32768,V
:BS,-32768,-32768,-32768,V
:BE,-32768,-32768,-32768,V
:BD,        +0.00,        +0.00,        +0.00,   0.00, 20.48
:SA,   +0.00,   +0.00,  0.00
:TS,04010100080094,35.0, +26.7,   0.0,1538.3,621
:BI,-32768,-32768,-32768,-32768,V
:BS,-32768,-32768,-32768,V
:BE,-32768,-32768,-32768,V
:BD,        +0.00,        +0.00,        +0.00,   0.00, 20.59
:SA,   +0.00,   +0.00,  0.00
:TS,04010100080105,35.0, +26.7,   0.0,1538.3,627
:BI,-32768,-32768,-32768,-32768,V
:BS,-32768,-32768,-32768,V
:BE,-32768,-32768,-32768,V
:BD,        +0.00,        +0.00,        +0.00,   0.00, 20.70
:SA,   +0.00,   +0.00,  0.00
:TS,04010100080113,35.0, +26.7,   0.0,1538.3,628
:BI,-32768,-32768,-32768,-32768,V
:BS,-32768,-32768,-32768,V
:BE,-32768,-32768,-32768,V
:BD,        +0.00,        +0.00,        +0.00,   0.00, 20.78
:SA,   +0.00,   +0.00,  0.00
:TS,04010100080123,35.0, +26.7,   0.0,1538.3,622
:BI,-32768,-32768,-32768,-32768,V
:BS,-32768,-32768,-32768,V
:BE,-32768,-32768,-32768,V
:BD,        +0.00,        +0.00,        +0.00,   0.00, 20.88
:SA,   +0.00,   +0.00,  0.00
:TS,04010100080132,35.0, +26.7,   0.0,1538.3,623
:BI,-32768,-32768,-32768,-32768,V
:BS,-32768,-32768,-32768,V
:BE,-32768,-32768,-32768,V
:BD,        +0.00,        +0.00,        +0.00,   0.00, 20.97
:SA,   +0.00,   +0.00,  0.00
:TS,04010100080141,35.0, +26.7,   0.0,1538.3,624
:BI,-32768,-32768,-32768,-32768,V
:BS,-32768,-32768,-32768,V
:BE,-32768,-32768,-32768,V
:BD,        +0.00,        +0.00,        +0.00,   0.00, 21.06
:SA,   +0.00,   +0.00,  0.00
:TS,04010100080150,35.0, +26.7,   0.0,1538.3,621
:BI,-32768,-32768,-32768,-32768,V
:BS,-32768,-32768,-32768,V
:BE,-32768,-32768,-32768,V
:BD,        +0.00,        +0.00,        +0.00,   0.00, 21.15
:SA,   +0.00,   +0.00,  0.00
:TS,04010100080158,35.0, +26.7,   0.0,1538.3,627
:BI,-32768,-32768,-32768,-32768,V
:BS,-32768,-32768,-32768,V
:BE,-32768,-32768,-32768,V
:BD,        +0.00,        +0.00,        +0.00,   0.00, 21.23
:SA,   +0.00,   +0.00,  0.00
:TS,04010100080169,35.0, +26.7,   0.0,1538.3,628
:BI,-32768,-32768,-32768,-32768,V
:BS,-32768,-32768,-32768,V
:BE,-32768,-32768,-32768,V
:BD,        +0.00,        +0.00,        +0.00,   0.00, 21.34
:SA,   +0.00,   +0.00,  0.00
:TS,04010100080178,35.0, +26.7,   0.0,1538.3,622
:BI,-32768,-32768,-32768,-32768,V
:BS,-32768,-32768,-32768,V
:BE,-32768,-32768,-32768,V
:BD,        +0.00,        +0.00,        +0.00,   0.00, 21.43
:SA,   +0.00,   +0.00,  0.00
:TS,04010100080187,35.0, +26.7,   0.0,1538.3,623
:BI,-32768,-32768,-32768,-32768,V
:BS,-32768,-32768,-32768,V
:BE,-32768,-32768,-32768,V
:BD,        +0.00,        +0.00,        +0.00,   0.00, 21.52
:SA,   +0.00,   +0.00,  0.00
:TS,04010100080196,35.0, +26.7,   0.0,1538.3,624
:BI,-32768,-32768,-32768,-32768,V
:BS,-32768,-32768,-32768,V
:BE,-32768,-32768,-32768,V
:BD,        +0.00,        +0.00,        +0.00,   0.00, 21.61
:SA,   +0.00,   +0.00,  0.00
:TS,04010100080208,35.0, +26.7,   0.0,1538.3,621
:BI,-32768,-32768,-32768,-32768,V
:BS,-32768,-32768,-32768,V
:BE,-32768,-32768,-32768,V
:BD,        +0.00,        +0.00,        +0.00,   0.00, 21.73
:SA,   +0.00,   +0.00,  0.00
:TS,04010100080219,35.0, +26.7,   0.0,1538.3,627
:BI,-32768,-32768,-32768,-32768,V
:BS,-32768,-32768,-32768,V
:BE,-32768,-32768,-32768,V
:BD,        +0.00,        +0.00,        +0.00,   0.00, 21.84
:SA,   +0.00,   +0.00,  0.00
:TS,04010100080228,35.0, +26.7,   0.0,1538.3,628
:BI,-32768,-32768,-32768,-32768,V
:BS,-32768,-32768,-32768,V
:BE,-32768,-32768,-32768,V
:BD,        +0.00,        +0.00,        +0.00,   0.00, 21.93
:SA,   +0.00,   +0.00,  0.00
:TS,04010100080237,35.0, +26.7,   0.0,1538.3,622
:BI,-32768,-32768,-32768,-32768,V
:BS,-32768,-32768,-32768,V
:BE,-32768,-32768,-32768,V
:BD,        +0.00,        +0.00,        +0.00,   0.00, 22.02
:SA,   +0.00,   +0.00,  0.00
:TS,04010100080246,35.0, +26.7,   0.0,1538.3,623
:BI,-32768,-32768,-32768,-32768,V
:BS,-32768,-32768,-32768,V
:BE,-32768,-32768,-32768,V
:BD,        +0.00,        +0.00,        +0.00,   0.00, 22.11
:SA,   +0.00,   +0.00,  0.00
:TS,04010100080254,35.0, +26.7,   0.0,1538.3,624
:BI,-32768,-32768,-32768,-32768,V
:BS,-32768,-32768,-32768,V
:BE,-32768,-32768,-32768,V
:BD,        +0.00,        +0.00,        +0.00,   0.00, 22.19
:SA,   +0.00,   +0.00,  0.00
:TS,04010100080265,35.0, +26.7,   0.0,1538.3,621
:BI,-32768,-32768,-32768,-32768,V
:BS,-32768,-32768,-32768,V
:BE,-32768,-32768,-32768,V
:BD,        +0.00,        +0.00,        +0.00,   0.00, 22.30
:SA,   +0.00,   +0.00,  0.00
:TS,04010100080274,35.0, +26.7,   0.0,1538.3,627
:BI,-32768,-32768,-32768,-32768,V
:BS,-32768,-32768,-32768,V
:BE,-32768,-32768,-32768,V
:BD,        +0.00,        +0.00,        +0.00,   0.00, 22.39
:SA,   +0.00,   +0.00,  0.00
:TS,04010100080283,35.0, +26.7,   0.0,1538.3,628
:BI,-32768,-32768,-32768,-32768,V
:BS,-32768,-32768,-32768,V
:BE,-32768,-32768,-32768,V
:BD,        +0.00,        +0.00,        +0.00,   0.00, 22.48
:SA,   +0.00,   +0.00,  0.00
:TS,04010100080292,35.0, +26.7,   0.0,1538.3,622
:BI,-32768,-32768,-32768,-32768,V
:BS,-32768,-32768,-32768,V
:BE,-32768,-32768,-32768,V
:BD,        +0.00,        +0.00,        +0.00,   0.00, 22.57
:SA,   +0.00,   +0.00,  0.00
:TS,04010100080301,35.0, +26.7,   0.0,1538.3,623
:BI,-32768,-32768,-32768,-32768,V
:BS,-32768,-32768,-32768,V
:BE,-32768,-32768,-32768,V
:BD,        +0.00,        +0.00,        +0.00,   0.00, 22.66
:SA,   +0.00,   +0.00,  0.00
:TS,04010100080311,35.0, +26.7,   0.0,1538.3,624
:BI,-32768,-32768,-32768,-32768,V
:BS,-32768,-32768,-32768,V
:BE,-32768,-32768,-32768,V
:BD,        +0.00,        +0.00,        +0.00,   0.00, 22.76
:SA,   +0.00,   +0.00,  0.00
:TS,04010100080322,35.0, +26.7,   0.0,1538.3,621
:BI,-32768,-32768,-32768,-32768,V
:BS,-32768,-32768,-32768,V
:BE,-32768,-32768,-32768,V
:BD,        +0.00,        +0.00,        +0.00,   0.00, 22.87
:SA,   +0.00,   +0.00,  0.00
:TS,04010100080333,35.0, +26.7,   0.0,1538.3,627
:BI,-32768,-32768,-32768,-32768,V
:BS,-32768,-32768,-32768,V
:BE,-32768,-32768,-32768,V
:BD,        +0.00,        +0.00,        +0.00,   0.00, 22.98
:SA,   +0.00,   +0.00,  0.00
:TS,04010100080342,35.0, +26.7,   0.0,1538.3,628
:BI,-32768,-32768,-32768,-32768,V
:BS,-32768,-32768,-32768,V
:BE,-32768,-32768,-32768,V
:BD,        +0.00,        +0.00,        +0.00,   0.00, 23.07
:SA,   +0.00,   +0.00,  0.00
:TS,04010100080351,35.0, +26.7,   0.0,1538.3,622
:BI,-32768,-32768,-32768,-32768,V
:BS,-32768,-32768,-32768,V
:BE,-32768,-32768,-32768,V
:BD,        +0.00,        +0.00,        +0.00,   0.00, 23.16
:SA,   +0.00,   +0.00,  0.00
:TS,04010100080362,35.0, +26.7,   0.0,1538.3,623
:BI,-32768,-32768,-32768,-32768,V
:BS,-32768,-32768,-32768,V
:BE,-32768,-32768,-32768,V
:BD,        +0.00,        +0.00,        +0.00,   0.00, 23.27
:SA,   +0.00,   +0.00,  0.00
:TS,04010100080371,35.0, +26.7,   0.0,1538.3,624
:BI,-32768,-32768,-32768,-32768,V
:BS,-32768,-32768,-32768,V
:BE,-32768,-32768,-32768,V
:BD,        +0.00,        +0.00,        +0.00,   0.00, 23.36
:SA,   +0.00,   +0.00,  0.00
:TS,04010100080380,35.0, +26.7,   0.0,1538.3,621
:BI,-32768,-32768,-32768,-32768,V
:BS,-32768,-32768,-32768,V
:BE,-32768,-32768,-32768,V
:BD,        +0.00,        +0.00,        +0.00,   0.00, 23.45
:SA,   +0.00,   +0.00,  0.00
:TS,04010100080389,35.0, +26.7,   0.0,1538.3,627
:BI,-32768,-32768,-32768,-32768,V
:BS,-32768,-32768,-32768,V
:BE,-32768,-32768,-32768,V
:BD,        +0.00,        +0.00,        +0.00,   0.00, 23.54
:SA,   +0.00,   +0.00,  0.00
:TS,04010100080398,35.0, +26.7,   0.0,1538.3,628
:BI,-32768,-32768,-32768,-32768,V
:BS,-32768,-32768,-32768,V
:BE,-32768,-32768,-32768,V
:BD,        +0.00,        +0.00,        +0.00,   0.00, 23.63
:SA,   +0.00,   +0.00,  0.00
:TS,04010100080409,35.0, +26.7,   0.0,1538.3,622
:BI,-32768,-32768,-32768,-32768,V
:BS,-32768,-32768,-32768,V
:BE,-32768,-32768,-32768,V
:BD,        +0.00,        +0.00,        +0.00,   0.00, 23.74
:SA,   +0.00,   +0.00,  0.00
:TS,04010100080418,35.0, +26.7,   0.0,1538.3,623
:BI,-32768,-32768,-32768,-32768,V
:BS,-32768,-32768,-32768,V
:BE,-32768,-32768,-32768,V
:BD,        +0.00,        +0.00,        +0.00,   0.00, 23.83
:SA,   +0.00,   +0.00,  0.00
:TS,04010100080427,35.0, +26.7,   0.0,1538.3,624
:BI,-32768,-32768,-32768,-32768,V
:BS,-32768,-32768,-32768,V
:BE,-32768,-32768,-32768,V
:BD,        +0.00,        +0.00,        +0.00,   0.00, 23.92
:SA,   +0.00,   +0.00,  0.00
:TS,04010100080439,35.0, +26.7,   0.0,1538.3,621
:BI,-32768,-32768,-32768,-32768,V
:BS,-32768,-32768,-32768,V
:BE,-32768,-32768,-32768,V
:BD,        +0.00,        +0.00,        +0.00,   0.00, 24.04
:SA,   +0.00,   +0.00,  0.00
:TS,04010100080448,35.0, +26.7,   0.0,1538.3,627
:BI,-32768,-32768,-32768,-32768,V
:BS,-32768,-32768,-32768,V
:BE,-32768,-32768,-32768,V
:BD,        +0.00,        +0.00,        +0.00,   0.00, 24.13
:SA,   +0.00,   +0.00,  0.00
:TS,04010100080459,35.0, +26.7,   0.0,1538.3,628
:BI,-32768,-32768,-32768,-32768,V
:BS,-32768,-32768,-32768,V
:BE,-32768,-32768,-32768,V
:BD,        +0.00,        +0.00,        +0.00,   0.00, 24.24
:SA,   +0.00,   +0.00,  0.00
:TS,04010100080468,35.0, +26.7,   0.0,1538.3,622
:BI,-32768,-32768,-32768,-32768,V
:BS,-32768,-32768,-32768,V
:BE,-32768,-32768,-32768,V
:BD,        +0.00,        +0.00,        +0.00,   0.00, 24.33
:SA,   +0.00,   +0.00,  0.00
:TS,04010100080477,35.0, +26.7,   0.0,1538.3,623
:BI,-32768,-32768,-32768,-32768,V
:BS,-32768,-32768,-32768,V
:BE,-32768,-32768,-32768,V
:BD,        +0.00,        +0.00,        +0.00,   0.00, 24.42
:SA,   +0.00,   +0.00,  0.00
:TS,04010100080486,35.0, +26.7,   0.0,1538.3,624
:BI,-32768,-32768,-32768,-32768,V
:BS,-32768,-32768,-32768,V
:BE,-32768,-32768,-32768,V
:BD,        +0.00,        +0.00,        +0.00,   0.00, 24.51
:SA,   +0.00,   +0.00,  0.00
:TS,04010100080495,35.0, +26.7,   0.0,1538.3,621
:BI,-32768,-32768,-32768,-32768,V
:BS,-32768,-32768,-32768,V
:BE,-32768,-32768,-32768,V
:BD,        +0.00,        +0.00,        +0.00,   0.00, 24.60
:SA,   +0.00,   +0.00,  0.00
:TS,04010100080505,35.0, +26.7,   0.0,1538.3,627
:BI,-32768,-32768,-32768,-32768,V
:BS,-32768,-32768,-32768,V
:BE,-32768,-32768,-32768,V
:BD,        +0.00,        +0.00,        +0.00,   0.00, 24.70
:SA,   +0.00,   +0.00,  0.00
:TS,04010100080514,35.0, +26.7,   0.0,1538.3,628
:BI,-32768,-32768,-32768,-32768,V
:BS,-32768,-32768,-32768,V
:BE,-32768,-32768,-32768,V
:BD,        +0.00,        +0.00,        +0.00,   0.00, 24.79
:SA,   +0.00,   +0.00,  0.00
:TS,04010100080523,35.0, +26.7,   0.0,1538.3,622
:BI,-32768,-32768,-32768,-32768,V
:BS,-32768,-32768,-32768,V
:BE,-32768,-32768,-32768,V
:BD,        +0.00,        +0.00,        +0.00,   0.00, 24.88
:SA,   +0.00,   +0.00,  0.00
:TS,04010100080532,35.0, +26.7,   0.0,1538.3,623
:BI,-32768,-32768,-32768,-32768,V
:BS,-32768,-32768,-32768,V
:BE,-32768,-32768,-32768,V
:BD,        +0.00,        +0.00,        +0.00,   0.00, 24.97
:SA,   +0.00,   +0.00,  0.00
:TS,04010100080541,35.0, +26.7,   0.0,1538.3,624
:BI,-32768,-32768,-32768,-32768,V
:BS,-32768,-32768,-32768,V
:BE,-32768,-32768,-32768,V
:BD,        +0.00,        +0.00,        +0.00,   0.00, 25.06
:SA,   +0.00,   +0.00,  0.00
:TS,04010100080553,35.0, +26.7,   0.0,1538.3,621
:BI,-32768,-32768,-32768,-32768,V
:BS,-32768,-32768,-32768,V
:BE,-32768,-32768,-32768,V
:BD,        +0.00,        +0.00,        +0.00,   0.00, 25.18
:SA,   +0.00,   +0.00,  0.00
:TS,04010100080563,35.0, +26.7,   0.0,1538.3,627
:BI,-32768,-32768,-32768,-32768,V
:BS,-32768,-32768,-32768,V
:BE,-32768,-32768,-32768,V
:BD,        +0.00,        +0.00,        +0.00,   0.00, 25.28
:SA,   +0.00,   +0.00,  0.00
:TS,04010100080572,35.0, +26.7,   0.0,1538.3,628
:BI,-32768,-32768,-32768,-32768,V
:BS,-32768,-32768,-32768,V
:BE,-32768,-32768,-32768,V
:BD,        +0.00,        +0.00,        +0.00,   0.00, 25.37
:SA,   +0.00,   +0.00,  0.00
:TS,04010100080581,35.0, +26.7,   0.0,1538.3,622
:BI,-32768,-32768,-32768,-32768,V
:BS,-32768,-32768,-32768,V
:BE,-32768,-32768,-32768,V
:BD,        +0.00,        +0.00,        +0.00,   0.00, 25.46
:SA,   +0.00,   +0.00,  0.00
:TS,04010100080589,35.0, +26.7,   0.0,1538.3,623
:BI,-32768,-32768,-32768,-32768,V
:BS,-32768,-32768,-32768,V
:BE,-32768,-32768,-32768,V
:BD,        +0.00,        +0.00,        +0.00,   0.00, 25.54
:SA,   +0.00,   +0.00,  0.00
:TS,04010100080599,35.0, +26.7,   0.0,1538.3,624
:BI,-32768,-32768,-32768,-32768,V
:BS,-32768,-32768,-32768,V
:BE,-32768,-32768,-32768,V
:BD,        +0.00,        +0.00,        +0.00,   0.00, 25.64
:SA,   +0.00,   +0.00,  0.00
:TS,04010100080608,35.0, +26.7,   0.0,1538.3,621
:BI,-32768,-32768,-32768,-32768,V
:BS,-32768,-32768,-32768,V
:BE,-32768,-32768,-32768,V
:BD,        +0.00,        +0.00,        +0.00,   0.00, 25.73
:SA,   +0.00,   +0.00,  0.00
:TS,04010100080617,35.0, +26.7,   0.0,1538.3,627
:BI,-32768,-32768,-32768,-32768,V
:BS,-32768,-32768,-32768,V
:BE,-32768,-32768,-32768,V
:BD,        +0.00,        +0.00,        +0.00,   0.00, 25.82
:SA,   +0.00,   +0.00,  0.00
:TS,04010100080626,35.0, +26.7,   0.0,1538.3,628
:BI,-32768,-32768,-32768,-32768,V
:BS,-32768,-32768,-32768,V
:BE,-32768,-32768,-32768,V
:BD,        +0.00,        +0.00,        +0.00,   0.00, 25.91
:SA,   +0.00,   +0.00,  0.00
:TS,04010100080635,35.0, +26.7,   0.0,1538.3,622
:BI,-32768,-32768,-32768,-32768,V
:BS,-32768,-32768,-32768,V
:BE,-32768,-32768,-32768,V
:BD,        +0.00,        +0.00,        +0.00,   0.00, 26.00
:SA,   +0.00,   +0.00,  0.00
:TS,04010100080646,35.0, +26.7,   0.0,1538.3,623
:BI,-32768,-32768,-32768,-32768,V
:BS,-32768,-32768,-32768,V
:BE,-32768,-32768,-32768,V
:BD,        +0.00,        +0.00,        +0.00,   0.00, 26.11
:SA,   +0.00,   +0.00,  0.00
:TS,04010100080655,35.0, +26.7,   0.0,1538.3,624
:BI,-32768,-32768,-32768,-32768,V
:BS,-32768,-32768,-32768,V
:BE,-32768,-32768,-32768,V
:BD,        +0.00,        +0.00,        +0.00,   0.00, 26.20
:SA,   +0.00,   +0.00,  0.00
:TS,04010100080666,35.0, +26.7,   0.0,1538.3,621
:BI,-32768,-32768,-32768,-32768,V
:BS,-32768,-32768,-32768,V
:BE,-32768,-32768,-32768,V
:BD,        +0.00,        +0.00,        +0.00,   0.00, 26.31
:SA,   +0.00,   +0.00,  0.00
:TS,04010100080676,35.0, +26.7,   0.0,1538.3,627
:BI,-32768,-32768,-32768,-32768,V
:BS,-32768,-32768,-32768,V
:BE,-32768,-32768,-32768,V
:BD,        +0.00,        +0.00,        +0.00,   0.00, 26.41
:SA,   +0.00,   +0.00,  0.00
:TS,04010100080685,35.0, +26.7,   0.0,1538.3,628
:BI,-32768,-32768,-32768,-32768,V
:BS,-32768,-32768,-32768,V
:BE,-32768,-32768,-32768,V
:BD,        +0.00,        +0.00,        +0.00,   0.00, 26.50
:SA,   +0.00,   +0.00,  0.00
:TS,04010100080695,35.0, +26.7,   0.0,1538.3,622
:BI,-32768,-32768,-32768,-32768,V
:BS,-32768,-32768,-32768,V
:BE,-32768,-32768,-32768,V
:BD,        +0.00,        +0.00,        +0.00,   0.00, 26.60
:SA,   +0.00,   +0.00,  0.00
:TS,04010100080704,35.0, +26.7,   0.0,1538.3,623
:BI,-32768,-32768,-32768,-32768,V
:BS,-32768,-32768,-32768,V
:BE,-32768,-32768,-32768,V
:BD,        +0.00,        +0.00,        +0.00,   0.00, 26.69
:SA,   +0.00,   +0.00,  0.00
:TS,04010100080713,35.0, +26.7,   0.0,1538.3,624
:BI,-32768,-32768,-32768,-32768,V
:BS,-32768,-32768,-32768,V
:BE,-32768,-32768,-32768,V
:BD,        +0.00,        +0.00,        +0.00,   0.00, 26.78
:SA,   +0.00,   +0.00,  0.00
:TS,04010100080722,35.0, +26.7,   0.0,1538.3,621
:BI,-32768,-32768,-32768,-32768,V
:BS,-32768,-32768,-32768,V
:BE,-32768,-32768,-32768,V
:BD,        +0.00,        +0.00,        +0.00,   0.00, 26.87
:SA,   +0.00,   +0.00,  0.00
:TS,04010100080731,35.0, +26.7,   0.0,1538.3,627
:BI,-32768,-32768,-32768,-32768,V
:BS,-32768,-32768,-32768,V
:BE,-32768,-32768,-32768,V
:BD,        +0.00,        +0.00,        +0.00,   0.00, 26.96
:SA,   +0.00,   +0.00,  0.00
:TS,04010100080742,35.0, +26.7,   0.0,1538.3,628
:BI,-32768,-32768,-32768,-32768,V
:BS,-32768,-32768,-32768,V
:BE,-32768,-32768,-32768,V
:BD,        +0.00,        +0.00,        +0.00,   0.00, 27.07
:SA,   +0.00,   +0.00,  0.00
:TS,04010100080751,35.0, +26.7,   0.0,1538.3,622
:BI,-32768,-32768,-32768,-32768,V
:BS,-32768,-32768,-32768,V
:BE,-32768,-32768,-32768,V
:BD,        +0.00,        +0.00,        +0.00,   0.00, 27.16
:SA,   +0.00,   +0.00,  0.00
:TS,04010100080760,35.0, +26.7,   0.0,1538.3,623
:BI,-32768,-32768,-32768,-32768,V
:BS,-32768,-32768,-32768,V
:BE,-32768,-32768,-32768,V
:BD,        +0.00,        +0.00,        +0.00,   0.00, 27.25
:SA,   +0.00,   +0.00,  0.00
:TS,04010100080769,35.0, +26.7,   0.0,1538.3,624
:BI,-32768,-32768,-32768,-32768,V
:BS,-32768,-32768,-32768,V
:BE,-32768,-32768,-32768,V
:BD,        +0.00,        +0.00,        +0.00,   0.00, 27.34
:SA,   +0.00,   +0.00,  0.00
:TS,04010100080781,35.0, +26.7,   0.0,1538.3,621
:BI,-32768,-32768,-32768,-32768,V
:BS,-32768,-32768,-32768,V
:BE,-32768,-32768,-32768,V
:BD,        +0.00,        +0.00,        +0.00,   0.00, 27.46
:SA,   +0.00,   +0.00,  0.00
:TS,04010100080792,35.0, +26.7,   0.0,1538.3,627
:BI,-32768,-32768,-32768,-32768,V
:BS,-32768,-32768,-32768,V
:BE,-32768,-32768,-32768,V
:BD,        +0.00,        +0.00,        +0.00,   0.00, 27.57
:SA,   +0.00,   +0.00,  0.00
:TS,04010100080801,35.0, +26.7,   0.0,1538.3,628
:BI,-32768,-32768,-32768,-32768,V
:BS,-32768,-32768,-32768,V
:BE,-32768,-32768,-32768,V
:BD,        +0.00,        +0.00,        +0.00,   0.00, 27.66
:SA,   +0.00,   +0.00,  0.00
:TS,04010100080810,35.0, +26.7,   0.0,1538.3,622
:BI,-32768,-32768,-32768,-32768,V
:BS,-32768,-32768,-32768,V
:BE,-32768,-32768,-32768,V
:BD,        +0.00,        +0.00,        +0.00,   0.00, 27.75
:SA,   +0.00,   +0.00,  0.00
:TS,04010100080819,35.0, +26.7,   0.0,1538.3,623
:BI,-32768,-32768,-32768,-32768,V
:BS,-32768,-32768,-32768,V
:BE,-32768,-32768,-32768,V
:BD,        +0.00,        +0.00,        +0.00,   0.00, 27.84
:SA,   +0.00,   +0.00,  0.00
:TS,04010100080828,35.0, +26.7,   0.0,1538.3,624
:BI,-32768,-32768,-32768,-32768,V
:BS,-32768,-32768,-32768,V
:BE,-32768,-32768,-32768,V
:BD,        +0.00,        +0.00,        +0.00,   0.00, 27.93
:SA,   +0.00,   +0.00,  0.00
:TS,04010100080839,35.0, +26.7,   0.0,1538.3,621
:BI,-32768,-32768,-32768,-32768,V
:BS,-32768,-32768,-32768,V
:BE,-32768,-32768,-32768,V
:BD,        +0.00,        +0.00,        +0.00,   0.00, 28.04
:SA,   +0.00,   +0.00,  0.00
:TS,04010100080848,35.0, +26.7,   0.0,1538.3,627
:BI,-32768,-32768,-32768,-32768,V
:BS,-32768,-32768,-32768,V
:BE,-32768,-32768,-32768,V
:BD,        +0.00,        +0.00,        +0.00,   0.00, 28.13
:SA,   +0.00,   +0.00,  0.00
:TS,04010100080857,35.0, +26.7,   0.0,1538.3,628
:BI,-32768,-32768,-32768,-32768,V
:BS,-32768,-32768,-32768,V
:BE,-32768,-32768,-32768,V
:BD,        +0.00,        +0.00,        +0.00,   0.00, 28.22
:SA,   +0.00,   +0.00,  0.00
:TS,04010100080866,35.0, +26.7,   0.0,1538.3,622
:BI,-32768,-32768,-32768,-32768,V
:BS,-32768,-32768,-32768,V
:BE,-32768,-32768,-32768,V
:BD,        +0.00,        +0.00,        +0.00,   0.00, 28.31
:SA,   +0.00,   +0.00,  0.00
:TS,04010100080875,35.0, +26.7,   0.0,1538.3,623
:BI,-32768,-32768,-32768,-32768,V
:BS,-32768,-32768,-32768,V
:BE,-32768,-32768,-32768,V
:BD,        +0.00,        +0.00,        +0.00,   0.00, 28.40
:SA,   +0.00,   +0.00,  0.00
:TS,04010100080886,35.0, +26.7,   0.0,1538.3,624
:BI,-32768,-32768,-32768,-32768,V
:BS,-32768,-32768,-32768,V
:BE,-32768,-32768,-32768,V
:BD,        +0.00,        +0.00,        +0.00,   0.00, 28.51
:SA,   +0.00,   +0.00,  0.00
:TS,04010100080897,35.0, +26.7,   0.0,1538.3,621
:BI,-32768,-32768,-32768,-32768,V
:BS,-32768,-32768,-32768,V
:BE,-32768,-32768,-32768,V
:BD,        +0.00,        +0.00,        +0.00,   0.00, 28.62
:SA,   +0.00,   +0.00,  0.00
:TS,04010100080908,35.0, +26.7,   0.0,1538.3,627
:BI,-32768,-32768,-32768,-32768,V
:BS,-32768,-32768,-32768,V
:BE,-32768,-32768,-32768,V
:BD,        +0.00,        +0.00,        +0.00,   0.00, 28.73
:SA,   +0.00,   +0.00,  0.00
:TS,04010100080916,35.0, +26.7,   0.0,1538.3,628
:BI,-32768,-32768,-32768,-32768,V
:BS,-32768,-32768,-32768,V
:BE,-32768,-32768,-32768,V
:BD,        +0.00,        +0.00,        +0.00,   0.00, 28.81
:SA,   +0.00,   +0.00,  0.00
:TS,04010100080924,35.0, +26.7,   0.0,1538.3,622
:BI,-32768,-32768,-32768,-32768,V
:BS,-32768,-32768,-32768,V
:BE,-32768,-32768,-32768,V
:BD,        +0.00,        +0.00,        +0.00,   0.00, 28.89
:SA,   +0.00,   +0.00,  0.00
:TS,04010100080935,35.0, +26.7,   0.0,1538.3,623
:BI,-32768,-32768,-32768,-32768,V
:BS,-32768,-32768,-32768,V
:BE,-32768,-32768,-32768,V
:BD,        +0.00,        +0.00,        +0.00,   0.00, 29.00
:SA,   +0.00,   +0.00,  0.00
:TS,04010100080944,35.0, +26.7,   0.0,1538.3,624
:BI,-32768,-32768,-32768,-32768,V
:BS,-32768,-32768,-32768,V
:BE,-32768,-32768,-32768,V
:BD,        +0.00,        +0.00,        +0.00,   0.00, 29.09
:SA,   +0.00,   +0.00,  0.00
:TS,04010100080953,35.0, +26.7,   0.0,1538.3,621
:BI,-32768,-32768,-32768,-32768,V
:BS,-32768,-32768,-32768,V
:BE,-32768,-32768,-32768,V
:BD,        +0.00,        +0.00,        +0.00,   0.00, 29.18
:SA,   +0.00,   +0.00,  0.00
:TS,04010100080962,35.0, +26.7,   0.0,1538.3,627
:BI,-32768,-32768,-32768,-32768,V
:BS,-32768,-32768,-32768,V
:BE,-32768,-32768,-32768,V
:BD,        +0.00,        +0.00,        +0.00,   0.00, 29.27
:SA,   +0.00,   +0.00,  0.00
:TS,04010100080971,35.0, +26.7,   0.0,1538.3,628
:BI,-32768,-32768,-32768,-32768,V
:BS,-32768,-32768,-32768,V
:BE,-32768,-32768,-32768,V
:BD,        +0.00,        +0.00,        +0.00,   0.00, 29.36
:SA,   +0.00,   +0.00,  0.00
:TS,04010100080982,35.0, +26.7,   0.0,1538.3,622
:BI,-32768,-32768,-32768,-32768,V
:BS,-32768,-32768,-32768,V
:BE,-32768,-32768,-32768,V
:BD,        +0.00,        +0.00,        +0.00,   0.00, 29.47
:SA,   +0.00,   +0.00,  0.00
:TS,04010100080991,35.0, +26.7,   0.0,1538.3,623
:BI,-32768,-32768,-32768,-32768,V
:BS,-32768,-32768,-32768,V
:BE,-32768,-32768,-32768,V
:BD,        +0.00,        +0.00,        +0.00,   0.00, 29.56
:SA,   +0.00,   +0.00,  0.00
:TS,04010100081000,35.0, +26.7,   0.0,1538.3,624
:BI,-32768,-32768,-32768,-32768,V
:BS,-32768,-32768,-32768,V
:BE,-32768,-32768,-32768,V
:BD,        +0.00,        +0.00,        +0.00,   0.00, 29.65
:SA,   +0.00,   +0.00,  0.00
:TS,04010100081012,35.0, +26.7,   0.0,1538.3,621
:BI,-32768,-32768,-32768,-32768,V
:BS,-32768,-32768,-32768,V
:BE,-32768,-32768,-32768,V
:BD,        +0.00,        +0.00,        +0.00,   0.00, 29.77
:SA,   +0.00,   +0.00,  0.00
:TS,04010100081021,35.0, +26.7,   0.0,1538.3,627
:BI,-32768,-32768,-32768,-32768,V
:BS,-32768,-32768,-32768,V
:BE,-32768,-32768,-32768,V
:BD,        +0.00,        +0.00,        +0.00,   0.00, 29.86
:SA,   +0.00,   +0.00,  0.00
:TS,04010100081032,35.0, +26.7,   0.0,1538.3,628
:BI,-32768,-32768,-32768,-32768,V
:BS,-32768,-32768,-32768,V
:BE,-32768,-32768,-32768,V
:BD,        +0.00,        +0.00,        +0.00,   0.00, 29.97
:SA,   +0.00,   +0.00,  0.00
