>BP001
>BX00060
>EA09000
>ES35
>TE00:00:00.00
>TP00:00.00
>PD6
>CK
[Parameters saved as USER defaults]

>CS
:SA,   +0.00,   +0.00,  0.00
:TS,04010106285483,35.0, +21.0,   0.0,1524.2,621
:BI,-32768,-32768,-32768,-32768,V
:BS,-32768,-32768,-32768,V
:BE,-32768,-32768,-32768,V
:BD,        +0.00,        +0.00,        +0.00,   1.49,  0.00
:SA,   +0.00,   +0.00,  0.00
:TS,04010106285492,35.0, +21.0,   0.0,1524.2,627
:BI,   -57,   +65,    +5,    +0,A
:BS,   +65,   +57,    +5,A
:BE,   +65,   +57,    +5,A
:BD,        +0.00,        +0.00,        +0.00,   1.48,  0.00
:SA,   +0.00,   +0.00,  0.00
:TS,04010106285509,35.0, +21.0,   0.0,1524.2,628
:BI,   -66,   +63,    +8,    +0,A
:BS,   +63,   +66,    +8,A
:BE,   +63,   +66,    +8,A
:BD,        +0.01,        +0.01,        +0.00,   1.48,  0.00
:SA,   +0.00,   +0.00,  0.00
:TS,04010106285526,35.0, +21.0,   0.0,1524.2,622
:BI,   -67,   +57,    +7,    +1,A
:BS,   +57,   +67,    +7,A
:BE,   +57,   +67,    +7,A
:BD,        +0.02,        +0.02,        +0.00,   1.48,  0.00
:SA,   +0.00,   +0.00,  0.00
:TS,04010106285543,35.0, +21.0,   0.0,1524.2,623
:BI,   -63,   +55,    +0,    +2,A
:BS,   +55,   +63,    +0,A
:BE,   +55,   +63,    +0,A
:BD,        +0.03,        +0.03,        +0.00,   1.48,  0.00
:SA,   +0.00,   +0.00,  0.00
:TS,04010106285560,35.0, +21.0,   0.0,1524.2,624
:BI,   -58,   +52,    -4,    +2,A
:BS,   +52,   +58,    -4,A
:BE,   +52,   +58,    -4,A
:BD,        +0.04,        +0.04,        +0.00,   1.49,  0.00
:SA,   +0.00,   +0.00,  0.00
:TS,04010106285577,35.0, +21.0,   0.0,1524.2,621
:BI,   -53,   +48,    -4,    +2,A
:BS,   +48,   +53,    -4,A
:BE,   +48,   +53,    -4,A
:BD,        +0.05,        +0.05,        +0.00,   1.50,  0.00
:SA,   +0.00,   +0.00,  0.00
:TS,04010106285596,35.0, +31.6,   0.0,1548.8,627
:BI,   -44,   +40,    -4,    +2,A
:BS,   +40,   +44,    -4,A
:BE,   +40,   +44,    -4,A
:BD,        +0.06,        +0.06,        +0.00,   1.50,  0.00
:SA,   +0.00,   +0.00,  0.00
:TS,04010106285614,35.0, +31.6,   0.0,1548.8,628
:BI,   -38,   +39,    -8,    +0,A
:BS,   +39,   +38,    -8,A
:BE,   +39,   +38,    -8,A
:BD,        +0.07,        +0.07,        +0.00,   1.51,  0.00
:SA,   +0.00,   +0.00,  0.00
:TS,04010106285631,35.0, +31.6,   0.0,1548.8,622
:BI,   -39,   +42,   -11,    +0,A
:BS,   +42,   +39,   -11,A
:BE,   +42,   +39,   -11,A
:BD,        +0.08,        +0.08,        +0.00,   1.52,  0.00
:SA,   +0.00,   +0.00,  0.00
:TS,04010106285648,35.0, +31.6,   0.0,1548.8,623
:BI,   -43,   +46,    -8,    -1,A
:BS,   +46,   +43,    -8,A
:BE,   +46,   +43,    -8,A
:BD,        +0.09,        +0.09,        +0.00,   1.52,  0.00
:SA,   +0.00,   +0.00,  0.00
:TS,04010106285665,35.0, +31.6,   0.0,1548.8,624
:BI,   -46,   +46,    +0,    -2,A
:BS,   +46,   +46,    +0,A
:BE,   +46,   +46,    +0,A
:BD,        +0.09,        +0.09,        +0.00,   1.52,  0.00
:SA,   +0.00,   +0.00,  0.00
:TS,04010106285682,35.0, +31.6,   0.0,1548.8,621
:BI,   -45,   +43,    +8,    -2,A
:BS,   +43,   +45,    +8,A
:BE,   +43,   +45,    +8,A
:BD,        +0.10,        +0.10,        +0.00,   1.51,  0.00
:SA,   +0.00,   +0.00,  0.00
:TS,04010106285699,35.0, +31.6,   0.0,1548.8,627
:BI,   -45,   +39,   +10,    -2,A
:BS,   +39,   +45,   +10,A
:BE,   +39,   +45,   +10,A
:BD,        +0.11,        +0.11,        +0.00,   1.51,  0.00
:SA,   +0.00,   +0.00,  0.00
:TS,04010106285718,35.0, +31.6,   0.0,1548.8,628
:BI,   -48,   +38,    +7,    -2,A
:BS,   +38,   +48,    +7,A
:BE,   +38,   +48,    +7,A
:BD,        +0.12,        +0.12,        +0.00,   1.50,  0.00
:SA,   +0.00,   +0.00,  0.00
:TS,04010106285737,35.0, +31.6,   0.0,1548.8,622
:BI,   -47,   +37,    +7,    +1,A
:BS,   +37,   +47,    +7,A
:BE,   +37,   +47,    +7,A
:BD,        +0.13,        +0.13,        +0.00,   1.51,  0.00
:SA,   +0.00,   +0.00,  0.00
:TS,04010106285753,35.0, +31.6,   0.0,1548.8,623
:BI,   -42,   +33,    +4,    +0,A
:BS,   +33,   +42,    +4,A
:BE,   +33,   +42,    +4,A
:BD,        +0.13,        +0.14,        +0.00,   1.50,  0.00
:SA,   +0.00,   +0.00,  0.00
:TS,04010106285770,35.0, +31.6,   0.0,1548.8,624
:BI,   -36,   +30,    -1,    +2,A
:BS,   +30,   +36,    -1,A
:BE,   +30,   +36,    -1,A
:BD,        +0.14,        +0.14,        +0.00,   1.52,  0.00
:SA,   +0.00,   +0.00,  0.00
:TS,04010106285787,35.0, +31.6,   0.0,1548.8,621
:BI,   -32,   +27,    -4,    +1,A
:BS,   +27,   +32,    -4,A
:BE,   +27,   +32,    -4,A
:BD,        +0.14,        +0.15,        +0.00,   1.51,  0.00
:SA,   +0.00,   +0.00,  0.00
:TS,04010106285804,35.0, +31.6,   0.0,1548.8,627
:BI,   -33,   +26,    -5,    +0,A
:BS,   +26,   +33,    -5,A
:BE,   +26,   +33,    -5,A
:BD,        +0.15,        +0.16,        +0.00,   1.51,  0.00
:SA,   +0.00,   +0.00,  0.00
:TS,04010106285821,35.0, +31.6,   0.0,1548.8,628
:BI,   -30,   +28,    -6,    +0,A
:BS,   +28,   +30,    -6,A
:BE,   +28,   +30,    -6,A
:BD,        +0.15,        +0.16,        +0.00,   1.49,  0.00
:SA,   +0.00,   +0.00,  0.00
:TS,04010106285841,35.0, +31.7,   0.0,1549.0,622
:BI,   -46,    +8,    -5,    +4,A
:BS,    +8,   +46,    -5,A
:BE,    +8,   +46,    -5,A
:BD,        +0.16,        +0.17,        +0.00,   1.52,  0.00
:SA,   +0.00,   +0.00,  0.00
:TS,04010106285859,35.0, +31.7,   0.0,1549.0,623
:BI,   -70,   -24,    -3,    +3,A
:BS,   -24,   +70,    -3,A
:BE,   -24,   +70,    -3,A
:BD,        +0.16,        +0.18,        +0.00,   1.52,  0.00
:SA,   +0.00,   +0.00,  0.00
:TS,04010106285875,35.0, +31.7,   0.0,1549.0,624
:BI,   -85,   -46,    +0,    +4,A
:BS,   -46,   +85,    +0,A
:BE,   -46,   +85,    +0,A
:BD,        +0.16,        +0.19,        +0.00,   1.51,  0.00
:SA,   +0.00,   +0.00,  0.00
:TS,04010106285892,35.0, +31.7,   0.0,1549.0,621
:BI,   -95,   -69,    +3,    +2,A
:BS,   -69,   +95,    +3,A
:BE,   -69,   +95,    +3,A
:BD,        +0.16,        +0.20,        +0.00,   1.51,  0.00
:SA,   +0.00,   +0.00,  0.00
:TS,04010106285909,35.0, +31.7,   0.0,1549.0,627
:BI,   -92,   -89,   +10,    +0,A
:BS,   -89,   +92,   +10,A
:BE,   -89,   +92,   +10,A
:BD,        +0.15,        +0.21,        +0.00,   1.51,  0.00
:SA,   +0.00,   +0.00,  0.00
:TS,04010106285926,35.0, +31.7,   0.0,1549.0,628
:BI,   -85,  -112,   +16,    +1,A
:BS,  -112,   +85,   +16,A
:BE,  -112,   +85,   +16,A
:BD,        +0.14,        +0.22,        +0.00,   1.51,  0.00
:SA,   +0.00,   +0.00,  0.00
:TS,04010106285943,35.0, +31.7,   0.0,1549.0,622
:BI,   -71,  -130,   +15,    +0,A
:BS,  -130,   +71,   +15,A
:BE,  -130,   +71,   +15,A
:BD,        +0.13,        +0.24,        +0.00,   1.53,  0.00
:SA,   +0.00,   +0.00,  0.00
:TS,04010106285963,35.0, +31.6,   0.0,1548.8,623
:BI,   -49,  -151,    +0,    +0,A
:BS,  -151,   +49,    +0,A
:BE,  -151,   +49,    +0,A
:BD,        +0.11,        +0.25,        +0.01,   1.51,  0.00
:SA,   +0.00,   +0.00,  0.00
:TS,04010106285981,35.0, +31.6,   0.0,1548.8,624
:BI,   -45,  -167,    -6,    -3,A
:BS,  -167,   +45,    -6,A
:BE,  -167,   +45,    -6,A
:BD,        +0.09,        +0.26,        +0.01,   1.53,  0.00
:SA,   +0.00,   +0.00,  0.00
:TS,04010106285997,35.0, +31.6,   0.0,1548.8,621
:BI,   -54,  -145,    -6,    +0,A
:BS,  -145,   +54,    -6,A
:BE,  -145,   +54,    -6,A
:BD,        +0.07,        +0.27,        +0.01,   1.52,  0.00
:SA,   +0.00,   +0.00,  0.00
:TS,04010106290014,35.0, +31.6,   0.0,1548.8,627
:BI,   -68,  -133,    +2,    -2,A
:BS,  -133,   +68,    +2,A
:BE,  -133,   +68,    +2,A
:BD,        +0.05,        +0.28,        +0.01,   1.52,  0.00
:SA,   +0.00,   +0.00,  0.00
:TS,04010106290031,35.0, +31.6,   0.0,1548.8,628
:BI,   -79,  -126,   +14,    -2,A
:BS,  -126,   +79,   +14,A
:BE,  -126,   +79,   +14,A
:BD,        +0.03,        +0.29,        +0.01,   1.53,  0.00
:SA,   +0.00,   +0.00,  0.00
:TS,04010106290048,35.0, +31.6,   0.0,1548.8,622
:BI,   -80,  -121,   +24,    -2,A
:BS,  -121,   +80,   +24,A
:BE,  -121,   +80,   +24,A
:BD,        +0.01,        +0.30,        +0.01,   1.49,  0.00
:SA,   +0.00,   +0.00,  0.00
:TS,04010106290065,35.0, +31.6,   0.0,1548.8,623
:BI,   -82,  -111,   +21,    +3,A
:BS,  -111,   +82,   +21,A
:BE,  -111,   +82,   +21,A
:BD,       -0.01,        +0.32,        +0.01,   1.46,  0.00
:SA,   +0.00,   +0.00,  0.00
:TS,04010106290085,35.0, +31.6,   0.0,1548.8,624
:BI,   -76,   -95,    +8,-32768,A
:BS,   -95,   +76,    +8,A
:BE,   -95,   +76,    +8,A
:BD,       -0.03,        +0.33,        +0.01,   1.52,  0.00
:SA,   +0.00,   +0.00,  0.00
:TS,04010106290102,35.0, +31.6,   0.0,1548.8,621
:BI,   -73,   -86,    +0,    +0,A
:BS,   -86,   +73,    +0,A
:BE,   -86,   +73,    +0,A
:BD,       -0.05,        +0.34,        +0.01,   1.52,  0.00
:SA,   +0.00,   +0.00,  0.00
:TS,04010106290119,35.0, +31.6,   0.0,1548.8,627
:BI,   -59,   -82,    -1,    -2,A
:BS,   -82,   +59,    -1,A
:BE,   -82,   +59,    -1,A
:BD,       -0.07,        +0.36,        +0.01,   1.52,  0.00
:SA,   +0.00,   +0.00,  0.00
:TS,04010106290136,35.0, +31.6,   0.0,1548.8,628
:BI,   -47,   -82,    +0,-32768,A
:BS,   -82,   +47,    +0,A
:BE,   -82,   +47,    +0,A
:BD,       -0.09,        +0.37,        +0.02,   1.51,  0.00
:SA,   +0.00,   +0.00,  0.00
:TS,04010106290151,35.0, +31.6,   0.0,1548.8,622
:BI,   -34,   -82,    -2,-32768,A
:BS,   -82,   +34,    -2,A
:BE,   -82,   +34,    -2,A
:BD,       -0.10,        +0.38,        +0.02,   1.50,  0.00
:SA,   +0.00,   +0.00,  0.00
:TS,04010106290166,35.0, +31.6,   0.0,1548.8,623
:BI,   -31,   -77,    +0,    +0,A
:BS,   -77,   +31,    +0,A
:BE,   -77,   +31,    +0,A
:BD,       -0.11,        +0.38,        +0.02,   1.50,  0.00
:SA,   +0.00,   +0.00,  0.00
:TS,04010106290183,35.0, +31.6,   0.0,1548.8,624
:BI,   -35,   -73,    +9,    +0,A
:BS,   -73,   +35,    +9,A
:BE,   -73,   +35,    +9,A
:BD,       -0.13,        +0.39,        +0.02,   1.52,  0.00
:SA,   +0.00,   +0.00,  0.00
:TS,04010106290200,35.0, +31.6,   0.0,1548.8,621
:BI,   -42,   -68,   +20,    -1,A
:BS,   -68,   +42,   +20,A
:BE,   -68,   +42,   +20,A
:BD,       -0.14,        +0.40,        +0.02,   1.51,  0.00
:SA,   +0.00,   +0.00,  0.00
:TS,04010106290220,35.0, +31.6,   0.0,1548.8,627
:BI,   -48,   -68,   +24,    +0,A
:BS,   -68,   +48,   +24,A
:BE,   -68,   +48,   +24,A
:BD,       -0.16,        +0.41,        +0.02,   1.51,  0.00
:SA,   +0.00,   +0.00,  0.00
:TS,04010106290237,35.0, +31.6,   0.0,1548.8,628
:BI,   -48,   -69,   +15,    +0,A
:BS,   -69,   +48,   +15,A
:BE,   -69,   +48,   +15,A
:BD,       -0.17,        +0.42,        +0.02,   1.52,  0.00
:SA,   +0.00,   +0.00,  0.00
:TS,04010106290254,35.0, +31.6,   0.0,1548.8,622
:BI,   -50,   -71,    +3,    +1,A
:BS,   -71,   +50,    +3,A
:BE,   -71,   +50,    +3,A
:BD,       -0.18,        +0.42,        +0.02,   1.51,  0.00
:SA,   +0.00,   +0.00,  0.00
:TS,04010106290271,35.0, +31.6,   0.0,1548.8,623
:BI,   -54,   -70,    -5,    +0,A
:BS,   -70,   +54,    -5,A
:BE,   -70,   +54,    -5,A
:BD,       -0.19,        +0.43,        +0.03,   1.50,  0.00
:SA,   +0.00,   +0.00,  0.00
:TS,04010106290288,35.0, +31.6,   0.0,1548.8,624
:BI,   -52,   -66,    -5,    -3,A
:BS,   -66,   +52,    -5,A
:BE,   -66,   +52,    -5,A
:BD,       -0.21,        +0.44,        +0.03,   1.51,  0.00
:SA,   +0.00,   +0.00,  0.00
:TS,04010106290305,35.0, +31.6,   0.0,1548.8,621
:BI,   -39,   -65,    -2,    -1,A
:BS,   -65,   +39,    -2,A
:BE,   -65,   +39,    -2,A
:BD,       -0.22,        +0.45,        +0.03,   1.52,  0.00
:SA,   +0.00,   +0.00,  0.00
:TS,04010106290322,35.0, +31.6,   0.0,1548.8,627
:BI,   -37,   -62,    +3,    -2,A
:BS,   -62,   +37,    +3,A
:BE,   -62,   +37,    +3,A
:BD,       -0.23,        +0.46,        +0.03,   1.51,  0.00
:SA,   +0.00,   +0.00,  0.00
:TS,04010106290342,35.0, +31.6,   0.0,1548.8,628
:BI,   -46,   -57,   +16,    -1,A
:BS,   -57,   +46,   +16,A
:BE,   -57,   +46,   +16,A
:BD,       -0.24,        +0.47,        +0.03,   1.52,  0.00
:SA,   +0.00,   +0.00,  0.00
:TS,04010106290359,35.0, +31.6,   0.0,1548.8,622
:BI,   -47,   -54,   +24,    -1,A
:BS,   -54,   +47,   +24,A
:BE,   -54,   +47,   +24,A
:BD,       -0.25,        +0.47,        +0.03,   1.52,  0.00
:SA,   +0.00,   +0.00,  0.00
:TS,04010106290376,35.0, +31.6,   0.0,1548.8,623
:BI,   -39,   -55,   +16,    +2,A
:BS,   -55,   +39,   +16,A
:BE,   -55,   +39,   +16,A
:BD,       -0.26,        +0.48,        +0.03,   1.53,  0.00
:SA,   +0.00,   +0.00,  0.00
:TS,04010106290393,35.0, +31.6,   0.0,1548.8,624
:BI,   -36,   -51,    +2,    +1,A
:BS,   -51,   +36,    +2,A
:BE,   -51,   +36,    +2,A
:BD,       -0.27,        +0.49,        +0.03,   1.52,  0.00
:SA,   +0.00,   +0.00,  0.00
:TS,04010106290410,35.0, +31.6,   0.0,1548.8,621
:BI,   -38,   -48,    -4,-32768,A
:BS,   -48,   +38,    -4,A
:BE,   -48,   +38,    -4,A
:BD,       -0.28,        +0.49,        +0.03,   1.51,  0.00
:SA,   +0.00,   +0.00,  0.00
:TS,04010106290425,35.0, +31.6,   0.0,1548.8,627
:BI,   -40,   -49,    -5,-32768,A
:BS,   -49,   +40,    -5,A
:BE,   -49,   +40,    -5,A
:BD,       -0.29,        +0.50,        +0.04,   1.51,  0.00
:SA,   +0.00,   +0.00,  0.00
:TS,04010106290440,35.0, +31.6,   0.0,1548.8,628
:BI,   -37,   -46,    -5,    +0,A
:BS,   -46,   +37,    -5,A
:BE,   -46,   +37,    -5,A
:BD,       -0.30,        +0.51,        +0.04,   1.50,  0.00
:SA,   +0.00,   +0.00,  0.00
:TS,04010106290457,35.0, +31.6,   0.0,1548.8,622
:BI,   -34,   -42,    +0,    -2,A
:BS,   -42,   +34,    +0,A
:BE,   -42,   +34,    +0,A
:BD,       -0.31,        +0.51,        +0.04,   1.52,  0.00
:SA,   +0.00,   +0.00,  0.00
:TS,04010106290477,35.0, +31.7,   0.0,1549.0,623
:BI,   -28,   -37,    +8,    +0,A
:BS,   -37,   +28,    +8,A
:BE,   -37,   +28,    +8,A
:BD,       -0.32,        +0.52,        +0.04,   1.53,  0.00
:SA,   +0.00,   +0.00,  0.00
:TS,04010106290495,35.0, +31.7,   0.0,1549.0,624
:BI,   -27,   -35,   +12,    +0,A
:BS,   -35,   +27,   +12,A
:BE,   -35,   +27,   +12,A
:BD,       -0.32,        +0.53,        +0.04,   1.52,  0.00
:SA,   +0.00,   +0.00,  0.00
:TS,04010106290511,35.0, +31.7,   0.0,1549.0,621
:BI,   -33,   -36,   +14,    +2,A
:BS,   -36,   +33,   +14,A
:BE,   -36,   +33,   +14,A
:BD,       -0.33,        +0.53,        +0.04,   1.54,  0.00
:SA,   +0.00,   +0.00,  0.00
:TS,04010106290528,35.0, +31.7,   0.0,1549.0,627
:BI,   -40,   -41,   +13,    +0,A
:BS,   -41,   +40,   +13,A
:BE,   -41,   +40,   +13,A
:BD,       -0.34,        +0.54,        +0.04,   1.55,  0.00
:SA,   +0.00,   +0.00,  0.00
:TS,04010106290545,35.0, +31.7,   0.0,1549.0,628
:BI,   -44,   -45,    +4,    +3,A
:BS,   -45,   +44,    +4,A
:BE,   -45,   +44,    +4,A
:BD,       -0.35,        +0.54,        +0.04,   1.55,  0.00
:SA,   +0.00,   +0.00,  0.00
:TS,04010106290562,35.0, +31.7,   0.0,1549.0,622
:BI,   -45,   -45,    -4,    +1,A
:BS,   -45,   +45,    -4,A
:BE,   -45,   +45,    -4,A
:BD,       -0.35,        +0.55,        +0.04,   1.54,  0.00
:SA,   +0.00,   +0.00,  0.00
:TS,04010106290579,35.0, +31.7,   0.0,1549.0,623
:BI,   -40,   -45,    -9,    +0,A
:BS,   -45,   +40,    -9,A
:BE,   -45,   +40,    -9,A
:BD,       -0.36,        +0.56,        +0.04,   1.53,  0.00
:SA,   +0.00,   +0.00,  0.00
:TS,04010106290599,35.0, +31.6,   0.0,1548.8,624
:BI,   -37,   -39,    -9,    -1,A
:BS,   -39,   +37,    -9,A
:BE,   -39,   +37,    -9,A
:BD,       -0.37,        +0.56,        +0.04,   1.52,  0.00
:SA,   +0.00,   +0.00,  0.00
:TS,04010106290617,35.0, +31.6,   0.0,1548.8,621
:BI,   -36,   -33,    -1,    +0,A
:BS,   -33,   +36,    -1,A
:BE,   -33,   +36,    -1,A
:BD,       -0.38,        +0.57,        +0.04,   1.51,  0.00
:SA,   +0.00,   +0.00,  0.00
:TS,04010106290633,35.0, +31.6,   0.0,1548.8,627
:BI,   -36,   -30,    +7,    -2,A
:BS,   -30,   +36,    +7,A
:BE,   -30,   +36,    +7,A
:BD,       -0.38,        +0.58,        +0.04,   1.51,  0.00
:SA,   +0.00,   +0.00,  0.00
:TS,04010106290650,35.0, +31.6,   0.0,1548.8,628
:BI,   -34,   -29,   +12,    +0,A
:BS,   -29,   +34,   +12,A
:BE,   -29,   +34,   +12,A
:BD,       -0.39,        +0.58,        +0.04,   1.52,  0.00
:SA,   +0.00,   +0.00,  0.00
:TS,04010106290667,35.0, +31.6,   0.0,1548.8,622
:BI,   -32,   -27,    +8,    +0,A
:BS,   -27,   +32,    +8,A
:BE,   -27,   +32,    +8,A
:BD,       -0.39,        +0.59,        +0.04,   1.52,  0.00
:SA,   +0.00,   +0.00,  0.00
:TS,04010106290684,35.0, +31.6,   0.0,1548.8,623
:BI,   -26,   -26,    +3,    +0,A
:BS,   -26,   +26,    +3,A
:BE,   -26,   +26,    +3,A
:BD,       -0.40,        +0.60,        +0.04,   1.52,  0.00
:SA,   +0.00,   +0.00,  0.00
:TS,04010106290701,35.0, +31.6,   0.0,1548.8,624
:BI,   -25,   -29,    +0,    +0,A
:BS,   -29,   +25,    +0,A
:BE,   -29,   +25,    +0,A
:BD,       -0.40,        +0.60,        +0.04,   1.53,  0.00
:SA,   +0.00,   +0.00,  0.00
:TS,04010106290721,35.0, +31.6,   0.0,1548.8,621
:BI,   -26,   -33,    -2,    +0,A
:BS,   -33,   +26,    -2,A
:BE,   -33,   +26,    -2,A
:BD,       -0.41,        +0.61,        +0.04,   1.52,  0.00
:SA,   +0.00,   +0.00,  0.00
:TS,04010106290739,35.0, +31.6,   0.0,1548.8,627
:BI,   -32,   -35,    +0,    +0,A
:BS,   -35,   +32,    +0,A
:BE,   -35,   +32,    +0,A
:BD,       -0.42,        +0.61,        +0.04,   1.53,  0.00
:SA,   +0.00,   +0.00,  0.00
:TS,04010106290755,35.0, +31.6,   0.0,1548.8,628
:BI,   -36,   -30,    +0,    +0,A
:BS,   -30,   +36,    +0,A
:BE,   -30,   +36,    +0,A
:BD,       -0.42,        +0.62,        +0.05,   1.49,  0.00
:SA,   +0.00,   +0.00,  0.00
:TS,04010106290772,35.0, +31.6,   0.0,1548.8,622
:BI,   -36,   -23,    +0,    +0,A
:BS,   -23,   +36,    +0,A
:BE,   -23,   +36,    +0,A
:BD,       -0.43,        +0.62,        +0.05,   1.51,  0.00
:SA,   +0.00,   +0.00,  0.00
:TS,04010106290789,35.0, +31.6,   0.0,1548.8,623
:BI,   -34,   -17,    +3,    +0,A
:BS,   -17,   +34,    +3,A
:BE,   -17,   +34,    +3,A
:BD,       -0.43,        +0.63,        +0.05,   1.52,  0.00
:SA,   +0.00,   +0.00,  0.00
:TS,04010106290806,35.0, +31.6,   0.0,1548.8,624
:BI,   -32,   -17,    +4,    +0,A
:BS,   -17,   +32,    +4,A
:BE,   -17,   +32,    +4,A
:BD,       -0.43,        +0.63,        +0.05,   1.51,  0.00
:SA,   +0.00,   +0.00,  0.00
:TS,04010106290823,35.0, +31.6,   0.0,1548.8,621
:BI,   -29,   -19,    +2,    +2,A
:BS,   -19,   +29,    +2,A
:BE,   -19,   +29,    +2,A
:BD,       -0.44,        +0.64,        +0.05,   1.52,  0.00
:SA,   +0.00,   +0.00,  0.00
:TS,04010106290842,35.0, +31.7,   0.0,1549.0,627
:BI,   -32,   -20,    +0,    +0,A
:BS,   -20,   +32,    +0,A
:BE,   -20,   +32,    +0,A
:BD,       -0.44,        +0.65,        +0.05,   1.52,  0.00
:SA,   +0.00,   +0.00,  0.00
:TS,04010106290861,35.0, +31.7,   0.0,1549.0,628
:BI,   -25,   -19,    -2,    +0,A
:BS,   -19,   +25,    -2,A
:BE,   -19,   +25,    -2,A
:BD,       -0.45,        +0.65,        +0.05,   1.53,  0.00
:SA,   +0.00,   +0.00,  0.00
:TS,04010106290877,35.0, +31.7,   0.0,1549.0,622
:BI,   -18,   -21,    +0,    +0,A
:BS,   -21,   +18,    +0,A
:BE,   -21,   +18,    +0,A
:BD,       -0.45,        +0.66,        +0.05,   1.52,  0.00
:SA,   +0.00,   +0.00,  0.00
:TS,04010106290894,35.0, +31.7,   0.0,1549.0,623
:BI,   -19,   -21,    +1,    +0,A
:BS,   -21,   +19,    +1,A
:BE,   -21,   +19,    +1,A
:BD,       -0.45,        +0.66,        +0.05,   1.52,  0.00
:SA,   +0.00,   +0.00,  0.00
:TS,04010106290911,35.0, +31.7,   0.0,1549.0,624
:BI,   -24,   -18,    -2,    +1,A
:BS,   -18,   +24,    -2,A
:BE,   -18,   +24,    -2,A
:BD,       -0.46,        +0.66,        +0.05,   1.52,  0.00
:SA,   +0.00,   +0.00,  0.00
:TS,04010106290928,35.0, +31.7,   0.0,1549.0,621
:BI,   -30,   -13,    -7,    +1,A
:BS,   -13,   +30,    -7,A
:BE,   -13,   +30,    -7,A
:BD,       -0.46,        +0.67,        +0.05,   1.54,  0.00
:SA,   +0.00,   +0.00,  0.00
:TS,04010106290945,35.0, +31.7,   0.0,1549.0,627
:BI,   -32,   -10,    -9,    +0,A
:BS,   -10,   +32,    -9,A
:BE,   -10,   +32,    -9,A
:BD,       -0.46,        +0.67,        +0.05,   1.52,  0.00
:SA,   +0.00,   +0.00,  0.00
:TS,04010106290965,35.0, +31.6,   0.0,1548.8,628
:BI,   -30,   -13,    -5,    -3,A
:BS,   -13,   +30,    -5,A
:BE,   -13,   +30,    -5,A
:BD,       -0.47,        +0.68,        +0.05,   1.53,  0.00
:SA,   +0.00,   +0.00,  0.00
:TS,04010106290983,35.0, +31.6,   0.0,1548.8,622
:BI,   -33,   -17,    -2,    +0,A
:BS,   -17,   +33,    -2,A
:BE,   -17,   +33,    -2,A
:BD,       -0.47,        +0.68,        +0.04,   1.51,  0.00
:SA,   +0.00,   +0.00,  0.00
:TS,04010106290999,35.0, +31.6,   0.0,1548.8,623
:BI,   -33,   -16,    -4,    +0,A
:BS,   -16,   +33,    -4,A
:BE,   -16,   +33,    -4,A
:BD,       -0.47,        +0.69,        +0.04,   1.52,  0.00
:SA,   +0.00,   +0.00,  0.00
:TS,04010106291016,35.0, +31.6,   0.0,1548.8,624
:BI,   -36,   -11,    -3,    +0,A
:BS,   -11,   +36,    -3,A
:BE,   -11,   +36,    -3,A
:BD,       -0.47,        +0.69,        +0.04,   1.52,  0.00
:SA,   +0.00,   +0.00,  0.00
:TS,04010106291033,35.0, +31.6,   0.0,1548.8,621
:BI,   -40,    -6,    +2,    -1,A
:BS,    -6,   +40,    +2,A
:BE,    -6,   +40,    +2,A
:BD,       -0.48,        +0.70,        +0.04,   1.52,  0.00
:SA,   +0.00,   +0.00,  0.00
:TS,04010106291050,35.0, +31.6,   0.0,1548.8,627
:BI,   -37,    -7,    +7,    -1,A
:BS,    -7,   +37,    +7,A
:BE,    -7,   +37,    +7,A
:BD,       -0.48,        +0.71,        +0.04,   1.51,  0.00
:SA,   +0.00,   +0.00,  0.00
:TS,04010106291067,35.0, +31.6,   0.0,1548.8,628
:BI,   -24,   -12,    +7,    +0,A
:BS,   -12,   +24,    +7,A
:BE,   -12,   +24,    +7,A
:BD,       -0.48,        +0.71,        +0.04,   1.51,  0.00
:SA,   +0.00,   +0.00,  0.00
:TS,04010106291086,35.0, +31.6,   0.0,1548.8,622
:BI,   +10,   -14,    +1,    -2,A
:BS,   -14,   -10,    +1,A
:BE,   -14,   -10,    +1,A
:BD,       -0.48,        +0.72,        +0.04,   1.51,  0.00
:SA,   +0.00,   +0.00,  0.00
:TS,04010106291105,35.0, +31.6,   0.0,1548.8,623
:BI,   +35,   -11,    -6,    +0,A
:BS,   -11,   -35,    -6,A
:BE,   -11,   -35,    -6,A
:BD,       -0.48,        +0.72,        +0.04,   1.52,  0.00
:SA,   +0.00,   +0.00,  0.00
:TS,04010106291121,35.0, +31.6,   0.0,1548.8,624
:BI,   +39,    -8,    -9,    +0,A
:BS,    -8,   -39,    -9,A
:BE,    -8,   -39,    -9,A
:BD,       -0.49,        +0.72,        +0.04,   1.52,  0.00
:SA,   +0.00,   +0.00,  0.00
:TS,04010106291138,35.0, +31.6,   0.0,1548.8,621
:BI,   +37,    -6,    -7,    +0,A
:BS,    -6,   -37,    -7,A
:BE,    -6,   -37,    -7,A
:BD,       -0.49,        +0.71,        +0.04,   1.52,  0.00
:SA,   +0.00,   +0.00,  0.00
:TS,04010106291155,35.0, +31.6,   0.0,1548.8,627
:BI,   +40,    -4,    -2,    -1,A
:BS,    -4,   -40,    -2,A
:BE,    -4,   -40,    -2,A
:BD,       -0.49,        +0.71,        +0.04,   1.52,  0.00
:SA,   +0.00,   +0.00,  0.00
:TS,04010106291172,35.0, +31.6,   0.0,1548.8,628
:BI,   +47,    -2,    +0,    +0,A
:BS,    -2,   -47,    +0,A
:BE,    -2,   -47,    +0,A
:BD,       -0.49,        +0.71,        +0.04,   1.52,  0.00
:SA,   +0.00,   +0.00,  0.00
:TS,04010106291189,35.0, +31.6,   0.0,1548.8,622
:BI,   +41,    -1,    -3,    +2,A
:BS,    -1,   -41,    -3,A
:BE,    -1,   -41,    -3,A
:BD,       -0.49,        +0.70,        +0.04,   1.52,  0.00
:SA,   +0.00,   +0.00,  0.00
:TS,04010106291208,35.0, +31.7,   0.0,1549.0,623
:BI,   +35,    +1,    -6,    +0,A
:BS,    +1,   -35,    -6,A
:BE,    +1,   -35,    -6,A
:BD,       -0.49,        +0.70,        +0.04,   1.52,  0.00
:SA,   +0.00,   +0.00,  0.00
:TS,04010106291227,35.0, +31.7,   0.0,1549.0,624
:BI,   +41,    +3,    -3,    +0,A
:BS,    +3,   -41,    -3,A
:BE,    +3,   -41,    -3,A
:BD,       -0.49,        +0.69,        +0.04,   1.51,  0.00
:SA,   +0.00,   +0.00,  0.00
:TS,04010106291243,35.0, +31.7,   0.0,1549.0,621
:BI,   +39,    +1,    -2,    +0,A
:BS,    +1,   -39,    -2,A
:BE,    +1,   -39,    -2,A
:BD,       -0.49,        +0.68,        +0.04,   1.51,  0.00
:SA,   +0.00,   +0.00,  0.00
:TS,04010106291260,35.0, +31.7,   0.0,1549.0,627
:BI,   +44,    +3,    -4,    +0,A
:BS,    +3,   -44,    -4,A
:BE,    +3,   -44,    -4,A
:BD,       -0.49,        +0.68,        +0.04,   1.52,  0.00
:SA,   +0.00,   +0.00,  0.00
:TS,04010106291277,35.0, +31.7,   0.0,1549.0,628
:BI,   +69,    +9,    -7,    -3,A
:BS,    +9,   -69,    -7,A
:BE,    +9,   -69,    -7,A
:BD,       -0.49,        +0.67,        +0.04,   1.52,  0.00
:SA,   +0.00,   +0.00,  0.00
:TS,04010106291294,35.0, +31.7,   0.0,1549.0,622
:BI,   +90,   +13,    -7,    +0,A
:BS,   +13,   -90,    -7,A
:BE,   +13,   -90,    -7,A
:BD,       -0.49,        +0.66,        +0.04,   1.52,  0.00
:SA,   +0.00,   +0.00,  0.00
:TS,04010106291311,35.0, +31.7,   0.0,1549.0,623
:BI,   +71,   +10,    -2,    +0,A
:BS,   +10,   -71,    -2,A
:BE,   +10,   -71,    -2,A
:BD,       -0.49,        +0.65,        +0.04,   1.52,  0.00
:SA,   +0.00,   +0.00,  0.00
:TS,04010106291330,35.0, +31.6,   0.0,1548.8,624
:BI,   +51,    +2,    +7,    +0,A
:BS,    +2,   -51,    +7,A
:BE,    +2,   -51,    +7,A
:BD,       -0.49,        +0.64,        +0.04,   1.52,  0.00
:SA,   +0.00,   +0.00,  0.00
:TS,04010106291349,35.0, +31.6,   0.0,1548.8,621
:BI,   +47,    -6,   +13,    +0,A
:BS,    -6,   -47,   +13,A
:BE,    -6,   -47,   +13,A
:BD,       -0.49,        +0.63,        +0.04,   1.52,  0.00
:SA,   +0.00,   +0.00,  0.00
:TS,04010106291365,35.0, +31.6,   0.0,1548.8,627
:BI,   +62,    -7,   +10,    -2,A
:BS,    -7,   -62,   +10,A
:BE,    -7,   -62,   +10,A
:BD,       -0.49,        +0.62,        +0.04,   1.52,  0.00
:SA,   +0.00,   +0.00,  0.00
:TS,04010106291382,35.0, +31.6,   0.0,1548.8,628
:BI,   +82,    -2,    +1,    +0,A
:BS,    -2,   -82,    +1,A
:BE,    -2,   -82,    +1,A
:BD,       -0.49,        +0.61,        +0.04,   1.52,  0.00
:SA,   +0.00,   +0.00,  0.00
:TS,04010106291399,35.0, +31.6,   0.0,1548.8,622
:BI,   +90,    +2,    -9,    +0,A
:BS,    +2,   -90,    -9,A
:BE,    +2,   -90,    -9,A
:BD,       -0.49,        +0.60,        +0.04,   1.52,  0.00
:SA,   +0.00,   +0.00,  0.00
:TS,04010106291416,35.0, +31.6,   0.0,1548.8,623
:BI,   +83,    +5,   -16,    +0,A
:BS,    +5,   -83,   -16,A
:BE,    +5,   -83,   -16,A
:BD,       -0.49,        +0.58,        +0.04,   1.52,  0.00
:SA,   +0.00,   +0.00,  0.00
:TS,04010106291433,35.0, +31.6,   0.0,1548.8,624
:BI,   +78,    +9,   -16,    +0,A
:BS,    +9,   -78,   -16,A
:BE,    +9,   -78,   -16,A
:BD,       -0.49,        +0.57,        +0.04,   1.52,  0.00
:SA,   +0.00,   +0.00,  0.00
:TS,04010106291452,35.0, +31.7,   0.0,1549.0,621
:BI,   +82,   +13,   -12,    +0,A
:BS,   +13,   -82,   -12,A
:BE,   +13,   -82,   -12,A
:BD,       -0.49,        +0.56,        +0.03,   1.52,  0.00
:SA,   +0.00,   +0.00,  0.00
:TS,04010106291471,35.0, +31.7,   0.0,1549.0,627
:BI,   +64,   +15,    -8,    +0,A
:BS,   +15,   -64,    -8,A
:BE,   +15,   -64,    -8,A
:BD,       -0.49,        +0.54,        +0.03,   1.52,  0.00
:SA,   +0.00,   +0.00,  0.00
:TS,04010106291487,35.0, +31.7,   0.0,1549.0,628
:BI,   +51,   +13,    +3,    +0,A
:BS,   +13,   -51,    +3,A
:BE,   +13,   -51,    +3,A
:BD,       -0.48,        +0.53,        +0.03,   1.51,  0.00
:SA,   +0.00,   +0.00,  0.00
:TS,04010106291504,35.0, +31.7,   0.0,1549.0,622
:BI,   +54,   +11,   +13,    +0,A
:BS,   +11,   -54,   +13,A
:BE,   +11,   -54,   +13,A
:BD,       -0.48,        +0.52,        +0.03,   1.52,  0.00
:SA,   +0.00,   +0.00,  0.00
:TS,04010106291521,35.0, +31.7,   0.0,1549.0,623
:BI,   +67,    +9,   +15,    +0,A
:BS,    +9,   -67,   +15,A
:BE,    +9,   -67,   +15,A
:BD,       -0.48,        +0.51,        +0.03,   1.52,  0.00
:SA,   +0.00,   +0.00,  0.00
:TS,04010106291538,35.0, +31.7,   0.0,1549.0,624
:BI,   +83,    +8,    +9,    -3,A
:BS,    +8,   -83,    +9,A
:BE,    +8,   -83,    +9,A
:BD,       -0.48,        +0.50,        +0.03,   1.52,  0.00
:SA,   +0.00,   +0.00,  0.00
:TS,04010106291555,35.0, +31.7,   0.0,1549.0,621
:BI,   +93,    +6,    +0,    +2,A
:BS,    +6,   -93,    +0,A
:BE,    +6,   -93,    +0,A
:BD,       -0.48,        +0.49,        +0.03,   1.52,  0.00
:SA,   +0.00,   +0.00,  0.00
:TS,04010106291574,35.0, +31.7,   0.0,1549.0,627
:BI,   +81,    +4,    -5,    +3,A
:BS,    +4,   -81,    -5,A
:BE,    +4,   -81,    -5,A
:BD,       -0.48,        +0.47,        +0.03,   1.52,  0.00
:SA,   +0.00,   +0.00,  0.00
:TS,04010106291593,35.0, +31.7,   0.0,1549.0,628
:BI,   +59,    -2,    -8,    +4,A
:BS,    -2,   -59,    -8,A
:BE,    -2,   -59,    -8,A
:BD,       -0.48,        +0.46,        +0.03,   1.53,  0.00
:SA,   +0.00,   +0.00,  0.00
:TS,04010106291609,35.0, +31.7,   0.0,1549.0,622
:BI,   +38,    -4,    -9,    +0,A
:BS,    -4,   -38,    -9,A
:BE,    -4,   -38,    -9,A
:BD,       -0.48,        +0.45,        +0.03,   1.51,  0.00
:SA,   +0.00,   +0.00,  0.00
:TS,04010106291626,35.0, +31.7,   0.0,1549.0,623
:BI,   +33,    +0,    -9,    -2,A
:BS,    +0,   -33,    -9,A
:BE,    +0,   -33,    -9,A
:BD,       -0.48,        +0.44,        +0.03,   1.51,  0.00
:SA,   +0.00,   +0.00,  0.00
:TS,04010106291643,35.0, +31.7,   0.0,1549.0,624
:BI,   +35,    +5,    -4,    -2,A
:BS,    +5,   -35,    -4,A
:BE,    +5,   -35,    -4,A
:BD,       -0.47,        +0.43,        +0.03,   1.52,  0.00
:SA,   +0.00,   +0.00,  0.00
:TS,04010106291660,35.0, +31.7,   0.0,1549.0,621
:BI,   +30,   +10,    +5,    +1,A
:BS,   +10,   -30,    +5,A
:BE,   +10,   -30,    +5,A
:BD,       -0.47,        +0.42,        +0.03,   1.52,  0.00
:SA,   +0.00,   +0.00,  0.00
:TS,04010106291677,35.0, +31.7,   0.0,1549.0,627
:BI,   +29,   +14,    +9,    +2,A
:BS,   +14,   -29,    +9,A
:BE,   +14,   -29,    +9,A
:BD,       -0.47,        +0.41,        +0.03,   1.51,  0.00
:SA,   +0.00,   +0.00,  0.00
:TS,04010106291696,35.0, +31.6,   0.0,1548.8,628
:BI,   +34,   +10,    +6,    +0,A
:BS,   +10,   -34,    +6,A
:BE,   +10,   -34,    +6,A
:BD,       -0.47,        +0.41,        +0.03,   1.52,  0.00
:SA,   +0.00,   +0.00,  0.00
:TS,04010106291715,35.0, +31.6,   0.0,1548.8,622
:BI,   +51,    +2,    -2,    +0,A
:BS,    +2,   -51,    -2,A
:BE,    +2,   -51,    -2,A
:BD,       -0.47,        +0.40,        +0.03,   1.52,  0.00
:SA,   +0.00,   +0.00,  0.00
:TS,04010106291731,35.0, +31.6,   0.0,1548.8,623
:BI,   +63,    -5,    -7,    +0,A
:BS,    -5,   -63,    -7,A
:BE,    -5,   -63,    -7,A
:BD,       -0.47,        +0.39,        +0.03,   1.52,  0.00
:SA,   +0.00,   +0.00,  0.00
:TS,04010106291748,35.0, +31.6,   0.0,1548.8,624
:BI,   +64,    -5,    -6,    +0,A
:BS,    -5,   -64,    -6,A
:BE,    -5,   -64,    -6,A
:BD,       -0.47,        +0.38,        +0.03,   1.52,  0.00
:SA,   +0.00,   +0.00,  0.00
:TS,04010106291765,35.0, +31.6,   0.0,1548.8,621
:BI,   +52,    -1,    -5,    +0,A
:BS,    -1,   -52,    -5,A
:BE,    -1,   -52,    -5,A
:BD,       -0.47,        +0.37,        +0.03,   1.51,  0.00
:SA,   +0.00,   +0.00,  0.00
:TS,04010106291782,35.0, +31.6,   0.0,1548.8,627
:BI,   +37,    +1,    -5,    +0,A
:BS,    +1,   -37,    -5,A
:BE,    +1,   -37,    -5,A
:BD,       -0.47,        +0.37,        +0.03,   1.53,  0.00
:SA,   +0.00,   +0.00,  0.00
:TS,04010106291799,35.0, +31.6,   0.0,1548.8,628
:BI,   +27,    +7,    -4,    +0,A
:BS,    +7,   -27,    -4,A
:BE,    +7,   -27,    -4,A
:BD,       -0.47,        +0.36,        +0.03,   1.51,  0.00
:SA,   +0.00,   +0.00,  0.00
:TS,04010106291818,35.0, +31.7,   0.0,1549.0,622
:BI,   +21,   +10,    +2,    -1,A
:BS,   +10,   -21,    +2,A
:BE,   +10,   -21,    +2,A
:BD,       -0.47,        +0.35,        +0.03,   1.51,  0.00
:SA,   +0.00,   +0.00,  0.00
:TS,04010106291837,35.0, +31.7,   0.0,1549.0,623
:BI,   +17,   +10,    +9,    +0,A
:BS,   +10,   -17,    +9,A
:BE,   +10,   -17,    +9,A
:BD,       -0.47,        +0.34,        +0.03,   1.52,  0.00
:SA,   +0.00,   +0.00,  0.00
:TS,04010106291853,35.0, +31.7,   0.0,1549.0,624
:BI,   +18,    +6,    +8,    +0,A
:BS,    +6,   -18,    +8,A
:BE,    +6,   -18,    +8,A
:BD,       -0.47,        +0.34,        +0.03,   1.52,  0.00
:SA,   +0.00,   +0.00,  0.00
:TS,04010106291870,35.0, +31.7,   0.0,1549.0,621
:BI,   +24,    +5,    -3,    +0,A
:BS,    +5,   -24,    -3,A
:BE,    +5,   -24,    -3,A
:BD,       -0.46,        +0.34,        +0.03,   1.53,  0.00
:SA,   +0.00,   +0.00,  0.00
:TS,04010106291887,35.0, +31.7,   0.0,1549.0,627
:BI,   +35,    +2,   -15,    +0,A
:BS,    +2,   -35,   -15,A
:BE,    +2,   -35,   -15,A
:BD,       -0.46,        +0.33,        +0.03,   1.52,  0.00
:SA,   +0.00,   +0.00,  0.00
:TS,04010106291904,35.0, +31.7,   0.0,1549.0,628
:BI,   +41,    +0,   -15,    +0,A
:BS,    +0,   -41,   -15,A
:BE,    +0,   -41,   -15,A
:BD,       -0.46,        +0.33,        +0.03,   1.53,  0.00
:SA,   +0.00,   +0.00,  0.00
:TS,04010106291921,35.0, +31.7,   0.0,1549.0,622
:BI,   +48,    -3,    -7,    -2,A
:BS,    -3,   -48,    -7,A
:BE,    -3,   -48,    -7,A
:BD,       -0.46,        +0.32,        +0.03,   1.51,  0.00
:SA,   +0.00,   +0.00,  0.00
:TS,04010106291940,35.0, +31.7,   0.0,1549.0,623
:BI,   +49,    -4,    +3,    +0,A
:BS,    -4,   -49,    +3,A
:BE,    -4,   -49,    +3,A
:BD,       -0.46,        +0.31,        +0.03,   1.52,  0.00
:SA,   +0.00,   +0.00,  0.00
:TS,04010106291959,35.0, +31.7,   0.0,1549.0,624
:BI,   +39,    -4,    +6,    +2,A
:BS,    -4,   -39,    +6,A
:BE,    -4,   -39,    +6,A
:BD,       -0.46,        +0.30,        +0.03,   1.51,  0.00
:SA,   +0.00,   +0.00,  0.00
:TS,04010106291975,35.0, +31.7,   0.0,1549.0,621
:BI,   +22,    -1,    +8,    +0,A
:BS,    -1,   -22,    +8,A
:BE,    -1,   -22,    +8,A
:BD,       -0.46,        +0.30,        +0.03,   1.52,  0.00
:SA,   +0.00,   +0.00,  0.00
:TS,04010106291992,35.0, +31.7,   0.0,1549.0,627
:BI,    +9,    +2,   +11,    +0,A
:BS,    +2,    -9,   +11,A
:BE,    +2,    -9,   +11,A
:BD,       -0.46,        +0.29,        +0.03,   1.52,  0.00
:SA,   +0.00,   +0.00,  0.00
:TS,04010106292009,35.0, +31.7,   0.0,1549.0,628
:BI,    +4,    +3,   +12,    +0,A
:BS,    +3,    -4,   +12,A
:BE,    +3,    -4,   +12,A
:BD,       -0.46,        +0.29,        +0.03,   1.53,  0.00
:SA,   +0.00,   +0.00,  0.00
:TS,04010106292026,35.0, +31.7,   0.0,1549.0,622
:BI,   +12,    +2,    +6,    +0,A
:BS,    +2,   -12,    +6,A
:BE,    +2,   -12,    +6,A
:BD,       -0.46,        +0.29,        +0.03,   1.52,  0.00
:SA,   +0.00,   +0.00,  0.00
:TS,04010106292043,35.0, +31.7,   0.0,1549.0,623
:BI,   +25,    +0,    -5,    +0,A
:BS,    +0,   -25,    -5,A
:BE,    +0,   -25,    -5,A
:BD,       -0.46,        +0.28,        +0.03,   1.53,  0.00
:SA,   +0.00,   +0.00,  0.00
:TS,04010106292062,35.0, +31.7,   0.0,1549.0,624
:BI,   +33,    +0,   -15,    +1,A
:BS,    +0,   -33,   -15,A
:BE,    +0,   -33,   -15,A
:BD,       -0.46,        +0.28,        +0.03,   1.51,  0.00
:SA,   +0.00,   +0.00,  0.00
:TS,04010106292081,35.0, +31.7,   0.0,1549.0,621
:BI,   +31,    +1,   -13,    +0,A
:BS,    +1,   -31,   -13,A
:BE,    +1,   -31,   -13,A
:BD,       -0.46,        +0.27,        +0.03,   1.52,  0.00
:SA,   +0.00,   +0.00,  0.00
:TS,04010106292097,35.0, +31.7,   0.0,1549.0,627
:BI,   +30,    -1,    -2,    +0,A
:BS,    -1,   -30,    -2,A
:BE,    -1,   -30,    -2,A
:BD,       -0.46,        +0.27,        +0.03,   1.52,  0.00
:SA,   +0.00,   +0.00,  0.00
:TS,04010106292114,35.0, +31.7,   0.0,1549.0,628
:BI,   +35,    -2,    +6,    +0,A
:BS,    -2,   -35,    +6,A
:BE,    -2,   -35,    +6,A
:BD,       -0.46,        +0.26,        +0.03,   1.53,  0.00
:SA,   +0.00,   +0.00,  0.00
:TS,04010106292131,35.0, +31.7,   0.0,1549.0,622
:BI,   +38,    +0,    +8,    +0,A
:BS,    +0,   -38,    +8,A
:BE,    +0,   -38,    +8,A
:BD,       -0.46,        +0.26,        +0.03,   1.52,  0.00
:SA,   +0.00,   +0.00,  0.00
:TS,04010106292148,35.0, +31.7,   0.0,1549.0,623
:BI,   +32,    +5,    +7,    +0,A
:BS,    +5,   -32,    +7,A
:BE,    +5,   -32,    +7,A
:BD,       -0.46,        +0.25,        +0.03,   1.55,  0.00
:SA,   +0.00,   +0.00,  0.00
:TS,04010106292165,35.0, +31.7,   0.0,1549.0,624
:BI,   +19,   +10,    +5,    +0,A
:BS,   +10,   -19,    +5,A
:BE,   +10,   -19,    +5,A
:BD,       -0.46,        +0.25,        +0.03,   1.52,  0.00
:SA,   +0.00,   +0.00,  0.00
:TS,04010106292184,35.0, +31.7,   0.0,1549.0,621
:BI,   +10,   +10,    -2,    +0,A
:BS,   +10,   -10,    -2,A
:BE,   +10,   -10,    -2,A
:BD,       -0.46,        +0.24,        +0.03,   1.53,  0.00
:SA,   +0.00,   +0.00,  0.00
:TS,04010106292203,35.0, +31.7,   0.0,1549.0,627
:BI,   +14,    +1,    -5,    +0,A
:BS,    +1,   -14,    -5,A
:BE,    +1,   -14,    -5,A
:BD,       -0.46,        +0.24,        +0.03,   1.53,  0.00
:SA,   +0.00,   +0.00,  0.00
:TS,04010106292219,35.0, +31.7,   0.0,1549.0,628
:BI,   +21,    -8,    -3,    +0,A
:BS,    -8,   -21,    -3,A
:BE,    -8,   -21,    -3,A
:BD,       -0.46,        +0.24,        +0.03,   1.53,  0.00
:SA,   +0.00,   +0.00,  0.00
:TS,04010106292236,35.0, +31.7,   0.0,1549.0,622
:BI,   +25,   -12,    -4,    +2,A
:BS,   -12,   -25,    -4,A
:BE,   -12,   -25,    -4,A
:BD,       -0.46,        +0.23,        +0.03,   1.52,  0.00
:SA,   +0.00,   +0.00,  0.00
:TS,04010106292253,35.0, +31.7,   0.0,1549.0,623
:BI,   +20,    -6,    -8,    +0,A
:BS,    -6,   -20,    -8,A
:BE,    -6,   -20,    -8,A
:BD,       -0.46,        +0.23,        +0.03,   1.52,  0.00
:SA,   +0.00,   +0.00,  0.00
:TS,04010106292270,35.0, +31.7,   0.0,1549.0,624
:BI,   +19,    +6,    -9,    -2,A
:BS,    +6,   -19,    -9,A
:BE,    +6,   -19,    -9,A
:BD,       -0.46,        +0.23,        +0.03,   1.53,  0.00
:SA,   +0.00,   +0.00,  0.00
:TS,04010106292287,35.0, +31.7,   0.0,1549.0,621
:BI,   +24,   +12,    -3,    -1,A
:BS,   +12,   -24,    -3,A
:BE,   +12,   -24,    -3,A
:BD,       -0.46,        +0.22,        +0.03,   1.52,  0.00
:SA,   +0.00,   +0.00,  0.00
:TS,04010106292307,35.0, +31.6,   0.0,1548.8,627
:BI,   +32,    +9,    +5,    +0,A
:BS,    +9,   -32,    +5,A
:BE,    +9,   -32,    +5,A
:BD,       -0.46,        +0.22,        +0.03,   1.52,  0.00
:SA,   +0.00,   +0.00,  0.00
:TS,04010106292325,35.0, +31.6,   0.0,1548.8,628
:BI,   +26,    +8,    +4,    +2,A
:BS,    +8,   -26,    +4,A
:BE,    +8,   -26,    +4,A
:BD,       -0.46,        +0.21,        +0.03,   1.52,  0.00
:SA,   +0.00,   +0.00,  0.00
:TS,04010106292341,35.0, +31.6,   0.0,1548.8,622
:BI,   +15,    +5,    +0,    +2,A
:BS,    +5,   -15,    +0,A
:BE,    +5,   -15,    +0,A
:BD,       -0.46,        +0.21,        +0.03,   1.52,  0.00
:SA,   +0.00,   +0.00,  0.00
:TS,04010106292358,35.0, +31.6,   0.0,1548.8,623
:BI,    +6,    -1,    -4,    +0,A
:BS,    -1,    -6,    -4,A
:BE,    -1,    -6,    -4,A
:BD,       -0.46,        +0.21,        +0.03,   1.52,  0.00
:SA,   +0.00,   +0.00,  0.00
:TS,04010106292375,35.0, +31.6,   0.0,1548.8,624
:BI,    +7,   -10,    +0,    +0,A
:BS,   -10,    -7,    +0,A
:BE,   -10,    -7,    +0,A
:BD,       -0.46,        +0.20,        +0.03,   1.53,  0.00
:SA,   +0.00,   +0.00,  0.00
:TS,04010106292392,35.0, +31.6,   0.0,1548.8,621
:BI,    +5,   -15,    +5,    -2,A
:BS,   -15,    -5,    +5,A
:BE,   -15,    -5,    +5,A
:BD,       -0.46,        +0.20,        +0.03,   1.52,  0.00
:SA,   +0.00,   +0.00,  0.00
:TS,04010106292409,35.0, +31.6,   0.0,1548.8,627
:BI,    +1,    -7,    +9,    +0,A
:BS,    -7,    -1,    +9,A
:BE,    -7,    -1,    +9,A
:BD,       -0.46,        +0.20,        +0.03,   1.51,  0.00
:SA,   +0.00,   +0.00,  0.00
:TS,04010106292428,35.0, +31.7,   0.0,1549.0,628
:BI,   +11,    +7,    +3,    +0,A
:BS,    +7,   -11,    +3,A
:BE,    +7,   -11,    +3,A
:BD,       -0.46,        +0.20,        +0.03,   1.52,  0.00
:SA,   +0.00,   +0.00,  0.00
:TS,04010106292447,35.0, +31.7,   0.0,1549.0,622
:BI,   +24,   +12,    -7,    +0,A
:BS,   +12,   -24,    -7,A
:BE,   +12,   -24,    -7,A
:BD,       -0.46,        +0.20,        +0.03,   1.53,  0.00
:SA,   +0.00,   +0.00,  0.00
:TS,04010106292463,35.0, +31.7,   0.0,1549.0,623
:BI,   +22,   +11,    -9,    +0,A
:BS,   +11,   -22,    -9,A
:BE,   +11,   -22,    -9,A
:BD,       -0.46,        +0.19,        +0.03,   1.52,  0.00
:SA,   +0.00,   +0.00,  0.00
:TS,04010106292480,35.0, +31.7,   0.0,1549.0,624
:BI,    +8,    +8,    +0,    +0,A
:BS,    +8,    -8,    +0,A
:BE,    +8,    -8,    +0,A
:BD,       -0.46,        +0.19,        +0.03,   1.51,  0.00
:SA,   +0.00,   +0.00,  0.00
:TS,04010106292497,35.0, +31.7,   0.0,1549.0,621
:BI,    -5,    +4,   +11,    +0,A
:BS,    +4,    +5,   +11,A
:BE,    +4,    +5,   +11,A
:BD,       -0.46,        +0.19,        +0.03,   1.52,  0.00
:SA,   +0.00,   +0.00,  0.00
:TS,04010106292514,35.0, +31.7,   0.0,1549.0,627
:BI,    -6,    +3,   +10,    +2,A
:BS,    +3,    +6,   +10,A
:BE,    +3,    +6,   +10,A
:BD,       -0.46,        +0.19,        +0.03,   1.52,  0.00
:SA,   +0.00,   +0.00,  0.00
:TS,04010106292531,35.0, +31.7,   0.0,1549.0,628
:BI,    +0,    +3,    +2,    +2,A
:BS,    +3,    +0,    +2,A
:BE,    +3,    +0,    +2,A
:BD,       -0.46,        +0.19,        +0.03,   1.53,  0.00
:SA,   +0.00,   +0.00,  0.00
:TS,04010106292550,35.0, +31.7,   0.0,1549.0,622
:BI,    +0,    +8,    +0,    +0,A
:BS,    +8,    +0,    +0,A
:BE,    +8,    +0,    +0,A
:BD,       -0.45,        +0.19,        +0.03,   1.51,  0.00
:SA,   +0.00,   +0.00,  0.00
:TS,04010106292569,35.0, +31.7,   0.0,1549.0,623
:BI,    -1,   +13,    +1,    +0,A
:BS,   +13,    +1,    +1,A
:BE,   +13,    +1,    +1,A
:BD,       -0.45,        +0.19,        +0.03,   1.51,  0.00
:SA,   +0.00,   +0.00,  0.00
:TS,04010106292585,35.0, +31.7,   0.0,1549.0,624
:BI,    -4,   +13,    +0,    +0,A
:BS,   +13,    +4,    +0,A
:BE,   +13,    +4,    +0,A
:BD,       -0.45,        +0.19,        +0.03,   1.51,  0.00
:SA,   +0.00,   +0.00,  0.00
:TS,04010106292602,35.0, +31.7,   0.0,1549.0,621
:BI,    -2,   +11,    -4,    +0,A
:BS,   +11,    +2,    -4,A
:BE,   +11,    +2,    -4,A
:BD,       -0.45,        +0.19,        +0.03,   1.51,  0.00
:SA,   +0.00,   +0.00,  0.00
:TS,04010106292619,35.0, +31.7,   0.0,1549.0,627
:BI,    +9,    +5,    -3,    -1,A
:BS,    +5,    -9,    -3,A
:BE,    +5,    -9,    -3,A
:BD,       -0.45,        +0.19,        +0.03,   1.53,  0.00
:SA,   +0.00,   +0.00,  0.00
:TS,04010106292636,35.0, +31.7,   0.0,1549.0,628
:BI,   +17,    +0,    +2,    -2,A
:BS,    +0,   -17,    +2,A
:BE,    +0,   -17,    +2,A
:BD,       -0.45,        +0.18,        +0.03,   1.52,  0.00
:SA,   +0.00,   +0.00,  0.00
:TS,04010106292653,35.0, +31.7,   0.0,1549.0,622
:BI,   +16,    +0,    +9,    +0,A
:BS,    +0,   -16,    +9,A
:BE,    +0,   -16,    +9,A
:BD,       -0.45,        +0.18,        +0.03,   1.52,  0.00
:SA,   +0.00,   +0.00,  0.00
:TS,04010106292672,35.0, +31.6,   0.0,1548.8,623
:BI,    +7,    +5,   +12,    +2,A
:BS,    +5,    -7,   +12,A
:BE,    +5,    -7,   +12,A
:BD,       -0.45,        +0.18,        +0.03,   1.51,  0.00
:SA,   +0.00,   +0.00,  0.00
:TS,04010106292691,35.0, +31.6,   0.0,1548.8,624
:BI,    +0,   +12,    +4,    +2,A
:BS,   +12,    +0,    +4,A
:BE,   +12,    +0,    +4,A
:BD,       -0.44,        +0.18,        +0.03,   1.52,  0.00
:SA,   +0.00,   +0.00,  0.00
:TS,04010106292707,35.0, +31.6,   0.0,1548.8,621
:BI,    -1,   +16,    +3,    +0,A
:BS,   +16,    +1,    +3,A
:BE,   +16,    +1,    +3,A
:BD,       -0.44,        +0.18,        +0.03,   1.48,  0.00
:SA,   +0.00,   +0.00,  0.00
:TS,04010106292724,35.0, +31.6,   0.0,1548.8,627
:BI,    +5,   +16,    +6,    +0,A
:BS,   +16,    -5,    +6,A
:BE,   +16,    -5,    +6,A
:BD,       -0.44,        +0.18,        +0.03,   1.48,  0.00
:SA,   +0.00,   +0.00,  0.00
:TS,04010106292741,35.0, +31.6,   0.0,1548.8,628
:BI,    +4,   +15,    +2,    +1,A
:BS,   +15,    -4,    +2,A
:BE,   +15,    -4,    +2,A
:BD,       -0.44,        +0.18,        +0.03,   1.49,  0.00
:SA,   +0.00,   +0.00,  0.00
:TS,04010106292758,35.0, +31.6,   0.0,1548.8,622
:BI,    -9,   +10,    -3,    +2,A
:BS,   +10,    +9,    -3,A
:BE,   +10,    +9,    -3,A
:BD,       -0.44,        +0.18,        +0.03,   1.48,  0.00
:SA,   +0.00,   +0.00,  0.00
:TS,04010106292775,35.0, +31.6,   0.0,1548.8,623
:BI,   -14,    +4,    +6,    -1,A
:BS,    +4,   +14,    +6,A
:BE,    +4,   +14,    +6,A
:BD,       -0.44,        +0.18,        +0.03,   1.47,  0.00
:SA,   +0.00,   +0.00,  0.00
:TS,04010106292795,35.0, +31.6,   0.0,1548.8,624
:BI,    +0,    +4,   +11,    +0,A
:BS,    +4,    +0,   +11,A
:BE,    +4,    +0,   +11,A
:BD,       -0.43,        +0.18,        +0.04,   1.48,  0.00
:SA,   +0.00,   +0.00,  0.00
:TS,04010106292812,35.0, +31.6,   0.0,1548.8,621
:BI,    +5,   +11,    +0,    +1,A
:BS,   +11,    -5,    +0,A
:BE,   +11,    -5,    +0,A
:BD,       -0.43,        +0.18,        +0.04,   1.48,  0.00
:SA,   +0.00,   +0.00,  0.00
:TS,04010106292829,35.0, +31.6,   0.0,1548.8,627
:BI,    +3,   +19,    -9,    +0,A
:BS,   +19,    -3,    -9,A
:BE,   +19,    -3,    -9,A
:BD,       -0.43,        +0.18,        +0.04,   1.48,  0.00
:SA,   +0.00,   +0.00,  0.00
:TS,04010106292845,35.0, +31.6,   0.0,1548.8,628
:BI,    +8,   +19,    -9,    -1,A
:BS,   +19,    -8,    -9,A
:BE,   +19,    -8,    -9,A
:BD,       -0.43,        +0.18,        +0.04,   1.51,  0.00
:SA,   +0.00,   +0.00,  0.00
:TS,04010106292861,35.0, +31.6,   0.0,1548.8,622
:BI,   +18,   +16,    -4,    +0,A
:BS,   +16,   -18,    -4,A
:BE,   +16,   -18,    -4,A
:BD,       -0.43,        +0.18,        +0.04,   1.50,  0.00
:SA,   +0.00,   +0.00,  0.00
:TS,04010106292878,35.0, +31.6,   0.0,1548.8,623
:BI,   +15,   +12,    +4,    +0,A
:BS,   +12,   -15,    +4,A
:BE,   +12,   -15,    +4,A
:BD,       -0.42,        +0.18,        +0.04,   1.52,  0.00
:SA,   +0.00,   +0.00,  0.00
:TS,04010106292895,35.0, +31.6,   0.0,1548.8,624
:BI,    +0,   +12,   +10,    +0,A
:BS,   +12,    +0,   +10,A
:BE,   +12,    +0,   +10,A
:BD,       -0.42,        +0.18,        +0.04,   1.52,  0.00
:SA,   +0.00,   +0.00,  0.00
:TS,04010106292915,35.0, +31.7,   0.0,1549.0,621
:BI,    -3,    +8,    +5,    +4,A
:BS,    +8,    +3,    +5,A
:BE,    +8,    +3,    +5,A
:BD,       -0.42,        +0.17,        +0.04,   1.52,  0.00
:SA,   +0.00,   +0.00,  0.00
:TS,04010106292932,35.0, +31.7,   0.0,1549.0,627
:BI,    +2,   +15,   -37,    +4,A
:BS,   +15,    -2,   -37,A
:BE,   +15,    -2,   -37,A
:BD,       -0.42,        +0.17,        +0.04,   1.52,  0.00
:SA,   +0.00,   +0.00,  0.00
:TS,04010106292949,35.0, +31.7,   0.0,1549.0,628
:BI,    +0,   +27,   -67,    +3,A
:BS,   +27,    +0,   -67,A
:BE,   +27,    +0,   -67,A
:BD,       -0.41,        +0.17,        +0.03,   1.50,  0.00
:SA,   +0.00,   +0.00,  0.00
:TS,04010106292966,35.0, +31.7,   0.0,1549.0,622
:BI,    -9,   +38,   -75,    +1,A
:BS,   +38,    +9,   -75,A
:BE,   +38,    +9,   -75,A
:BD,       -0.41,        +0.17,        +0.03,   1.49,  0.00
:SA,   +0.00,   +0.00,  0.00
:TS,04010106292983,35.0, +31.7,   0.0,1549.0,623
:BI,   -15,   +38,   -58,    -2,A
:BS,   +38,   +15,   -58,A
:BE,   +38,   +15,   -58,A
:BD,       -0.41,        +0.17,        +0.02,   1.49,  0.00
:SA,   +0.00,   +0.00,  0.00
:TS,04010106293000,35.0, +31.7,   0.0,1549.0,624
:BI,   -11,   +34,   -35,    +0,A
:BS,   +34,   +11,   -35,A
:BE,   +34,   +11,   -35,A
:BD,       -0.40,        +0.18,        +0.01,   1.49,  0.00
:SA,   +0.00,   +0.00,  0.00
:TS,04010106293017,35.0, +31.7,   0.0,1549.0,621
:BI,    +5,   +28,   -43,    +5,A
:BS,   +28,    -5,   -43,A
:BE,   +28,    -5,   -43,A
:BD,       -0.40,        +0.18,        +0.01,   1.50,  0.00
:SA,   +0.00,   +0.00,  0.00
:TS,04010106293037,35.0, +31.7,   0.0,1549.0,627
:BI,   +11,   +30,   -78,    +5,A
:BS,   +30,   -11,   -78,A
:BE,   +30,   -11,   -78,A
:BD,       -0.39,        +0.18,       -0.00,   1.47,  0.00
:SA,   +0.00,   +0.00,  0.00
:TS,04010106293054,35.0, +31.7,   0.0,1549.0,628
:BI,   +10,   +33,   -93,    +2,A
:BS,   +33,   -10,   -93,A
:BE,   +33,   -10,   -93,A
:BD,       -0.39,        +0.17,       -0.02,   1.47,  0.00
:SA,   +0.00,   +0.00,  0.00
:TS,04010106293071,35.0, +31.7,   0.0,1549.0,622
:BI,    +4,   +33,   -99,    +2,A
:BS,   +33,    -4,   -99,A
:BE,   +33,    -4,   -99,A
:BD,       -0.38,        +0.17,       -0.03,   1.46,  0.00
:SA,   +0.00,   +0.00,  0.00
:TS,04010106293088,35.0, +31.7,   0.0,1549.0,623
:BI,    -6,   +32,  -105,    +3,A
:BS,   +32,    +6,  -105,A
:BE,   +32,    +6,  -105,A
:BD,       -0.38,        +0.17,       -0.04,   1.45,  0.00
:SA,   +0.00,   +0.00,  0.00
:TS,04010106293105,35.0, +31.7,   0.0,1549.0,624
:BI,   -12,   +30,  -110,    +2,A
:BS,   +30,   +12,  -110,A
:BE,   +30,   +12,  -110,A
:BD,       -0.37,        +0.17,       -0.06,   1.42,  0.00
:SA,   +0.00,   +0.00,  0.00
:TS,04010106293121,35.0, +31.7,   0.0,1549.0,621
:BI,   -15,   +28,  -112,    +1,A
:BS,   +28,   +15,  -112,A
:BE,   +28,   +15,  -112,A
:BD,       -0.37,        +0.18,       -0.07,   1.41,  0.00
:SA,   +0.00,   +0.00,  0.00
:TS,04010106293138,35.0, +31.7,   0.0,1549.0,627
:BI,   -17,   +28,  -112,    +0,A
:BS,   +28,   +17,  -112,A
:BE,   +28,   +17,  -112,A
:BD,       -0.36,        +0.18,       -0.09,   1.40,  0.00
:SA,   +0.00,   +0.00,  0.00
:TS,04010106293158,35.0, +31.6,   0.0,1548.8,628
:BI,   -25,   +27,  -106,    +0,A
:BS,   +27,   +25,  -106,A
:BE,   +27,   +25,  -106,A
:BD,       -0.36,        +0.18,       -0.11,   1.38,  0.00
:SA,   +0.00,   +0.00,  0.00
:TS,04010106293175,35.0, +31.6,   0.0,1548.8,622
:BI,   -29,   +21,   -95,    +0,A
:BS,   +21,   +29,   -95,A
:BE,   +21,   +29,   -95,A
:BD,       -0.35,        +0.18,       -0.12,   1.35,  0.00
:SA,   +0.00,   +0.00,  0.00
:TS,04010106293192,35.0, +31.6,   0.0,1548.8,623
:BI,   -32,   +14,   -91,    +0,A
:BS,   +14,   +32,   -91,A
:BE,   +14,   +32,   -91,A
:BD,       -0.35,        +0.19,       -0.14,   1.34,  0.00
:SA,   +0.00,   +0.00,  0.00
:TS,04010106293208,35.0, +31.6,   0.0,1548.8,624
:BI,   -37,   +10,   -91,    +2,A
:BS,   +10,   +37,   -91,A
:BE,   +10,   +37,   -91,A
:BD,       -0.34,        +0.19,       -0.16,   1.34,  0.00
:SA,   +0.00,   +0.00,  0.00
:TS,04010106293225,35.0, +31.6,   0.0,1548.8,621
:BI,   -37,    +8,   -95,    +1,A
:BS,    +8,   +37,   -95,A
:BE,    +8,   +37,   -95,A
:BD,       -0.34,        +0.19,       -0.17,   1.32,  0.00
:SA,   +0.00,   +0.00,  0.00
:TS,04010106293242,35.0, +31.6,   0.0,1548.8,627
:BI,   -42,    +8,   -93,    +0,A
:BS,    +8,   +42,   -93,A
:BE,    +8,   +42,   -93,A
:BD,       -0.34,        +0.20,       -0.19,   1.30,  0.00
:SA,   +0.00,   +0.00,  0.00
:TS,04010106293258,35.0, +31.6,   0.0,1548.8,628
:BI,   -43,    +8,   -89,    +0,A
:BS,    +8,   +43,   -89,A
:BE,    +8,   +43,   -89,A
:BD,       -0.34,        +0.21,       -0.20,   1.28,  0.00
:SA,   +0.00,   +0.00,  0.00
:TS,04010106293274,35.0, +31.6,   0.0,1548.8,622
:BI,   -44,    +8,   -85,    +0,A
:BS,    +8,   +44,   -85,A
:BE,    +8,   +44,   -85,A
:BD,       -0.33,        +0.21,       -0.22,   1.26,  0.00
:SA,   +0.00,   +0.00,  0.00
:TS,04010106293294,35.0, +31.7,   0.0,1549.0,623
:BI,   -46,    +9,   -84,    +0,A
:BS,    +9,   +46,   -84,A
:BE,    +9,   +46,   -84,A
:BD,       -0.33,        +0.22,       -0.23,   1.24,  0.00
:SA,   +0.00,   +0.00,  0.00
:TS,04010106293312,35.0, +31.7,   0.0,1549.0,624
:BI,   -45,   +10,   -84,    -2,A
:BS,   +10,   +45,   -84,A
:BE,   +10,   +45,   -84,A
:BD,       -0.33,        +0.23,       -0.25,   1.22,  0.00
:SA,   +0.00,   +0.00,  0.00
:TS,04010106293327,35.0, +31.7,   0.0,1549.0,621
:BI,   -45,   +10,   -82,    +0,A
:BS,   +10,   +45,   -82,A
:BE,   +10,   +45,   -82,A
:BD,       -0.33,        +0.23,       -0.26,   1.21,  0.00
:SA,   +0.00,   +0.00,  0.00
:TS,04010106293343,35.0, +31.7,   0.0,1549.0,627
:BI,   -42,    +9,   -82,    +0,A
:BS,    +9,   +42,   -82,A
:BE,    +9,   +42,   -82,A
:BD,       -0.33,        +0.24,       -0.28,   1.22,  0.00
:SA,   +0.00,   +0.00,  0.00
:TS,04010106293359,35.0, +31.7,   0.0,1549.0,628
:BI,   -40,    +7,   -82,    +1,A
:BS,    +7,   +40,   -82,A
:BE,    +7,   +40,   -82,A
:BD,       -0.33,        +0.25,       -0.29,   1.19,  0.00
:SA,   +0.00,   +0.00,  0.00
:TS,04010106293375,35.0, +31.7,   0.0,1549.0,622
:BI,  -163,    +6,   -46,   +92,A
:BS,    +6,  +163,   -46,A
:BE,    +6,  +163,   -46,A
:BD,       -0.32,        +0.26,       -0.30,   1.19,  0.00
:SA,   +0.00,   +0.00,  0.00
:TS,04010106293391,35.0, +31.7,   0.0,1549.0,623
:BI,   -34,    +3,   -87,    -1,A
:BS,    +3,   +34,   -87,A
:BE,    +3,   +34,   -87,A
:BD,       -0.32,        +0.27,       -0.32,   1.12,  0.00
:SA,   +0.00,   +0.00,  0.00
:TS,04010106293407,35.0, +31.7,   0.0,1549.0,624
:BI,   -33,    +0,   -92,    +0,A
:BS,    +0,   +33,   -92,A
:BE,    +0,   +33,   -92,A
:BD,       -0.32,        +0.28,       -0.33,   1.10,  0.00
:SA,   +0.00,   +0.00,  0.00
:TS,04010106293425,35.0, +31.7,   0.0,1549.0,621
:BI,   -33,    +0,   -95,    +0,A
:BS,    +0,   +33,   -95,A
:BE,    +0,   +33,   -95,A
:BD,       -0.32,        +0.28,       -0.34,   1.08,  0.00
:SA,   +0.00,   +0.00,  0.00
:TS,04010106293443,35.0, +31.7,   0.0,1549.0,627
:BI,   -31,    -1,   -96,    +0,A
:BS,    -1,   +31,   -96,A
:BE,    -1,   +31,   -96,A
:BD,       -0.32,        +0.29,       -0.36,   1.06,  0.00
:SA,   +0.00,   +0.00,  0.00
:TS,04010106293459,35.0, +31.7,   0.0,1549.0,628
:BI,   -27,    -3,   -94,    +0,A
:BS,    -3,   +27,   -94,A
:BE,    -3,   +27,   -94,A
:BD,       -0.32,        +0.30,       -0.37,   1.04,  0.00
:SA,   +0.00,   +0.00,  0.00
:TS,04010106293475,35.0, +31.7,   0.0,1549.0,622
:BI,   -28,    -6,   -83,    -2,A
:BS,    -6,   +28,   -83,A
:BE,    -6,   +28,   -83,A
:BD,       -0.32,        +0.31,       -0.39,   1.04,  0.00
:SA,   +0.00,   +0.00,  0.00
:TS,04010106293491,35.0, +31.7,   0.0,1549.0,623
:BI,   -23,    -9,   -73,    +0,A
:BS,    -9,   +23,   -73,A
:BE,    -9,   +23,   -73,A
:BD,       -0.32,        +0.31,       -0.40,   1.03,  0.00
:SA,   +0.00,   +0.00,  0.00
:TS,04010106293508,35.0, +31.7,   0.0,1549.0,624
:BI,   -19,   -13,   -68,    +0,A
:BS,   -13,   +19,   -68,A
:BE,   -13,   +19,   -68,A
:BD,       -0.32,        +0.32,       -0.41,   1.02,  0.00
:SA,   +0.00,   +0.00,  0.00
:TS,04010106293524,35.0, +31.7,   0.0,1549.0,621
:BI,   -15,   -15,   -66,    +0,A
:BS,   -15,   +15,   -66,A
:BE,   -15,   +15,   -66,A
:BD,       -0.32,        +0.32,       -0.43,   1.01,  0.00
:SA,   +0.00,   +0.00,  0.00
:TS,04010106293540,35.0, +31.7,   0.0,1549.0,627
:BI,   -10,   -16,   -66,    +0,A
:BS,   -16,   +10,   -66,A
:BE,   -16,   +10,   -66,A
:BD,       -0.32,        +0.32,       -0.44,   0.99,  0.00
:SA,   +0.00,   +0.00,  0.00
:TS,04010106293559,35.0, +31.6,   0.0,1548.8,628
:BI,    -7,   -18,   -65,    +0,A
:BS,   -18,    +7,   -65,A
:BE,   -18,    +7,   -65,A
:BD,       -0.33,        +0.33,       -0.45,   0.99,  0.00
:SA,   +0.00,   +0.00,  0.00
:TS,04010106293577,35.0, +31.6,   0.0,1548.8,622
:BI,    -6,   -18,   -63,    +0,A
:BS,   -18,    +6,   -63,A
:BE,   -18,    +6,   -63,A
:BD,       -0.33,        +0.33,       -0.46,   0.97,  0.00
:SA,   +0.00,   +0.00,  0.00
:TS,04010106293593,35.0, +31.6,   0.0,1548.8,623
:BI,    -7,   -17,   -56,    -1,A
:BS,   -17,    +7,   -56,A
:BE,   -17,    +7,   -56,A
:BD,       -0.33,        +0.33,       -0.48,   0.96,  0.00
:SA,   +0.00,   +0.00,  0.00
:TS,04010106293609,35.0, +31.6,   0.0,1548.8,624
:BI,    -5,   -17,   -43,    +0,A
:BS,   -17,    +5,   -43,A
:BE,   -17,    +5,   -43,A
:BD,       -0.33,        +0.33,       -0.49,   0.96,  0.00
:SA,   +0.00,   +0.00,  0.00
:TS,04010106293625,35.0, +31.6,   0.0,1548.8,621
:BI,    +0,   -18,   -32,    +0,A
:BS,   -18,    +0,   -32,A
:BE,   -18,    +0,   -32,A
:BD,       -0.34,        +0.34,       -0.49,   0.95,  0.00
:SA,   +0.00,   +0.00,  0.00
:TS,04010106293641,35.0, +31.6,   0.0,1548.8,627
:BI,    +5,   -19,   -24,    +0,A
:BS,   -19,    -5,   -24,A
:BE,   -19,    -5,   -24,A
:BD,       -0.34,        +0.34,       -0.50,   0.95,  0.00
:SA,   +0.00,   +0.00,  0.00
:TS,04010106293657,35.0, +31.6,   0.0,1548.8,628
:BI,    +7,   -21,   -19,    -2,A
:BS,   -21,    -7,   -19,A
:BE,   -21,    -7,   -19,A
:BD,       -0.34,        +0.34,       -0.51,   0.93,  0.00
:SA,   +0.00,   +0.00,  0.00
:TS,04010106293674,35.0, +31.6,   0.0,1548.8,622
:BI,    +6,   -24,   -15,-32768,A
:BS,   -24,    -6,   -15,A
:BE,   -24,    -6,   -15,A
:BD,       -0.34,        +0.34,       -0.51,   0.94,  0.00
:SA,   +0.00,   +0.00,  0.00
:TS,04010106293690,35.0, +31.7,   0.0,1549.0,623
:BI,    +7,   -26,   -11,-32768,A
:BS,   -26,    -7,   -11,A
:BE,   -26,    -7,   -11,A
:BD,       -0.35,        +0.34,       -0.52,   0.99,  0.00
:SA,   +0.00,   +0.00,  0.00
:TS,04010106293705,35.0, +31.7,   0.0,1549.0,624
:BI,    +7,   -28,    -7,-32768,A
:BS,   -28,    -7,    -7,A
:BE,   -28,    -7,    -7,A
:BD,       -0.35,        +0.34,       -0.52,   0.99,  0.00
:SA,   +0.00,   +0.00,  0.00
:TS,04010106293720,35.0, +31.7,   0.0,1549.0,621
:BI,   +10,   -26,    -5,-32768,A
:BS,   -26,   -10,    -5,A
:BE,   -26,   -10,    -5,A
:BD,       -0.36,        +0.33,       -0.52,   0.99,  0.00
:SA,   +0.00,   +0.00,  0.00
:TS,04010106293735,35.0, +31.7,   0.0,1549.0,627
:BI,   +13,   -24,    -2,-32768,A
:BS,   -24,   -13,    -2,A
:BE,   -24,   -13,    -2,A
:BD,       -0.36,        +0.33,       -0.53,   0.98,  0.00
:SA,   +0.00,   +0.00,  0.00
:TS,04010106293750,35.0, +31.7,   0.0,1549.0,628
:BI,  -114,   -23,   +39,   +93,A
:BS,   -23,  +114,   +39,A
:BE,   -23,  +114,   +39,A
:BD,       -0.36,        +0.34,       -0.53,   0.99,  0.00
:SA,   +0.00,   +0.00,  0.00
:TS,04010106293766,35.0, +31.7,   0.0,1549.0,622
:BI,   +19,   -22,    +2,-32768,A
:BS,   -22,   -19,    +2,A
:BE,   -22,   -19,    +2,A
:BD,       -0.37,        +0.34,       -0.53,   0.98,  0.00
:SA,   +0.00,   +0.00,  0.00
:TS,04010106293780,35.0, +31.7,   0.0,1549.0,623
:BI,   +24,   -21,    +2,-32768,A
:BS,   -21,   -24,    +2,A
:BE,   -21,   -24,    +2,A
:BD,       -0.37,        +0.34,       -0.53,   0.98,  0.00
:SA,   +0.00,   +0.00,  0.00
:TS,04010106293795,35.0, +31.7,   0.0,1549.0,624
:BI,   +26,   -18,    +2,-32768,A
:BS,   -18,   -26,    +2,A
:BE,   -18,   -26,    +2,A
:BD,       -0.37,        +0.34,       -0.53,   0.99,  0.00
:SA,   +0.00,   +0.00,  0.00
:TS,04010106293813,35.0, +31.7,   0.0,1549.0,621
:BI,   +32,   -15,    +3,    -2,A
:BS,   -15,   -32,    +3,A
:BE,   -15,   -32,    +3,A
:BD,       -0.38,        +0.34,       -0.53,   0.99,  0.00
:SA,   +0.00,   +0.00,  0.00
:TS,04010106293830,35.0, +31.7,   0.0,1549.0,627
:BI,   +33,   -13,    +6,    -2,A
:BS,   -13,   -33,    +6,A
:BE,   -13,   -33,    +6,A
:BD,       -0.38,        +0.33,       -0.52,   1.00,  0.00
:SA,   +0.00,   +0.00,  0.00
:TS,04010106293845,35.0, +31.7,   0.0,1549.0,628
:BI,   +33,   -11,    +8,    +0,A
:BS,   -11,   -33,    +8,A
:BE,   -11,   -33,    +8,A
:BD,       -0.38,        +0.33,       -0.52,   0.99,  0.00
:SA,   +0.00,   +0.00,  0.00
:TS,04010106293861,35.0, +31.7,   0.0,1549.0,622
:BI,   +34,   -11,   +10,    +0,A
:BS,   -11,   -34,   +10,A
:BE,   -11,   -34,   +10,A
:BD,       -0.38,        +0.33,       -0.52,   0.99,  0.00
:SA,   +0.00,   +0.00,  0.00
:TS,04010106293877,35.0, +31.7,   0.0,1549.0,623
:BI,   +36,    -9,    +9,    +0,A
:BS,    -9,   -36,    +9,A
:BE,    -9,   -36,    +9,A
:BD,       -0.39,        +0.32,       -0.52,   0.99,  0.00
:SA,   +0.00,   +0.00,  0.00
:TS,04010106293893,35.0, +31.7,   0.0,1549.0,624
:BI,   +35,    -7,    +9,    +1,A
:BS,    -7,   -35,    +9,A
:BE,    -7,   -35,    +9,A
:BD,       -0.39,        +0.32,       -0.52,   0.98,  0.00
:SA,   +0.00,   +0.00,  0.00
:TS,04010106293909,35.0, +31.7,   0.0,1549.0,621
:BI,   +38,    -7,    +9,    +1,A
:BS,    -7,   -38,    +9,A
:BE,    -7,   -38,    +9,A
:BD,       -0.39,        +0.31,       -0.52,   0.99,  0.00
:SA,   +0.00,   +0.00,  0.00
:TS,04010106293924,35.0, +31.7,   0.0,1549.0,627
:BI,   +38,    -7,   +10,    +1,A
:BS,    -7,   -38,   +10,A
:BE,    -7,   -38,   +10,A
:BD,       -0.39,        +0.31,       -0.52,   1.00,  0.00
:SA,   +0.00,   +0.00,  0.00
:TS,04010106293941,35.0, +31.6,   0.0,1548.8,628
:BI,   +39,    -6,   +12,    +0,A
:BS,    -6,   -39,   +12,A
:BE,    -6,   -39,   +12,A
:BD,       -0.39,        +0.30,       -0.52,   1.00,  0.00
:SA,   +0.00,   +0.00,  0.00
:TS,04010106293959,35.0, +31.6,   0.0,1548.8,622
:BI,   +40,    -7,   +16,    +0,A
:BS,    -7,   -40,   +16,A
:BE,    -7,   -40,   +16,A
:BD,       -0.39,        +0.30,       -0.52,   0.99,  0.00
:SA,   +0.00,   +0.00,  0.00
:TS,04010106293974,35.0, +31.6,   0.0,1548.8,623
:BI,   +40,    -8,   +19,    +0,A
:BS,    -8,   -40,   +19,A
:BE,    -8,   -40,   +19,A
:BD,       -0.40,        +0.29,       -0.51,   0.99,  0.00
:SA,   +0.00,   +0.00,  0.00
:TS,04010106293990,35.0, +31.6,   0.0,1548.8,624
:BI,   +39,   -11,   +23,    +0,A
:BS,   -11,   -39,   +23,A
:BE,   -11,   -39,   +23,A
:BD,       -0.40,        +0.28,       -0.51,   1.00,  0.00
:SA,   +0.00,   +0.00,  0.00
:TS,04010106294006,35.0, +31.6,   0.0,1548.8,621
:BI,   +40,   -15,   +25,    +0,A
:BS,   -15,   -40,   +25,A
:BE,   -15,   -40,   +25,A
:BD,       -0.40,        +0.28,       -0.51,   0.99,  0.00
:SA,   +0.00,   +0.00,  0.00
:TS,04010106294021,35.0, +31.6,   0.0,1548.8,627
:BI,   +41,   -18,   +27,    -2,A
:BS,   -18,   -41,   +27,A
:BE,   -18,   -41,   +27,A
:BD,       -0.40,        +0.27,       -0.51,   1.01,  0.00
:SA,   +0.00,   +0.00,  0.00
:TS,04010106294036,35.0, +31.6,   0.0,1548.8,628
:BI,   +39,   -23,   +27,    +0,A
:BS,   -23,   -39,   +27,A
:BE,   -23,   -39,   +27,A
:BD,       -0.40,        +0.27,       -0.50,   1.01,  0.00
:SA,   +0.00,   +0.00,  0.00
:TS,04010106294052,35.0, +31.6,   0.0,1548.8,622
:BI,   +37,   -26,   +25,    +0,A
:BS,   -26,   -37,   +25,A
:BE,   -26,   -37,   +25,A
:BD,       -0.41,        +0.26,       -0.50,   1.01,  0.00
:SA,   +0.00,   +0.00,  0.00
:TS,04010106294070,35.0, +31.6,   0.0,1548.8,623
:BI,   +34,   -27,   +24,    +0,A
:BS,   -27,   -34,   +24,A
:BE,   -27,   -34,   +24,A
:BD,       -0.41,        +0.25,       -0.49,   1.00,  0.00
:SA,   +0.00,   +0.00,  0.00
:TS,04010106294087,35.0, +31.6,   0.0,1548.8,624
:BI,   +30,   -27,   +24,    +0,A
:BS,   -27,   -30,   +24,A
:BE,   -27,   -30,   +24,A
:BD,       -0.41,        +0.25,       -0.49,   1.01,  0.00
:SA,   +0.00,   +0.00,  0.00
:TS,04010106294102,35.0, +31.6,   0.0,1548.8,621
:BI,   +29,   -27,   +25,    +0,A
:BS,   -27,   -29,   +25,A
:BE,   -27,   -29,   +25,A
:BD,       -0.42,        +0.24,       -0.49,   1.02,  0.00
:SA,   +0.00,   +0.00,  0.00
:TS,04010106294118,35.0, +31.6,   0.0,1548.8,627
:BI,   +24,   -27,   +30,    +0,A
:BS,   -27,   -24,   +30,A
:BE,   -27,   -24,   +30,A
:BD,       -0.42,        +0.24,       -0.48,   1.02,  0.00
:SA,   +0.00,   +0.00,  0.00
:TS,04010106294134,35.0, +31.6,   0.0,1548.8,628
:BI,   +25,   -26,   +32,    +0,A
:BS,   -26,   -25,   +32,A
:BE,   -26,   -25,   +32,A
:BD,       -0.42,        +0.23,       -0.48,   1.03,  0.00
:SA,   +0.00,   +0.00,  0.00
:TS,04010106294150,35.0, +31.6,   0.0,1548.8,622
:BI,   +25,   -26,   +28,    +0,A
:BS,   -26,   -25,   +28,A
:BE,   -26,   -25,   +28,A
:BD,       -0.43,        +0.23,       -0.47,   1.03,  0.00
:SA,   +0.00,   +0.00,  0.00
:TS,04010106294165,35.0, +31.6,   0.0,1548.8,623
:BI,   +25,   -25,   +24,    +2,A
:BS,   -25,   -25,   +24,A
:BE,   -25,   -25,   +24,A
:BD,       -0.43,        +0.22,       -0.47,   1.04,  0.00
:SA,   +0.00,   +0.00,  0.00
:TS,04010106294180,35.0, +31.6,   0.0,1548.8,624
:BI,   +27,   -28,   +20,    +2,A
:BS,   -28,   -27,   +20,A
:BE,   -28,   -27,   +20,A
:BD,       -0.44,        +0.22,       -0.47,   1.04,  0.00
:SA,   +0.00,   +0.00,  0.00
:TS,04010106294198,35.0, +31.6,   0.0,1548.8,621
:BI,   +36,   -29,   +14,    -2,A
:BS,   -29,   -36,   +14,A
:BE,   -29,   -36,   +14,A
:BD,       -0.44,        +0.22,       -0.46,   1.04,  0.00
:SA,   +0.00,   +0.00,  0.00
:TS,04010106294215,35.0, +31.6,   0.0,1548.8,627
:BI,   +38,   -30,   +10,    +0,A
:BS,   -30,   -38,   +10,A
:BE,   -30,   -38,   +10,A
:BD,       -0.45,        +0.21,       -0.46,   1.05,  0.00
:SA,   +0.00,   +0.00,  0.00
:TS,04010106294231,35.0, +31.6,   0.0,1548.8,628
:BI,   +34,   -31,   +12,    +1,A
:BS,   -31,   -34,   +12,A
:BE,   -31,   -34,   +12,A
:BD,       -0.45,        +0.20,       -0.46,   1.05,  0.00
:SA,   +0.00,   +0.00,  0.00
:TS,04010106294247,35.0, +31.6,   0.0,1548.8,622
:BI,   +30,   -32,   +10,    +3,A
:BS,   -32,   -30,   +10,A
:BE,   -32,   -30,   +10,A
:BD,       -0.45,        +0.20,       -0.45,   1.05,  0.00
:SA,   +0.00,   +0.00,  0.00
:TS,04010106294262,35.0, +31.6,   0.0,1548.8,623
:BI,   +21,   -33,   +10,    +2,A
:BS,   -33,   -21,   +10,A
:BE,   -33,   -21,   +10,A
:BD,       -0.46,        +0.20,       -0.45,   1.05,  0.00
:SA,   +0.00,   +0.00,  0.00
:TS,04010106294277,35.0, +31.6,   0.0,1548.8,624
:BI,   +12,   -33,    +8,    +2,A
:BS,   -33,   -12,    +8,A
:BE,   -33,   -12,    +8,A
:BD,       -0.46,        +0.19,       -0.45,   1.05,  0.00
:SA,   +0.00,   +0.00,  0.00
:TS,04010106294292,35.0, +31.6,   0.0,1548.8,621
:BI,    +6,   -34,   +15,    +0,A
:BS,   -34,    -6,   +15,A
:BE,   -34,    -6,   +15,A
:BD,       -0.47,        +0.19,       -0.45,   1.05,  0.00
:SA,   +0.00,   +0.00,  0.00
:TS,04010106294307,35.0, +31.6,   0.0,1548.8,627
:BI,    +3,   -33,   +14,    +0,A
:BS,   -33,    -3,   +14,A
:BE,   -33,    -3,   +14,A
:BD,       -0.47,        +0.19,       -0.45,   1.05,  0.00
:SA,   +0.00,   +0.00,  0.00
:TS,04010106294325,35.0, +31.7,   0.0,1549.0,628
:BI,    +3,   -26,   +10,    +0,A
:BS,   -26,    -3,   +10,A
:BE,   -26,    -3,   +10,A
:BD,       -0.48,        +0.18,       -0.44,   1.05,  0.00
:SA,   +0.00,   +0.00,  0.00
:TS,04010106294342,35.0, +31.7,   0.0,1549.0,622
:BI,    +5,   -15,    +6,    +0,A
:BS,   -15,    -5,    +6,A
:BE,   -15,    -5,    +6,A
:BD,       -0.48,        +0.18,       -0.44,   1.05,  0.00
:SA,   +0.00,   +0.00,  0.00
:TS,04010106294357,35.0, +31.7,   0.0,1549.0,623
:BI,    +7,    -7,    +4,-32768,A
:BS,    -7,    -7,    +4,A
:BE,    -7,    -7,    +4,A
:BD,       -0.49,        +0.18,       -0.44,   1.02,  0.00
:SA,   +0.00,   +0.00,  0.00
:TS,04010106294371,35.0, +31.7,   0.0,1549.0,624
:BI,    +8,    +0,    +3,    +0,A
:BS,    +0,    -8,    +3,A
:BE,    +0,    -8,    +3,A
:BD,       -0.49,        +0.18,       -0.44,   1.06,  0.00
:SA,   +0.00,   +0.00,  0.00
:TS,04010106294386,35.0, +31.7,   0.0,1549.0,621
:BI,    +6,    +5,    +4,    +0,A
:BS,    +5,    -6,    +4,A
:BE,    +5,    -6,    +4,A
:BD,       -0.49,        +0.18,       -0.44,   1.05,  0.00
:SA,   +0.00,   +0.00,  0.00
:TS,04010106294401,35.0, +31.7,   0.0,1549.0,627
:BI,    +2,    +6,    +6,    +0,A
:BS,    +6,    -2,    +6,A
:BE,    +6,    -2,    +6,A
:BD,       -0.49,        +0.18,       -0.44,   1.04,  0.00
:SA,   +0.00,   +0.00,  0.00
:TS,04010106294416,35.0, +31.7,   0.0,1549.0,628
:BI,    -4,    +9,    +8,    +0,A
:BS,    +9,    +4,    +8,A
:BE,    +9,    +4,    +8,A
:BD,       -0.49,        +0.18,       -0.44,   1.05,  0.00
:SA,   +0.00,   +0.00,  0.00
:TS,04010106294431,35.0, +31.7,   0.0,1549.0,622
:BI,   -11,    +9,    +9,    +0,A
:BS,    +9,   +11,    +9,A
:BE,    +9,   +11,    +9,A
:BD,       -0.49,        +0.18,       -0.44,   1.05,  0.00
:SA,   +0.00,   +0.00,  0.00
:TS,04010106294449,35.0, +31.6,   0.0,1548.8,623
:BI,   -21,   +11,    +9,    +3,A
:BS,   +11,   +21,    +9,A
:BE,   +11,   +21,    +9,A
:BD,       -0.49,        +0.18,       -0.43,   1.07,  0.00
:SA,   +0.00,   +0.00,  0.00
:TS,04010106294466,35.0, +31.6,   0.0,1548.8,624
:BI,   -26,   +10,    +7,    +1,A
:BS,   +10,   +26,    +7,A
:BE,   +10,   +26,    +7,A
:BD,       -0.49,        +0.18,       -0.43,   1.06,  0.00
:SA,   +0.00,   +0.00,  0.00
:TS,04010106294482,35.0, +31.6,   0.0,1548.8,621
:BI,   -30,   +11,    +5,    +1,A
:BS,   +11,   +30,    +5,A
:BE,   +11,   +30,    +5,A
:BD,       -0.49,        +0.18,       -0.43,   1.08,  0.00
:SA,   +0.00,   +0.00,  0.00
:TS,04010106294498,35.0, +31.6,   0.0,1548.8,627
:BI,   -32,   +13,    +3,    +0,A
:BS,   +13,   +32,    +3,A
:BE,   +13,   +32,    +3,A
:BD,       -0.49,        +0.18,       -0.43,   1.07,  0.00
:SA,   +0.00,   +0.00,  0.00
:TS,04010106294513,35.0, +31.6,   0.0,1548.8,628
:BI,   -34,   +16,    +3,    +2,A
:BS,   +16,   +34,    +3,A
:BE,   +16,   +34,    +3,A
:BD,       -0.49,        +0.19,       -0.43,   1.08,  0.00
:SA,   +0.00,   +0.00,  0.00
:TS,04010106294528,35.0, +31.6,   0.0,1548.8,622
:BI,   -25,   +22,    +3,    +1,A
:BS,   +22,   +25,    +3,A
:BE,   +22,   +25,    +3,A
:BD,       -0.48,        +0.19,       -0.43,   1.08,  0.00
:SA,   +0.00,   +0.00,  0.00
:TS,04010106294543,35.0, +31.6,   0.0,1548.8,623
:BI,   -19,   +24,    +7,    -2,A
:BS,   +24,   +19,    +7,A
:BE,   +24,   +19,    +7,A
:BD,       -0.48,        +0.19,       -0.43,   1.08,  0.00
:SA,   +0.00,   +0.00,  0.00
:TS,04010106294558,35.0, +31.6,   0.0,1548.8,624
:BI,   -15,   +28,   +10,    -1,A
:BS,   +28,   +15,   +10,A
:BE,   +28,   +15,   +10,A
:BD,       -0.48,        +0.20,       -0.43,   1.07,  0.00
:SA,   +0.00,   +0.00,  0.00
:TS,04010106294575,35.0, +31.6,   0.0,1548.8,621
:BI,   -14,   +31,   +12,    +0,A
:BS,   +31,   +14,   +12,A
:BE,   +31,   +14,   +12,A
:BD,       -0.48,        +0.20,       -0.43,   1.07,  0.00
:SA,   +0.00,   +0.00,  0.00
:TS,04010106294593,35.0, +31.6,   0.0,1548.8,627
:BI,   -15,   +32,   +12,    +0,A
:BS,   +32,   +15,   +12,A
:BE,   +32,   +15,   +12,A
:BD,       -0.47,        +0.20,       -0.42,   1.07,  0.00
:SA,   +0.00,   +0.00,  0.00
:TS,04010106294608,35.0, +31.6,   0.0,1548.8,628
:BI,   -18,   +34,    +9,    +1,A
:BS,   +34,   +18,    +9,A
:BE,   +34,   +18,    +9,A
:BD,       -0.47,        +0.21,       -0.42,   1.07,  0.00
:SA,   +0.00,   +0.00,  0.00
:TS,04010106294624,35.0, +31.6,   0.0,1548.8,622
:BI,   -20,   +29,    +4,    +1,A
:BS,   +29,   +20,    +4,A
:BE,   +29,   +20,    +4,A
:BD,       -0.46,        +0.21,       -0.42,   1.07,  0.00
:SA,   +0.00,   +0.00,  0.00
:TS,04010106294639,35.0, +31.6,   0.0,1548.8,623
:BI,   -22,   +24,    +0,    +0,A
:BS,   +24,   +22,    +0,A
:BE,   +24,   +22,    +0,A
:BD,       -0.46,        +0.21,       -0.42,   1.08,  0.00
:SA,   +0.00,   +0.00,  0.00
:TS,04010106294655,35.0, +31.6,   0.0,1548.8,624
:BI,   -21,   +18,    -4,    +0,A
:BS,   +18,   +21,    -4,A
:BE,   +18,   +21,    -4,A
:BD,       -0.45,        +0.22,       -0.42,   1.07,  0.00
:SA,   +0.00,   +0.00,  0.00
:TS,04010106294670,35.0, +31.6,   0.0,1548.8,621
:BI,   -22,   +15,    -4,    +1,A
:BS,   +15,   +22,    -4,A
:BE,   +15,   +22,    -4,A
:BD,       -0.45,        +0.22,       -0.42,   1.08,  0.00
:SA,   +0.00,   +0.00,  0.00
:TS,04010106294685,35.0, +31.6,   0.0,1548.8,627
:BI,   -17,   +12,    -3,    +0,A
:BS,   +12,   +17,    -3,A
:BE,   +12,   +17,    -3,A
:BD,       -0.45,        +0.22,       -0.42,   1.08,  0.00
:SA,   +0.00,   +0.00,  0.00
:TS,04010106294704,35.0, +31.6,   0.0,1548.8,628
:BI,   -14,   +11,    +0,    -1,A
:BS,   +11,   +14,    +0,A
:BE,   +11,   +14,    +0,A
:BD,       -0.45,        +0.23,       -0.42,   1.08,  0.00
:SA,   +0.00,   +0.00,  0.00
:TS,04010106294721,35.0, +31.6,   0.0,1548.8,622
:BI,   -12,   +12,    +5,    +0,A
:BS,   +12,   +12,    +5,A
:BE,   +12,   +12,    +5,A
:BD,       -0.44,        +0.23,       -0.42,   1.08,  0.00
:SA,   +0.00,   +0.00,  0.00
:TS,04010106294736,35.0, +31.6,   0.0,1548.8,623
:BI,    -8,   +13,    +6,    +0,A
:BS,   +13,    +8,    +6,A
:BE,   +13,    +8,    +6,A
:BD,       -0.44,        +0.23,       -0.42,   1.08,  0.00
:SA,   +0.00,   +0.00,  0.00
:TS,04010106294752,35.0, +31.6,   0.0,1548.8,624
:BI,    -8,   +14,    +7,    +0,A
:BS,   +14,    +8,    +7,A
:BE,   +14,    +8,    +7,A
:BD,       -0.44,        +0.23,       -0.42,   1.07,  0.00
:SA,   +0.00,   +0.00,  0.00
:TS,04010106294768,35.0, +31.6,   0.0,1548.8,621
:BI,    -8,   +14,    +6,    +0,A
:BS,   +14,    +8,    +6,A
:BE,   +14,    +8,    +6,A
:BD,       -0.44,        +0.23,       -0.42,   1.08,  0.00
:SA,   +0.00,   +0.00,  0.00
:TS,04010106294784,35.0, +31.6,   0.0,1548.8,627
:BI,   -10,   +13,    +5,    +0,A
:BS,   +13,   +10,    +5,A
:BE,   +13,   +10,    +5,A
:BD,       -0.43,        +0.24,       -0.42,   1.09,  0.00
:SA,   +0.00,   +0.00,  0.00
:TS,04010106294800,35.0, +31.6,   0.0,1548.8,628
:BI,   -11,   +12,    +5,    +0,A
:BS,   +12,   +11,    +5,A
:BE,   +12,   +11,    +5,A
:BD,       -0.43,        +0.24,       -0.42,   1.09,  0.00
:SA,   +0.00,   +0.00,  0.00
:TS,04010106294816,35.0, +31.6,   0.0,1548.8,622
:BI,   -10,   +10,    +6,    +0,A
:BS,   +10,   +10,    +6,A
:BE,   +10,   +10,    +6,A
:BD,       -0.43,        +0.24,       -0.42,   1.09,  0.00
:SA,   +0.00,   +0.00,  0.00
:TS,04010106294834,35.0, +31.6,   0.0,1548.8,623
:BI,    -9,    +7,    +9,    +0,A
:BS,    +7,    +9,    +9,A
:BE,    +7,    +9,    +9,A
:BD,       -0.43,        +0.24,       -0.41,   1.09,  0.00
:SA,   +0.00,   +0.00,  0.00
:TS,04010106294852,35.0, +31.6,   0.0,1548.8,624
:BI,    -8,    +3,   +11,    +0,A
:BS,    +3,    +8,   +11,A
:BE,    +3,    +8,   +11,A
:BD,       -0.43,        +0.24,       -0.41,   1.09,  0.00
:SA,   +0.00,   +0.00,  0.00
:TS,04010106294867,35.0, +31.6,   0.0,1548.8,621
:BI,    -9,    +0,   +11,    +0,A
:BS,    +0,    +9,   +11,A
:BE,    +0,    +9,   +11,A
:BD,       -0.42,        +0.24,       -0.41,   1.09,  0.00
:SA,   +0.00,   +0.00,  0.00
:TS,04010106294883,35.0, +31.6,   0.0,1548.8,627
:BI,   -11,    -2,    +8,    +0,A
:BS,    -2,   +11,    +8,A
:BE,    -2,   +11,    +8,A
:BD,       -0.42,        +0.25,       -0.41,   1.09,  0.00
:SA,   +0.00,   +0.00,  0.00
:TS,04010106294899,35.0, +31.6,   0.0,1548.8,628
:BI,   -13,    -2,    +5,    +1,A
:BS,    -2,   +13,    +5,A
:BE,    -2,   +13,    +5,A
:BD,       -0.42,        +0.25,       -0.41,   1.09,  0.00
:SA,   +0.00,   +0.00,  0.00
:TS,04010106294915,35.0, +31.6,   0.0,1548.8,622
:BI,   -13,    -1,    +2,    +0,A
:BS,    -1,   +13,    +2,A
:BE,    -1,   +13,    +2,A
:BD,       -0.42,        +0.25,       -0.41,   1.09,  0.00
:SA,   +0.00,   +0.00,  0.00
:TS,04010106294931,35.0, +31.6,   0.0,1548.8,623
:BI,   -12,    +0,    +1,    +0,A
:BS,    +0,   +12,    +1,A
:BE,    +0,   +12,    +1,A
:BD,       -0.42,        +0.25,       -0.41,   1.09,  0.00
:SA,   +0.00,   +0.00,  0.00
:TS,04010106294947,35.0, +31.6,   0.0,1548.8,624
:BI,    -9,    +3,    +4,    +0,A
:BS,    +3,    +9,    +4,A
:BE,    +3,    +9,    +4,A
:BD,       -0.42,        +0.25,       -0.41,   1.09,  0.00
:SA,   +0.00,   +0.00,  0.00
:TS,04010106294966,35.0, +31.6,   0.0,1548.8,621
:BI,    -7,    +4,   +10,    +0,A
:BS,    +4,    +7,   +10,A
:BE,    +4,    +7,   +10,A
:BD,       -0.42,        +0.26,       -0.41,   1.09,  0.00
:SA,   +0.00,   +0.00,  0.00
:TS,04010106294982,35.0, +31.6,   0.0,1548.8,627
:BI,    -5,    +6,   +14,    +0,A
:BS,    +6,    +5,   +14,A
:BE,    +6,    +5,   +14,A
:BD,       -0.42,        +0.26,       -0.40,   1.10,  0.00
:SA,   +0.00,   +0.00,  0.00
:TS,04010106294998,35.0, +31.6,   0.0,1548.8,628
:BI,    -3,    +3,   +16,    +0,A
:BS,    +3,    +3,   +16,A
:BE,    +3,    +3,   +16,A
:BD,       -0.42,        +0.26,       -0.40,   1.09,  0.00
:SA,   +0.00,   +0.00,  0.00
:TS,04010106295014,35.0, +31.6,   0.0,1548.8,622
:BI,    -2,    +1,   +15,    +1,A
:BS,    +1,    +2,   +15,A
:BE,    +1,    +2,   +15,A
:BD,       -0.42,        +0.26,       -0.40,   1.09,  0.00
:SA,   +0.00,   +0.00,  0.00
:TS,04010106295030,35.0, +31.6,   0.0,1548.8,623
:BI,    -2,    -2,   +11,    +2,A
:BS,    -2,    +2,   +11,A
:BE,    -2,    +2,   +11,A
:BD,       -0.42,        +0.26,       -0.40,   1.10,  0.00
:SA,   +0.00,   +0.00,  0.00
:TS,04010106295046,35.0, +31.6,   0.0,1548.8,624
:BI,    +0,    -5,    +7,    +1,A
:BS,    -5,    +0,    +7,A
:BE,    -5,    +0,    +7,A
:BD,       -0.42,        +0.26,       -0.40,   1.10,  0.00
:SA,   +0.00,   +0.00,  0.00
:TS,04010106295062,35.0, +31.6,   0.0,1548.8,621
:BI,    +1,    -5,    +3,    +1,A
:BS,    -5,    -1,    +3,A
:BE,    -5,    -1,    +3,A
:BD,       -0.42,        +0.26,       -0.40,   1.10,  0.00
:SA,   +0.00,   +0.00,  0.00
:TS,04010106295078,35.0, +31.6,   0.0,1548.8,627
:BI,    +1,    -4,    +3,    +0,A
:BS,    -4,    -1,    +3,A
:BE,    -4,    -1,    +3,A
:BD,       -0.42,        +0.26,       -0.40,   1.11,  0.00
:SA,   +0.00,   +0.00,  0.00
:TS,04010106295096,35.0, +31.6,   0.0,1548.8,628
:BI,    +1,    -3,    +7,    +0,A
:BS,    -3,    -1,    +7,A
:BE,    -3,    -1,    +7,A
:BD,       -0.42,        +0.26,       -0.39,   1.10,  0.00
:SA,   +0.00,   +0.00,  0.00
:TS,04010106295113,35.0, +31.6,   0.0,1548.8,622
:BI,    +3,    -3,   +13,    +0,A
:BS,    -3,    -3,   +13,A
:BE,    -3,    -3,   +13,A
:BD,       -0.42,        +0.26,       -0.39,   1.09,  0.00
:SA,   +0.00,   +0.00,  0.00
:TS,04010106295129,35.0, +31.6,   0.0,1548.8,623
:BI,    +4,    -5,   +17,    +0,A
:BS,    -5,    -4,   +17,A
:BE,    -5,    -4,   +17,A
:BD,       -0.42,        +0.26,       -0.39,   1.11,  0.00
:SA,   +0.00,   +0.00,  0.00
:TS,04010106295145,35.0, +31.6,   0.0,1548.8,624
:BI,    +5,    -6,   +17,    +0,A
:BS,    -6,    -5,   +17,A
:BE,    -6,    -5,   +17,A
:BD,       -0.42,        +0.26,       -0.39,   1.11,  0.00
:SA,   +0.00,   +0.00,  0.00
:TS,04010106295161,35.0, +31.6,   0.0,1548.8,621
:BI,    +6,    -6,   +14,    +0,A
:BS,    -6,    -6,   +14,A
:BE,    -6,    -6,   +14,A
:BD,       -0.42,        +0.26,       -0.39,   1.12,  0.00
:SA,   +0.00,   +0.00,  0.00
:TS,04010106295177,35.0, +31.6,   0.0,1548.8,627
:BI,    +6,    -5,   +10,    +0,A
:BS,    -5,    -6,   +10,A
:BE,    -5,    -6,   +10,A
:BD,       -0.42,        +0.26,       -0.39,   1.12,  0.00
:SA,   +0.00,   +0.00,  0.00
:TS,04010106295193,35.0, +31.6,   0.0,1548.8,628
:BI,    +6,    -3,    +6,    +0,A
:BS,    -3,    -6,    +6,A
:BE,    -3,    -6,    +6,A
:BD,       -0.42,        +0.26,       -0.38,   1.12,  0.00
:SA,   +0.00,   +0.00,  0.00
:TS,04010106295209,35.0, +31.6,   0.0,1548.8,622
:BI,    +5,    -2,    +4,    +0,A
:BS,    -2,    -5,    +4,A
:BE,    -2,    -5,    +4,A
:BD,       -0.43,        +0.26,       -0.38,   1.12,  0.00
:SA,   +0.00,   +0.00,  0.00
:TS,04010106295228,35.0, +31.6,   0.0,1548.8,623
:BI,    +6,    -2,    +4,    +0,A
:BS,    -2,    -6,    +4,A
:BE,    -2,    -6,    +4,A
:BD,       -0.43,        +0.26,       -0.38,   1.13,  0.00
:SA,   +0.00,   +0.00,  0.00
:TS,04010106295244,35.0, +31.6,   0.0,1548.8,624
:BI,    +8,    -1,    +4,    -1,A
:BS,    -1,    -8,    +4,A
:BE,    -1,    -8,    +4,A
:BD,       -0.43,        +0.26,       -0.38,   1.13,  0.00
:SA,   +0.00,   +0.00,  0.00
:TS,04010106295260,35.0, +31.6,   0.0,1548.8,621
:BI,    +7,    +0,    +4,    +0,A
:BS,    +0,    -7,    +4,A
:BE,    +0,    -7,    +4,A
:BD,       -0.43,        +0.26,       -0.38,   1.12,  0.00
:SA,   +0.00,   +0.00,  0.00
:TS,04010106295276,35.0, +31.6,   0.0,1548.8,627
:BI,    +5,    +2,    +6,    +0,A
:BS,    +2,    -5,    +6,A
:BE,    +2,    -5,    +6,A
:BD,       -0.43,        +0.25,       -0.38,   1.14,  0.00
:SA,   +0.00,   +0.00,  0.00
:TS,04010106295292,35.0, +31.6,   0.0,1548.8,628
:BI,    +6,    +2,    +7,    +0,A
:BS,    +2,    -6,    +7,A
:BE,    +2,    -6,    +7,A
:BD,       -0.43,        +0.25,       -0.38,   1.13,  0.00
:SA,   +0.00,   +0.00,  0.00
:TS,04010106295308,35.0, +31.6,   0.0,1548.8,622
:BI,    +9,    +3,    +8,    +0,A
:BS,    +3,    -9,    +8,A
:BE,    +3,    -9,    +8,A
:BD,       -0.43,        +0.25,       -0.38,   1.15,  0.00
:SA,   +0.00,   +0.00,  0.00
:TS,04010106295324,35.0, +31.6,   0.0,1548.8,623
:BI,   +11,    +1,    +8,    +0,A
:BS,    +1,   -11,    +8,A
:BE,    +1,   -11,    +8,A
:BD,       -0.43,        +0.25,       -0.37,   1.14,  0.00
:SA,   +0.00,   +0.00,  0.00
:TS,04010106295340,35.0, +31.6,   0.0,1548.8,624
:BI,   +14,    +0,    +6,    +0,A
:BS,    +0,   -14,    +6,A
:BE,    +0,   -14,    +6,A
:BD,       -0.43,        +0.25,       -0.37,   1.14,  0.00
:SA,   +0.00,   +0.00,  0.00
:TS,04010106295359,35.0, +31.6,   0.0,1548.8,621
:BI,   +13,    -1,    +5,    +0,A
:BS,    -1,   -13,    +5,A
:BE,    -1,   -13,    +5,A
:BD,       -0.43,        +0.25,       -0.37,   1.14,  0.00
:SA,   +0.00,   +0.00,  0.00
:TS,04010106295375,35.0, +31.6,   0.0,1548.8,627
:BI,   +11,    -5,    +2,    +1,A
:BS,    -5,   -11,    +2,A
:BE,    -5,   -11,    +2,A
:BD,       -0.43,        +0.25,       -0.37,   1.14,  0.00
:SA,   +0.00,   +0.00,  0.00
:TS,04010106295391,35.0, +31.6,   0.0,1548.8,628
:BI,    +5,    -5,    +1,    +0,A
:BS,    -5,    -5,    +1,A
:BE,    -5,    -5,    +1,A
:BD,       -0.43,        +0.24,       -0.37,   1.14,  0.00
:SA,   +0.00,   +0.00,  0.00
:TS,04010106295407,35.0, +31.6,   0.0,1548.8,622
:BI,    +2,    -6,    +3,    +0,A
:BS,    -6,    -2,    +3,A
:BE,    -6,    -2,    +3,A
:BD,       -0.43,        +0.24,       -0.37,   1.15,  0.00
:SA,   +0.00,   +0.00,  0.00
:TS,04010106295423,35.0, +31.6,   0.0,1548.8,623
:BI,    +0,    -6,    +1,    +0,A
:BS,    -6,    +0,    +1,A
:BE,    -6,    +0,    +1,A
:BD,       -0.43,        +0.24,       -0.37,   1.14,  0.00
:SA,   +0.00,   +0.00,  0.00
:TS,04010106295439,35.0, +31.6,   0.0,1548.8,624
:BI,    +0,    -3,    -3,    +0,A
:BS,    -3,    +0,    -3,A
:BE,    -3,    +0,    -3,A
:BD,       -0.43,        +0.24,       -0.37,   1.15,  0.00
:SA,   +0.00,   +0.00,  0.00
:TS,04010106295455,35.0, +31.6,   0.0,1548.8,621
:BI,    +0,    +2,    -7,    +0,A
:BS,    +2,    +0,    -7,A
:BE,    +2,    +0,    -7,A
:BD,       -0.43,        +0.24,       -0.37,   1.14,  0.00
:SA,   +0.00,   +0.00,  0.00
:TS,04010106295471,35.0, +31.6,   0.0,1548.8,627
:BI,    +0,    +7,    -8,    -1,A
:BS,    +7,    +0,    -8,A
:BE,    +7,    +0,    -8,A
:BD,       -0.43,        +0.24,       -0.37,   1.13,  0.00
:SA,   +0.00,   +0.00,  0.00
:TS,04010106295490,35.0, +31.6,   0.0,1548.8,628
:BI,    +2,   +11,    -4,    +0,A
:BS,   +11,    -2,    -4,A
:BE,   +11,    -2,    -4,A
:BD,       -0.43,        +0.24,       -0.37,   1.14,  0.00
:SA,   +0.00,   +0.00,  0.00
:TS,04010106295507,35.0, +31.6,   0.0,1548.8,622
:BI,    +6,   +13,    +2,    -1,A
:BS,   +13,    -6,    +2,A
:BE,   +13,    -6,    +2,A
:BD,       -0.43,        +0.24,       -0.37,   1.14,  0.00
:SA,   +0.00,   +0.00,  0.00
:TS,04010106295523,35.0, +31.6,   0.0,1548.8,623
:BI,    +8,   +12,    +5,    +0,A
:BS,   +12,    -8,    +5,A
:BE,   +12,    -8,    +5,A
:BD,       -0.43,        +0.24,       -0.37,   1.14,  0.00
:SA,   +0.00,   +0.00,  0.00
:TS,04010106295539,35.0, +31.6,   0.0,1548.8,624
:BI,   +11,   +10,    +7,    +0,A
:BS,   +10,   -11,    +7,A
:BE,   +10,   -11,    +7,A
:BD,       -0.43,        +0.24,       -0.37,   1.14,  0.00
:SA,   +0.00,   +0.00,  0.00
:TS,04010106295555,35.0, +31.6,   0.0,1548.8,621
:BI,   +11,    +7,    +5,    +0,A
:BS,    +7,   -11,    +5,A
:BE,    +7,   -11,    +5,A
:BD,       -0.42,        +0.24,       -0.37,   1.13,  0.00
:SA,   +0.00,   +0.00,  0.00
:TS,04010106295571,35.0, +31.6,   0.0,1548.8,627
:BI,    +8,    +3,    +3,    +1,A
:BS,    +3,    -8,    +3,A
:BE,    +3,    -8,    +3,A
:BD,       -0.42,        +0.24,       -0.37,   1.15,  0.00
:SA,   +0.00,   +0.00,  0.00
:TS,04010106295587,35.0, +31.6,   0.0,1548.8,628
:BI,    +6,    +0,    +0,    +0,A
:BS,    +0,    -6,    +0,A
:BE,    +0,    -6,    +0,A
:BD,       -0.42,        +0.23,       -0.37,   1.14,  0.00
:SA,   +0.00,   +0.00,  0.00
:TS,04010106295603,35.0, +31.6,   0.0,1548.8,622
:BI,    +0,    -2,    -1,    +0,A
:BS,    -2,    +0,    -1,A
:BE,    -2,    +0,    -1,A
:BD,       -0.42,        +0.23,       -0.37,   1.14,  0.00
:SA,   +0.00,   +0.00,  0.00
:TS,04010106295621,35.0, +31.6,   0.0,1548.8,623
:BI,    -4,    -3,    -3,    +0,A
:BS,    -3,    +4,    -3,A
:BE,    -3,    +4,    -3,A
:BD,       -0.42,        +0.23,       -0.37,   1.14,  0.00
:SA,   +0.00,   +0.00,  0.00
:TS,04010106295639,35.0, +31.6,   0.0,1548.8,624
:BI,    -6,    -3,    -3,    +0,A
:BS,    -3,    +6,    -3,A
:BE,    -3,    +6,    -3,A
:BD,       -0.42,        +0.23,       -0.37,   1.14,  0.00
:SA,   +0.00,   +0.00,  0.00
:TS,04010106295654,35.0, +31.6,   0.0,1548.8,621
:BI,    -5,    -2,    -2,    -1,A
:BS,    -2,    +5,    -2,A
:BE,    -2,    +5,    -2,A
:BD,       -0.42,        +0.23,       -0.37,   1.14,  0.00
:SA,   +0.00,   +0.00,  0.00
:TS,04010106295670,35.0, +31.6,   0.0,1548.8,627
:BI,    -5,    +0,    +0,    +0,A
:BS,    +0,    +5,    +0,A
:BE,    +0,    +5,    +0,A
:BD,       -0.42,        +0.23,       -0.37,   1.14,  0.00
:SA,   +0.00,   +0.00,  0.00
:TS,04010106295686,35.0, +31.6,   0.0,1548.8,628
:BI,    -6,    +4,    +2,    +0,A
:BS,    +4,    +6,    +2,A
:BE,    +4,    +6,    +2,A
:BD,       -0.42,        +0.23,       -0.37,   1.14,  0.00
:SA,   +0.00,   +0.00,  0.00
:TS,04010106295702,35.0, +31.6,   0.0,1548.8,622
:BI,    -6,    +8,    +2,    +0,A
:BS,    +8,    +6,    +2,A
:BE,    +8,    +6,    +2,A
:BD,       -0.42,        +0.23,       -0.37,   1.15,  0.00
:SA,   +0.00,   +0.00,  0.00
:TS,04010106295718,35.0, +31.6,   0.0,1548.8,623
:BI,    -5,   +10,    +2,    +0,A
:BS,   +10,    +5,    +2,A
:BE,   +10,    +5,    +2,A
:BD,       -0.42,        +0.24,       -0.37,   1.15,  0.00
:SA,   +0.00,   +0.00,  0.00
:TS,04010106295734,35.0, +31.6,   0.0,1548.8,624
:BI,    -5,   +12,    +0,    +0,A
:BS,   +12,    +5,    +0,A
:BE,   +12,    +5,    +0,A
:BD,       -0.42,        +0.24,       -0.37,   1.15,  0.00
:SA,   +0.00,   +0.00,  0.00
:TS,04010106295752,35.0, +31.6,   0.0,1548.8,621
:BI,    -6,   +10,    -1,    +0,A
:BS,   +10,    +6,    -1,A
:BE,   +10,    +6,    -1,A
:BD,       -0.42,        +0.24,       -0.37,   1.15,  0.00
:SA,   +0.00,   +0.00,  0.00
:TS,04010106295769,35.0, +31.6,   0.0,1548.8,627
:BI,    -4,    +7,    -2,    +0,A
:BS,    +7,    +4,    -2,A
:BE,    +7,    +4,    -2,A
:BD,       -0.42,        +0.24,       -0.37,   1.15,  0.00
:SA,   +0.00,   +0.00,  0.00
:TS,04010106295785,35.0, +31.6,   0.0,1548.8,628
:BI,    -3,    +4,    -3,    +0,A
:BS,    +4,    +3,    -3,A
:BE,    +4,    +3,    -3,A
:BD,       -0.42,        +0.24,       -0.37,   1.14,  0.00
:SA,   +0.00,   +0.00,  0.00
:TS,04010106295801,35.0, +31.6,   0.0,1548.8,622
:BI,    -2,    +3,    -3,    +0,A
:BS,    +3,    +2,    -3,A
:BE,    +3,    +2,    -3,A
:BD,       -0.41,        +0.24,       -0.37,   1.14,  0.00
:SA,   +0.00,   +0.00,  0.00
:TS,04010106295817,35.0, +31.6,   0.0,1548.8,623
:BI,    -3,    +0,    -2,    +0,A
:BS,    +0,    +3,    -2,A
:BE,    +0,    +3,    -2,A
:BD,       -0.41,        +0.24,       -0.37,   1.15,  0.00
:SA,   +0.00,   +0.00,  0.00
:TS,04010106295833,35.0, +31.6,   0.0,1548.8,624
:BI,    -4,    +0,    +0,    +0,A
:BS,    +0,    +4,    +0,A
:BE,    +0,    +4,    +0,A
:BD,       -0.41,        +0.24,       -0.37,   1.15,  0.00
:SA,   +0.00,   +0.00,  0.00
:TS,04010106295849,35.0, +31.6,   0.0,1548.8,621
:BI,    -5,    -3,    +3,    +0,A
:BS,    -3,    +5,    +3,A
:BE,    -3,    +5,    +3,A
:BD,       -0.41,        +0.24,       -0.37,   1.14,  0.00
:SA,   +0.00,   +0.00,  0.00
:TS,04010106295865,35.0, +31.6,   0.0,1548.8,627
:BI,    -6,    -5,    +6,    +0,A
:BS,    -5,    +6,    +6,A
:BE,    -5,    +6,    +6,A
:BD,       -0.41,        +0.24,       -0.37,   1.15,  0.00
:SA,   +0.00,   +0.00,  0.00
:TS,04010106295884,35.0, +31.6,   0.0,1548.8,628
:BI,    -8,    -4,    +6,    +1,A
:BS,    -4,    +8,    +6,A
:BE,    -4,    +8,    +6,A
:BD,       -0.41,        +0.24,       -0.37,   1.14,  0.00
:SA,   +0.00,   +0.00,  0.00
:TS,04010106295901,35.0, +31.6,   0.0,1548.8,622
:BI,    -8,    -2,    +4,    +0,A
:BS,    -2,    +8,    +4,A
:BE,    -2,    +8,    +4,A
:BD,       -0.41,        +0.24,       -0.37,   1.15,  0.00
:SA,   +0.00,   +0.00,  0.00
:TS,04010106295917,35.0, +31.6,   0.0,1548.8,623
:BI,   -10,    +2,    +2,    +0,A
:BS,    +2,   +10,    +2,A
:BE,    +2,   +10,    +2,A
:BD,       -0.41,        +0.24,       -0.37,   1.15,  0.00
:SA,   +0.00,   +0.00,  0.00
:TS,04010106295933,35.0, +31.6,   0.0,1548.8,624
:BI,   -11,    +6,    +0,-32768,A
:BS,    +6,   +11,    +0,A
:BE,    +6,   +11,    +0,A
:BD,       -0.41,        +0.25,       -0.37,   1.15,  0.00
:SA,   +0.00,   +0.00,  0.00
:TS,04010106295947,35.0, +31.6,   0.0,1548.8,621
:BI,   -10,    +8,    -2,    +0,A
:BS,    +8,   +10,    -2,A
:BE,    +8,   +10,    -2,A
:BD,       -0.41,        +0.25,       -0.37,   1.14,  0.00
:SA,   +0.00,   +0.00,  0.00
:TS,04010106295963,35.0, +31.6,   0.0,1548.8,627
:BI,    -9,    +8,    -1,    +0,A
:BS,    +8,    +9,    -1,A
:BE,    +8,    +9,    -1,A
:BD,       -0.41,        +0.25,       -0.37,   1.15,  0.00
:SA,   +0.00,   +0.00,  0.00
:TS,04010106295979,35.0, +31.6,   0.0,1548.8,628
:BI,    -8,    +5,    +0,    +0,A
:BS,    +5,    +8,    +0,A
:BE,    +5,    +8,    +0,A
:BD,       -0.41,        +0.25,       -0.37,   1.15,  0.00
:SA,   +0.00,   +0.00,  0.00
:TS,04010106295995,35.0, +31.6,   0.0,1548.8,622
:BI,    -6,    +2,    +0,    +0,A
:BS,    +2,    +6,    +0,A
:BE,    +2,    +6,    +0,A
:BD,       -0.41,        +0.25,       -0.37,   1.15,  0.00
:SA,   +0.00,   +0.00,  0.00
:TS,04010106300014,35.0, +31.6,   0.0,1548.8,623
:BI,    -2,    -2,    +2,    +0,A
:BS,    -2,    +2,    +2,A
:BE,    -2,    +2,    +2,A
:BD,       -0.41,        +0.25,       -0.37,   1.15,  0.00
:SA,   +0.00,   +0.00,  0.00
:TS,04010106300030,35.0, +31.6,   0.0,1548.8,624
:BI,    +0,    -3,    +3,    +0,A
:BS,    -3,    +0,    +3,A
:BE,    -3,    +0,    +3,A
:BD,       -0.41,        +0.25,       -0.37,   1.15,  0.00
:SA,   +0.00,   +0.00,  0.00
:TS,04010106300046,35.0, +31.6,   0.0,1548.8,621
:BI,    +0,    -3,    +3,    +0,A
:BS,    -3,    +0,    +3,A
:BE,    -3,    +0,    +3,A
:BD,       -0.41,        +0.25,       -0.37,   1.15,  0.00
:SA,   +0.00,   +0.00,  0.00
:TS,04010106300062,35.0, +31.6,   0.0,1548.8,627
:BI,    -2,    -1,    +2,    +0,A
:BS,    -1,    +2,    +2,A
:BE,    -1,    +2,    +2,A
:BD,       -0.41,        +0.25,       -0.37,   1.14,  0.00
:SA,   +0.00,   +0.00,  0.00
:TS,04010106300078,35.0, +31.6,   0.0,1548.8,628
:BI,    -5,    +0,    +0,    +0,A
:BS,    +0,    +5,    +0,A
:BE,    +0,    +5,    +0,A
:BD,       -0.41,        +0.25,       -0.37,   1.14,  0.00
:SA,   +0.00,   +0.00,  0.00
:TS,04010106300094,35.0, +31.6,   0.0,1548.8,622
:BI,    -7,    +0,    +0,    +0,A
:BS,    +0,    +7,    +0,A
:BE,    +0,    +7,    +0,A
:BD,       -0.41,        +0.26,       -0.37,   1.14,  0.00
:SA,   +0.00,   +0.00,  0.00
:TS,04010106300110,35.0, +31.6,   0.0,1548.8,623
:BI,    -8,    +0,    -2,    +0,A
:BS,    +0,    +8,    -2,A
:BE,    +0,    +8,    -2,A
:BD,       -0.41,        +0.26,       -0.37,   1.14,  0.00
:SA,   +0.00,   +0.00,  0.00
:TS,04010106300126,35.0, +31.6,   0.0,1548.8,624
:BI,    -8,    +0,    -2,    +0,A
:BS,    +0,    +8,    -2,A
:BE,    +0,    +8,    -2,A
:BD,       -0.41,        +0.26,       -0.37,   1.14,  0.00
:SA,   +0.00,   +0.00,  0.00
:TS,04010106300145,35.0, +31.6,   0.0,1548.8,621
:BI,    -6,    -1,    +0,    +0,A
:BS,    -1,    +6,    +0,A
:BE,    -1,    +6,    +0,A
:BD,       -0.41,        +0.26,       -0.37,   1.15,  0.00
:SA,   +0.00,   +0.00,  0.00
:TS,04010106300161,35.0, +31.6,   0.0,1548.8,627
:BI,    -5,    -1,    +5,    +0,A
:BS,    -1,    +5,    +5,A
:BE,    -1,    +5,    +5,A
:BD,       -0.41,        +0.26,       -0.37,   1.14,  0.00
:SA,   +0.00,   +0.00,  0.00
:TS,04010106300177,35.0, +31.6,   0.0,1548.8,628
:BI,    -2,    +0,    +6,    +0,A
:BS,    +0,    +2,    +6,A
:BE,    +0,    +2,    +6,A
:BD,       -0.41,        +0.26,       -0.37,   1.14,  0.00
:SA,   +0.00,   +0.00,  0.00
:TS,04010106300193,35.0, +31.6,   0.0,1548.8,622
:BI,    +1,    +0,    +4,    +0,A
:BS,    +0,    -1,    +4,A
:BE,    +0,    -1,    +4,A
:BD,       -0.41,        +0.26,       -0.37,   1.14,  0.00
:SA,   +0.00,   +0.00,  0.00
:TS,04010106300209,35.0, +31.6,   0.0,1548.8,623
:BI,    +2,    +1,    +0,    +0,A
:BS,    +1,    -2,    +0,A
:BE,    +1,    -2,    +0,A
:BD,       -0.41,        +0.26,       -0.36,   1.14,  0.00
:SA,   +0.00,   +0.00,  0.00
:TS,04010106300225,35.0, +31.6,   0.0,1548.8,624
:BI,    +2,    +0,    -4,    +0,A
:BS,    +0,    -2,    -4,A
:BE,    +0,    -2,    -4,A
:BD,       -0.41,        +0.26,       -0.36,   1.14,  0.00
:SA,   +0.00,   +0.00,  0.00
:TS,04010106300241,35.0, +31.6,   0.0,1548.8,621
:BI,    +1,    -2,    -5,    +0,A
:BS,    -2,    -1,    -5,A
:BE,    -2,    -1,    -5,A
:BD,       -0.41,        +0.26,       -0.37,   1.14,  0.00
:SA,   +0.00,   +0.00,  0.00
:TS,04010106300257,35.0, +31.6,   0.0,1548.8,627
:BI,    +1,    -5,    -3,    +0,A
:BS,    -5,    -1,    -3,A
:BE,    -5,    -1,    -3,A
:BD,       -0.41,        +0.26,       -0.37,   1.14,  0.00
:SA,   +0.00,   +0.00,  0.00
:TS,04010106300276,35.0, +31.6,   0.0,1548.8,628
:BI,    +0,    -6,    +0,    +0,A
:BS,    -6,    +0,    +0,A
:BE,    -6,    +0,    +0,A
:BD,       -0.41,        +0.26,       -0.37,   1.14,  0.00
:SA,   +0.00,   +0.00,  0.00
:TS,04010106300293,35.0, +31.6,   0.0,1548.8,622
:BI,    +0,    -6,    +5,    +0,A
:BS,    -6,    +0,    +5,A
:BE,    -6,    +0,    +5,A
:BD,       -0.41,        +0.26,       -0.37,   1.14,  0.00
:SA,   +0.00,   +0.00,  0.00
:TS,04010106300309,35.0, +31.6,   0.0,1548.8,623
:BI,    +1,    -5,    +8,    +0,A
:BS,    -5,    -1,    +8,A
:BE,    -5,    -1,    +8,A
:BD,       -0.41,        +0.26,       -0.36,   1.14,  0.00
:SA,   +0.00,   +0.00,  0.00
:TS,04010106300325,35.0, +31.6,   0.0,1548.8,624
:BI,    +4,    -6,    +9,    +0,A
:BS,    -6,    -4,    +9,A
:BE,    -6,    -4,    +9,A
:BD,       -0.41,        +0.26,       -0.36,   1.15,  0.00
:SA,   +0.00,   +0.00,  0.00
:TS,04010106300341,35.0, +31.6,   0.0,1548.8,621
:BI,    +7,    -6,    +6,    +0,A
:BS,    -6,    -7,    +6,A
:BE,    -6,    -7,    +6,A
:BD,       -0.41,        +0.26,       -0.36,   1.14,  0.00
:SA,   +0.00,   +0.00,  0.00
:TS,04010106300357,35.0, +31.6,   0.0,1548.8,627
:BI,    +9,    -6,    +0,    +0,A
:BS,    -6,    -9,    +0,A
:BE,    -6,    -9,    +0,A
:BD,       -0.42,        +0.26,       -0.36,   1.14,  0.00
:SA,   +0.00,   +0.00,  0.00
:TS,04010106300373,35.0, +31.6,   0.0,1548.8,628
:BI,    +8,    -4,    -7,    +0,A
:BS,    -4,    -8,    -7,A
:BE,    -4,    -8,    -7,A
:BD,       -0.42,        +0.26,       -0.36,   1.14,  0.00
:SA,   +0.00,   +0.00,  0.00
:TS,04010106300389,35.0, +31.6,   0.0,1548.8,622
:BI,    +5,    +0,   -10,    +0,A
:BS,    +0,    -5,   -10,A
:BE,    +0,    -5,   -10,A
:BD,       -0.42,        +0.26,       -0.36,   1.15,  0.00
:SA,   +0.00,   +0.00,  0.00
:TS,04010106300407,35.0, +31.6,   0.0,1548.8,623
:BI,    +1,    +4,    -8,    +0,A
:BS,    +4,    -1,    -8,A
:BE,    +4,    -1,    -8,A
:BD,       -0.42,        +0.26,       -0.36,   1.14,  0.00
:SA,   +0.00,   +0.00,  0.00
:TS,04010106300425,35.0, +31.6,   0.0,1548.8,624
:BI,    +2,    +6,    -2,    +0,A
:BS,    +6,    -2,    -2,A
:BE,    +6,    -2,    -2,A
:BD,       -0.42,        +0.26,       -0.36,   1.15,  0.00
:SA,   +0.00,   +0.00,  0.00
:TS,04010106300440,35.0, +31.6,   0.0,1548.8,621
:BI,    +6,    +7,    +4,    -2,A
:BS,    +7,    -6,    +4,A
:BE,    +7,    -6,    +4,A
:BD,       -0.42,        +0.26,       -0.36,   1.14,  0.00
:SA,   +0.00,   +0.00,  0.00
:TS,04010106300456,35.0, +31.6,   0.0,1548.8,627
:BI,    +3,   +15,   +43,    -4,A
:BS,   +15,    -3,   +43,A
:BE,   +15,    -3,   +43,A
:BD,       -0.42,        +0.26,       -0.36,   1.15,  0.00
:SA,   +0.00,   +0.00,  0.00
:TS,04010106300472,35.0, +31.6,   0.0,1548.8,628
:BI,    +4,   +16,   +76,    -2,A
:BS,   +16,    -4,   +76,A
:BE,   +16,    -4,   +76,A
:BD,       -0.41,        +0.26,       -0.36,   1.15,  0.00
:SA,   +0.00,   +0.00,  0.00
:TS,04010106300488,35.0, +31.6,   0.0,1548.8,622
:BI,    +3,   +18,  +101,    -3,A
:BS,   +18,    -3,  +101,A
:BE,   +18,    -3,  +101,A
:BD,       -0.41,        +0.25,       -0.35,   1.17,  0.00
:SA,   +0.00,   +0.00,  0.00
:TS,04010106300504,35.0, +31.6,   0.0,1548.8,623
:BI,    -3,   +20,  +124,    -2,A
:BS,   +20,    +3,  +124,A
:BE,   +20,    +3,  +124,A
:BD,       -0.41,        +0.25,       -0.34,   1.18,  0.00
:SA,   +0.00,   +0.00,  0.00
:TS,04010106300520,35.0, +31.6,   0.0,1548.8,624
:BI,    -7,   +22,  +149,    -3,A
:BS,   +22,    +7,  +149,A
:BE,   +22,    +7,  +149,A
:BD,       -0.41,        +0.25,       -0.33,   1.20,  0.00
:SA,   +0.00,   +0.00,  0.00
:TS,04010106300539,35.0, +31.6,   0.0,1548.8,621
:BI,    -5,   +21,  +180,    -3,A
:BS,   +21,    +5,  +180,A
:BE,   +21,    +5,  +180,A
:BD,       -0.41,        +0.25,       -0.31,   1.25,  0.00
:SA,   +0.00,   +0.00,  0.00
:TS,04010106300555,35.0, +31.6,   0.0,1548.8,627
:BI,    -1,   +18,  +201,    -1,A
:BS,   +18,    +1,  +201,A
:BE,   +18,    +1,  +201,A
:BD,       -0.40,        +0.25,       -0.29,   1.25,  0.00
:SA,   +0.00,   +0.00,  0.00
:TS,04010106300571,35.0, +31.6,   0.0,1548.8,628
:BI,    -2,    +8,  +211,    -2,A
:BS,    +8,    +2,  +211,A
:BE,    +8,    +2,  +211,A
:BD,       -0.40,        +0.25,       -0.26,   1.27,  0.00
:SA,   +0.00,   +0.00,  0.00
:TS,04010106300587,35.0, +31.6,   0.0,1548.8,622
:BI,    -4,    +6,  +211,    +1,A
:BS,    +6,    +4,  +211,A
:BE,    +6,    +4,  +211,A
:BD,       -0.40,        +0.26,       -0.23,   1.31,  0.00
:SA,   +0.00,   +0.00,  0.00
:TS,04010106300603,35.0, +31.6,   0.0,1548.8,623
:BI,   -12,    +2,  +211,    +2,A
:BS,    +2,   +12,  +211,A
:BE,    +2,   +12,  +211,A
:BD,       -0.40,        +0.26,       -0.21,   1.34,  0.00
:SA,   +0.00,   +0.00,  0.00
:TS,04010106300620,35.0, +31.6,   0.0,1548.8,624
:BI,   -11,    +2,  +220,    +4,A
:BS,    +2,   +11,  +220,A
:BE,    +2,   +11,  +220,A
:BD,       -0.40,        +0.26,       -0.17,   1.40,  0.00
:SA,   +0.00,   +0.00,  0.00
:TS,04010106300637,35.0, +31.6,   0.0,1548.8,621
:BI,    +5,    -6,  +232,   +13,A
:BS,    -6,    -5,  +232,A
:BE,    -6,    -5,  +232,A
:BD,       -0.39,        +0.26,       -0.14,   1.43,  0.00
:SA,   +0.00,   +0.00,  0.00
:TS,04010106300654,35.0, +31.6,   0.0,1548.8,627
:BI,    -7,   -18,  +224,    +3,A
:BS,   -18,    +7,  +224,A
:BE,   -18,    +7,  +224,A
:BD,       -0.39,        +0.26,       -0.11,   1.46,  0.00
:SA,   +0.00,   +0.00,  0.00
:TS,04010106300674,35.0, +31.6,   0.0,1548.8,628
:BI,   +15,   -33,  +198,    +3,A
:BS,   -33,   -15,  +198,A
:BE,   -33,   -15,  +198,A
:BD,       -0.40,        +0.26,       -0.06,   1.50,  0.00
:SA,   +0.00,   +0.00,  0.00
:TS,04010106300691,35.0, +31.6,   0.0,1548.8,622
:BI,   +27,   -50,  +152,    +9,A
:BS,   -50,   -27,  +152,A
:BE,   -50,   -27,  +152,A
:BD,       -0.40,        +0.26,       -0.03,   1.54,  0.00
:SA,   +0.00,   +0.00,  0.00
:TS,04010106300708,35.0, +31.6,   0.0,1548.8,623
:BI,   +31,   -69,   +73,   +13,A
:BS,   -69,   -31,   +73,A
:BE,   -69,   -31,   +73,A
:BD,       -0.41,        +0.25,       -0.00,   1.54,  0.00
