>BP001
>BX00060
>EA09000
>ES35
>TE00:00:00.00
>TP00:00.00
>PD6
>CK
[Parameters saved as USER defaults]

>CS
:SA,   +0.00,   +0.00,  0.00
:TS,04010100053608,35.0, +21.0,   0.0,1524.2,621
:BI,-32768,-32768,-32768,-32768,V
:BS,-32768,-32768,-32768,V
:BE,-32768,-32768,-32768,V
:BD,        +0.00,        +0.00,        +0.00,   0.00,  0.00
:SA,   +0.00,   +0.00,  0.00
:TS,04010100053618,35.0, +21.0,   0.0,1524.2,627
:BI,-32768,-32768,-32768,-32768,V
:BS,-32768,-32768,-32768,V
:BE,-32768,-32768,-32768,V
:BD,        +0.00,        +0.00,        +0.00,   0.00,  0.10
:SA,   +0.00,   +0.00,  0.00
:TS,04010100053627,35.0, +21.0,   0.0,1524.2,628
:BI,-32768,-32768,-32768,-32768,V
:BS,-32768,-32768,-32768,V
:BE,-32768,-32768,-32768,V
:BD,        +0.00,        +0.00,        +0.00,   0.00,  0.19
:SA,   +0.00,   +0.00,  0.00
:TS,04010100053634,35.0, +21.0,   0.0,1524.2,622
:BI,-32768,-32768,-32768,-32768,V
:BS,-32768,-32768,-32768,V
:BE,-32768,-32768,-32768,V
:BD,        +0.00,        +0.00,        +0.00,   0.00,  0.26
:SA,   +0.00,   +0.00,  0.00
:TS,04010100053645,35.0, +21.0,   0.0,1524.2,623
:BI,-32768,-32768,-32768,-32768,V
:BS,-32768,-32768,-32768,V
:BE,-32768,-32768,-32768,V
:BD,        +0.00,        +0.00,        +0.00,   0.00,  0.37
:SA,   +0.00,   +0.00,  0.00
:TS,04010100053653,35.0, +21.0,   0.0,1524.2,624
:BI,-32768,-32768,-32768,-32768,V
:BS,-32768,-32768,-32768,V
:BE,-32768,-32768,-32768,V
:BD,        +0.00,        +0.00,        +0.00,   0.00,  0.45
:SA,   +0.00,   +0.00,  0.00
:TS,04010100053662,35.0, +21.0,   0.0,1524.2,621
:BI,-32768,-32768,-32768,-32768,V
:BS,-32768,-32768,-32768,V
:BE,-32768,-32768,-32768,V
:BD,        +0.00,        +0.00,        +0.00,   0.00,  0.54
:SA,   +0.00,   +0.00,  0.00
:TS,04010100053672,35.0, +21.0,   0.0,1524.2,627
:BI,-32768,-32768,-32768,-32768,V
:BS,-32768,-32768,-32768,V
:BE,-32768,-32768,-32768,V
:BD,        +0.00,        +0.00,        +0.00,   0.00,  0.64
:SA,   +0.00,   +0.00,  0.00
:TS,04010100053681,35.0, +21.0,   0.0,1524.2,628
:BI,-32768,-32768,-32768,-32768,V
:BS,-32768,-32768,-32768,V
:BE,-32768,-32768,-32768,V
:BD,        +0.00,        +0.00,        +0.00,   0.00,  0.73
:SA,   +0.00,   +0.00,  0.00
:TS,04010100053692,35.0, +21.0,   0.0,1524.2,622
:BI,-32768,-32768,-32768,-32768,V
:BS,-32768,-32768,-32768,V
:BE,-32768,-32768,-32768,V
:BD,        +0.00,        +0.00,        +0.00,   0.00,  0.84
:SA,   +0.00,   +0.00,  0.00
:TS,04010100053700,35.0, +21.0,   0.0,1524.2,623
:BI,-32768,-32768,-32768,-32768,V
:BS,-32768,-32768,-32768,V
:BE,-32768,-32768,-32768,V
:BD,        +0.00,        +0.00,        +0.00,   0.00,  0.92
:SA,   +0.00,   +0.00,  0.00
:TS,04010100053712,35.0, +26.6,   0.0,1538.2,624
:BI,-32768,-32768,-32768,-32768,V
:BS,-32768,-32768,-32768,V
:BE,-32768,-32768,-32768,V
:BD,        +0.00,        +0.00,        +0.00,   0.00,  1.04
:SA,   +0.00,   +0.00,  0.00
:TS,04010100053722,35.0, +26.6,   0.0,1538.2,621
:BI,-32768,-32768,-32768,-32768,V
:BS,-32768,-32768,-32768,V
:BE,-32768,-32768,-32768,V
:BD,        +0.00,        +0.00,        +0.00,   0.00,  1.14
:SA,   +0.00,   +0.00,  0.00
:TS,04010100053730,35.0, +26.6,   0.0,1538.2,627
:BI,-32768,-32768,-32768,-32768,V
:BS,-32768,-32768,-32768,V
:BE,-32768,-32768,-32768,V
:BD,        +0.00,        +0.00,        +0.00,   0.00,  1.22
:SA,   +0.00,   +0.00,  0.00
:TS,04010100053741,35.0, +26.6,   0.0,1538.2,628
:BI,-32768,-32768,-32768,-32768,V
:BS,-32768,-32768,-32768,V
:BE,-32768,-32768,-32768,V
:BD,        +0.00,        +0.00,        +0.00,   0.00,  1.33
:SA,   +0.00,   +0.00,  0.00
:TS,04010100053749,35.0, +26.6,   0.0,1538.2,622
:BI,-32768,-32768,-32768,-32768,V
:BS,-32768,-32768,-32768,V
:BE,-32768,-32768,-32768,V
:BD,        +0.00,        +0.00,        +0.00,   0.00,  1.41
:SA,   +0.00,   +0.00,  0.00
:TS,04010100053758,35.0, +26.6,   0.0,1538.2,623
:BI,-32768,-32768,-32768,-32768,V
:BS,-32768,-32768,-32768,V
:BE,-32768,-32768,-32768,V
:BD,        +0.00,        +0.00,        +0.00,   0.00,  1.50
:SA,   +0.00,   +0.00,  0.00
:TS,04010100053768,35.0, +26.6,   0.0,1538.2,624
:BI,-32768,-32768,-32768,-32768,V
:BS,-32768,-32768,-32768,V
:BE,-32768,-32768,-32768,V
:BD,        +0.00,        +0.00,        +0.00,   0.00,  1.60
:SA,   +0.00,   +0.00,  0.00
:TS,04010100053777,35.0, +26.6,   0.0,1538.2,621
:BI,-32768,-32768,-32768,-32768,V
:BS,-32768,-32768,-32768,V
:BE,-32768,-32768,-32768,V
:BD,        +0.00,        +0.00,        +0.00,   0.00,  1.69
:SA,   +0.00,   +0.00,  0.00
:TS,04010100053788,35.0, +26.6,   0.0,1538.2,627
:BI,-32768,-32768,-32768,-32768,V
:BS,-32768,-32768,-32768,V
:BE,-32768,-32768,-32768,V
:BD,        +0.00,        +0.00,        +0.00,   0.00,  1.80
:SA,   +0.00,   +0.00,  0.00
:TS,04010100053796,35.0, +26.6,   0.0,1538.2,628
:BI,-32768,-32768,-32768,-32768,V
:BS,-32768,-32768,-32768,V
:BE,-32768,-32768,-32768,V
:BD,        +0.00,        +0.00,        +0.00,   0.00,  1.88
:SA,   +0.00,   +0.00,  0.00
:TS,04010100053805,35.0, +26.6,   0.0,1538.2,622
:BI,-32768,-32768,-32768,-32768,V
:BS,-32768,-32768,-32768,V
:BE,-32768,-32768,-32768,V
:BD,        +0.00,        +0.00,        +0.00,   0.00,  1.97
:SA,   +0.00,   +0.00,  0.00
:TS,04010100053815,35.0, +26.6,   0.0,1538.2,623
:BI,-32768,-32768,-32768,-32768,V
:BS,-32768,-32768,-32768,V
:BE,-32768,-32768,-32768,V
:BD,        +0.00,        +0.00,        +0.00,   0.00,  2.07
:SA,   +0.00,   +0.00,  0.00
:TS,04010100053826,35.0, +26.6,   0.0,1538.2,624
:BI,-32768,-32768,-32768,-32768,V
:BS,-32768,-32768,-32768,V
:BE,-32768,-32768,-32768,V
:BD,        +0.00,        +0.00,        +0.00,   0.00,  2.18
:SA,   +0.00,   +0.00,  0.00
:TS,04010100053838,35.0, +26.6,   0.0,1538.2,621
:BI,-32768,-32768,-32768,-32768,V
:BS,-32768,-32768,-32768,V
:BE,-32768,-32768,-32768,V
:BD,        +0.00,        +0.00,        +0.00,   0.00,  2.30
:SA,   +0.00,   +0.00,  0.00
:TS,04010100053848,35.0, +26.6,   0.0,1538.2,627
:BI,-32768,-32768,-32768,-32768,V
:BS,-32768,-32768,-32768,V
:BE,-32768,-32768,-32768,V
:BD,        +0.00,        +0.00,        +0.00,   0.00,  2.40
:SA,   +0.00,   +0.00,  0.00
:TS,04010100053857,35.0, +26.6,   0.0,1538.2,628
:BI,-32768,-32768,-32768,-32768,V
:BS,-32768,-32768,-32768,V
:BE,-32768,-32768,-32768,V
:BD,        +0.00,        +0.00,        +0.00,   0.00,  2.49
:SA,   +0.00,   +0.00,  0.00
:TS,04010100053866,35.0, +26.6,   0.0,1538.2,622
:BI,-32768,-32768,-32768,-32768,V
:BS,-32768,-32768,-32768,V
:BE,-32768,-32768,-32768,V
:BD,        +0.00,        +0.00,        +0.00,   0.00,  2.58
:SA,   +0.00,   +0.00,  0.00
:TS,04010100053873,35.0, +26.6,   0.0,1538.2,623
:BI,-32768,-32768,-32768,-32768,V
:BS,-32768,-32768,-32768,V
:BE,-32768,-32768,-32768,V
:BD,        +0.00,        +0.00,        +0.00,   0.00,  2.65
:SA,   +0.00,   +0.00,  0.00
:TS,04010100053884,35.0, +26.6,   0.0,1538.2,624
:BI,-32768,-32768,-32768,-32768,V
:BS,-32768,-32768,-32768,V
:BE,-32768,-32768,-32768,V
:BD,        +0.00,        +0.00,        +0.00,   0.00,  2.76
:SA,   +0.00,   +0.00,  0.00
:TS,04010100053892,35.0, +26.6,   0.0,1538.2,621
:BI,-32768,-32768,-32768,-32768,V
:BS,-32768,-32768,-32768,V
:BE,-32768,-32768,-32768,V
:BD,        +0.00,        +0.00,        +0.00,   0.00,  2.84
:SA,   +0.00,   +0.00,  0.00
:TS,04010100053901,35.0, +26.6,   0.0,1538.2,627
:BI,-32768,-32768,-32768,-32768,V
:BS,-32768,-32768,-32768,V
:BE,-32768,-32768,-32768,V
:BD,        +0.00,        +0.00,        +0.00,   0.00,  2.93
:SA,   +0.00,   +0.00,  0.00
:TS,04010100053911,35.0, +26.6,   0.0,1538.2,628
:BI,-32768,-32768,-32768,-32768,V
:BS,-32768,-32768,-32768,V
:BE,-32768,-32768,-32768,V
:BD,        +0.00,        +0.00,        +0.00,   0.00,  3.03
:SA,   +0.00,   +0.00,  0.00
:TS,04010100053920,35.0, +26.6,   0.0,1538.2,622
:BI,-32768,-32768,-32768,-32768,V
:BS,-32768,-32768,-32768,V
:BE,-32768,-32768,-32768,V
:BD,        +0.00,        +0.00,        +0.00,   0.00,  3.12
:SA,   +0.00,   +0.00,  0.00
:TS,04010100053931,35.0, +26.6,   0.0,1538.2,623
:BI,-32768,-32768,-32768,-32768,V
:BS,-32768,-32768,-32768,V
:BE,-32768,-32768,-32768,V
:BD,        +0.00,        +0.00,        +0.00,   0.00,  3.23
:SA,   +0.00,   +0.00,  0.00
:TS,04010100053942,35.0, +26.6,   0.0,1538.2,624
:BI,-32768,-32768,-32768,-32768,V
:BS,-32768,-32768,-32768,V
:BE,-32768,-32768,-32768,V
:BD,        +0.00,        +0.00,        +0.00,   0.00,  3.34
:SA,   +0.00,   +0.00,  0.00
:TS,04010100053952,35.0, +26.6,   0.0,1538.2,621
:BI,-32768,-32768,-32768,-32768,V
:BS,-32768,-32768,-32768,V
:BE,-32768,-32768,-32768,V
:BD,        +0.00,        +0.00,        +0.00,   0.00,  3.44
:SA,   +0.00,   +0.00,  0.00
:TS,04010100053960,35.0, +26.6,   0.0,1538.2,627
:BI,-32768,-32768,-32768,-32768,V
:BS,-32768,-32768,-32768,V
:BE,-32768,-32768,-32768,V
:BD,        +0.00,        +0.00,        +0.00,   0.00,  3.52
:SA,   +0.00,   +0.00,  0.00
:TS,04010100053969,35.0, +26.6,   0.0,1538.2,628
:BI,-32768,-32768,-32768,-32768,V
:BS,-32768,-32768,-32768,V
:BE,-32768,-32768,-32768,V
:BD,        +0.00,        +0.00,        +0.00,   0.00,  3.61
:SA,   +0.00,   +0.00,  0.00
:TS,04010100053980,35.0, +26.6,   0.0,1538.2,622
:BI,-32768,-32768,-32768,-32768,V
:BS,-32768,-32768,-32768,V
:BE,-32768,-32768,-32768,V
:BD,        +0.00,        +0.00,        +0.00,   0.00,  3.72
:SA,   +0.00,   +0.00,  0.00
:TS,04010100053989,35.0, +26.6,   0.0,1538.2,623
:BI,-32768,-32768,-32768,-32768,V
:BS,-32768,-32768,-32768,V
:BE,-32768,-32768,-32768,V
:BD,        +0.00,        +0.00,        +0.00,   0.00,  3.81
:SA,   +0.00,   +0.00,  0.00
:TS,04010100053997,35.0, +26.6,   0.0,1538.2,624
:BI,-32768,-32768,-32768,-32768,V
:BS,-32768,-32768,-32768,V
:BE,-32768,-32768,-32768,V
:BD,        +0.00,        +0.00,        +0.00,   0.00,  3.89
:SA,   +0.00,   +0.00,  0.00
:TS,04010100054007,35.0, +26.6,   0.0,1538.2,621
:BI,-32768,-32768,-32768,-32768,V
:BS,-32768,-32768,-32768,V
:BE,-32768,-32768,-32768,V
:BD,        +0.00,        +0.00,        +0.00,   0.00,  3.99
:SA,   +0.00,   +0.00,  0.00
:TS,04010100054016,35.0, +26.6,   0.0,1538.2,627
:BI,-32768,-32768,-32768,-32768,V
:BS,-32768,-32768,-32768,V
:BE,-32768,-32768,-32768,V
:BD,        +0.00,        +0.00,        +0.00,   0.00,  4.08
:SA,   +0.00,   +0.00,  0.00
:TS,04010100054027,35.0, +26.6,   0.0,1538.2,628
:BI,-32768,-32768,-32768,-32768,V
:BS,-32768,-32768,-32768,V
:BE,-32768,-32768,-32768,V
:BD,        +0.00,        +0.00,        +0.00,   0.00,  4.19
:SA,   +0.00,   +0.00,  0.00
:TS,04010100054036,35.0, +26.6,   0.0,1538.2,622
:BI,-32768,-32768,-32768,-32768,V
:BS,-32768,-32768,-32768,V
:BE,-32768,-32768,-32768,V
:BD,        +0.00,        +0.00,        +0.00,   0.00,  4.28
:SA,   +0.00,   +0.00,  0.00
:TS,04010100054044,35.0, +26.6,   0.0,1538.2,623
:BI,-32768,-32768,-32768,-32768,V
:BS,-32768,-32768,-32768,V
:BE,-32768,-32768,-32768,V
:BD,        +0.00,        +0.00,        +0.00,   0.00,  4.36
:SA,   +0.00,   +0.00,  0.00
:TS,04010100054056,35.0, +26.6,   0.0,1538.2,624
:BI,-32768,-32768,-32768,-32768,V
:BS,-32768,-32768,-32768,V
:BE,-32768,-32768,-32768,V
:BD,        +0.00,        +0.00,        +0.00,   0.00,  4.48
:SA,   +0.00,   +0.00,  0.00
:TS,04010100054066,35.0, +26.6,   0.0,1538.2,621
:BI,-32768,-32768,-32768,-32768,V
:BS,-32768,-32768,-32768,V
:BE,-32768,-32768,-32768,V
:BD,        +0.00,        +0.00,        +0.00,   0.00,  4.58
:SA,   +0.00,   +0.00,  0.00
:TS,04010100054077,35.0, +26.6,   0.0,1538.2,627
:BI,-32768,-32768,-32768,-32768,V
:BS,-32768,-32768,-32768,V
:BE,-32768,-32768,-32768,V
:BD,        +0.00,        +0.00,        +0.00,   0.00,  4.69
:SA,   +0.00,   +0.00,  0.00
:TS,04010100054085,35.0, +26.6,   0.0,1538.2,628
:BI,-32768,-32768,-32768,-32768,V
:BS,-32768,-32768,-32768,V
:BE,-32768,-32768,-32768,V
:BD,        +0.00,        +0.00,        +0.00,   0.00,  4.77
:SA,   +0.00,   +0.00,  0.00
:TS,04010100054094,35.0, +26.6,   0.0,1538.2,622
:BI,-32768,-32768,-32768,-32768,V
:BS,-32768,-32768,-32768,V
:BE,-32768,-32768,-32768,V
:BD,        +0.00,        +0.00,        +0.00,   0.00,  4.86
:SA,   +0.00,   +0.00,  0.00
:TS,04010100054104,35.0, +26.6,   0.0,1538.2,623
:BI,-32768,-32768,-32768,-32768,V
:BS,-32768,-32768,-32768,V
:BE,-32768,-32768,-32768,V
:BD,        +0.00,        +0.00,        +0.00,   0.00,  4.96
:SA,   +0.00,   +0.00,  0.00
:TS,04010100054112,35.0, +26.6,   0.0,1538.2,624
:BI,-32768,-32768,-32768,-32768,V
:BS,-32768,-32768,-32768,V
:BE,-32768,-32768,-32768,V
:BD,        +0.00,        +0.00,        +0.00,   0.00,  5.04
:SA,   +0.00,   +0.00,  0.00
:TS,04010100054123,35.0, +26.6,   0.0,1538.2,621
:BI,-32768,-32768,-32768,-32768,V
:BS,-32768,-32768,-32768,V
:BE,-32768,-32768,-32768,V
:BD,        +0.00,        +0.00,        +0.00,   0.00,  5.15
:SA,   +0.00,   +0.00,  0.00
:TS,04010100054132,35.0, +26.6,   0.0,1538.2,627
:BI,-32768,-32768,-32768,-32768,V
:BS,-32768,-32768,-32768,V
:BE,-32768,-32768,-32768,V
:BD,        +0.00,        +0.00,        +0.00,   0.00,  5.24
:SA,   +0.00,   +0.00,  0.00
:TS,04010100054140,35.0, +26.6,   0.0,1538.2,628
:BI,-32768,-32768,-32768,-32768,V
:BS,-32768,-32768,-32768,V
:BE,-32768,-32768,-32768,V
:BD,        +0.00,        +0.00,        +0.00,   0.00,  5.32
:SA,   +0.00,   +0.00,  0.00
:TS,04010100054150,35.0, +26.6,   0.0,1538.2,622
:BI,-32768,-32768,-32768,-32768,V
:BS,-32768,-32768,-32768,V
:BE,-32768,-32768,-32768,V
:BD,        +0.00,        +0.00,        +0.00,   0.00,  5.42
:SA,   +0.00,   +0.00,  0.00
:TS,04010100054159,35.0, +26.6,   0.0,1538.2,623
:BI,-32768,-32768,-32768,-32768,V
:BS,-32768,-32768,-32768,V
:BE,-32768,-32768,-32768,V
:BD,        +0.00,        +0.00,        +0.00,   0.00,  5.51
:SA,   +0.00,   +0.00,  0.00
:TS,04010100054172,35.0, +26.6,   0.0,1538.2,624
:BI,-32768,-32768,-32768,-32768,V
:BS,-32768,-32768,-32768,V
:BE,-32768,-32768,-32768,V
:BD,        +0.00,        +0.00,        +0.00,   0.00,  5.64
:SA,   +0.00,   +0.00,  0.00
:TS,04010100054183,35.0, +26.6,   0.0,1538.2,621
:BI,-32768,-32768,-32768,-32768,V
:BS,-32768,-32768,-32768,V
:BE,-32768,-32768,-32768,V
:BD,        +0.00,        +0.00,        +0.00,   0.00,  5.75
:SA,   +0.00,   +0.00,  0.00
:TS,04010100054193,35.0, +26.6,   0.0,1538.2,627
:BI,-32768,-32768,-32768,-32768,V
:BS,-32768,-32768,-32768,V
:BE,-32768,-32768,-32768,V
:BD,        +0.00,        +0.00,        +0.00,   0.00,  5.85
:SA,   +0.00,   +0.00,  0.00
:TS,04010100054202,35.0, +26.6,   0.0,1538.2,628
:BI,-32768,-32768,-32768,-32768,V
:BS,-32768,-32768,-32768,V
:BE,-32768,-32768,-32768,V
:BD,        +0.00,        +0.00,        +0.00,   0.00,  5.94
:SA,   +0.00,   +0.00,  0.00
:TS,04010100054210,35.0, +26.6,   0.0,1538.2,622
:BI,-32768,-32768,-32768,-32768,V
:BS,-32768,-32768,-32768,V
:BE,-32768,-32768,-32768,V
:BD,        +0.00,        +0.00,        +0.00,   0.00,  6.02
:SA,   +0.00,   +0.00,  0.00
:TS,04010100054220,35.0, +26.6,   0.0,1538.2,623
:BI,-32768,-32768,-32768,-32768,V
:BS,-32768,-32768,-32768,V
:BE,-32768,-32768,-32768,V
:BD,        +0.00,        +0.00,        +0.00,   0.00,  6.12
:SA,   +0.00,   +0.00,  0.00
:TS,04010100054228,35.0, +26.6,   0.0,1538.2,624
:BI,-32768,-32768,-32768,-32768,V
:BS,-32768,-32768,-32768,V
:BE,-32768,-32768,-32768,V
:BD,        +0.00,        +0.00,        +0.00,   0.00,  6.20
:SA,   +0.00,   +0.00,  0.00
:TS,04010100054237,35.0, +26.6,   0.0,1538.2,621
:BI,-32768,-32768,-32768,-32768,V
:BS,-32768,-32768,-32768,V
:BE,-32768,-32768,-32768,V
:BD,        +0.00,        +0.00,        +0.00,   0.00,  6.29
:SA,   +0.00,   +0.00,  0.00
:TS,04010100054247,35.0, +26.6,   0.0,1538.2,627
:BI,-32768,-32768,-32768,-32768,V
:BS,-32768,-32768,-32768,V
:BE,-32768,-32768,-32768,V
:BD,        +0.00,        +0.00,        +0.00,   0.00,  6.39
:SA,   +0.00,   +0.00,  0.00
:TS,04010100054256,35.0, +26.6,   0.0,1538.2,628
:BI,-32768,-32768,-32768,-32768,V
:BS,-32768,-32768,-32768,V
:BE,-32768,-32768,-32768,V
:BD,        +0.00,        +0.00,        +0.00,   0.00,  6.48
:SA,   +0.00,   +0.00,  0.00
:TS,04010100054267,35.0, +26.6,   0.0,1538.2,622
:BI,-32768,-32768,-32768,-32768,V
:BS,-32768,-32768,-32768,V
:BE,-32768,-32768,-32768,V
:BD,        +0.00,        +0.00,        +0.00,   0.00,  6.59
:SA,   +0.00,   +0.00,  0.00
:TS,04010100054275,35.0, +26.6,   0.0,1538.2,623
:BI,-32768,-32768,-32768,-32768,V
:BS,-32768,-32768,-32768,V
:BE,-32768,-32768,-32768,V
:BD,        +0.00,        +0.00,        +0.00,   0.00,  6.67
:SA,   +0.00,   +0.00,  0.00
:TS,04010100054287,35.0, +26.6,   0.0,1538.2,624
:BI,-32768,-32768,-32768,-32768,V
:BS,-32768,-32768,-32768,V
:BE,-32768,-32768,-32768,V
:BD,        +0.00,        +0.00,        +0.00,   0.00,  6.79
:SA,   +0.00,   +0.00,  0.00
:TS,04010100054297,35.0, +26.6,   0.0,1538.2,621
:BI,-32768,-32768,-32768,-32768,V
:BS,-32768,-32768,-32768,V
:BE,-32768,-32768,-32768,V
:BD,        +0.00,        +0.00,        +0.00,   0.00,  6.89
:SA,   +0.00,   +0.00,  0.00
:TS,04010100054305,35.0, +26.6,   0.0,1538.2,627
:BI,-32768,-32768,-32768,-32768,V
:BS,-32768,-32768,-32768,V
:BE,-32768,-32768,-32768,V
:BD,        +0.00,        +0.00,        +0.00,   0.00,  6.97
:SA,   +0.00,   +0.00,  0.00
:TS,04010100054316,35.0, +26.6,   0.0,1538.2,628
:BI,-32768,-32768,-32768,-32768,V
:BS,-32768,-32768,-32768,V
:BE,-32768,-32768,-32768,V
:BD,        +0.00,        +0.00,        +0.00,   0.00,  7.08
:SA,   +0.00,   +0.00,  0.00
:TS,04010100054324,35.0, +26.6,   0.0,1538.2,622
:BI,-32768,-32768,-32768,-32768,V
:BS,-32768,-32768,-32768,V
:BE,-32768,-32768,-32768,V
:BD,        +0.00,        +0.00,        +0.00,   0.00,  7.16
:SA,   +0.00,   +0.00,  0.00
:TS,04010100054333,35.0, +26.6,   0.0,1538.2,623
:BI,-32768,-32768,-32768,-32768,V
:BS,-32768,-32768,-32768,V
:BE,-32768,-32768,-32768,V
:BD,        +0.00,        +0.00,        +0.00,   0.00,  7.25
:SA,   +0.00,   +0.00,  0.00
:TS,04010100054343,35.0, +26.6,   0.0,1538.2,624
:BI,-32768,-32768,-32768,-32768,V
:BS,-32768,-32768,-32768,V
:BE,-32768,-32768,-32768,V
:BD,        +0.00,        +0.00,        +0.00,   0.00,  7.35
:SA,   +0.00,   +0.00,  0.00
:TS,04010100054352,35.0, +26.6,   0.0,1538.2,621
:BI,-32768,-32768,-32768,-32768,V
:BS,-32768,-32768,-32768,V
:BE,-32768,-32768,-32768,V
:BD,        +0.00,        +0.00,        +0.00,   0.00,  7.44
:SA,   +0.00,   +0.00,  0.00
:TS,04010100054363,35.0, +26.6,   0.0,1538.2,627
:BI,-32768,-32768,-32768,-32768,V
:BS,-32768,-32768,-32768,V
:BE,-32768,-32768,-32768,V
:BD,        +0.00,        +0.00,        +0.00,   0.00,  7.55
:SA,   +0.00,   +0.00,  0.00
:TS,04010100054371,35.0, +26.6,   0.0,1538.2,628
:BI,-32768,-32768,-32768,-32768,V
:BS,-32768,-32768,-32768,V
:BE,-32768,-32768,-32768,V
:BD,        +0.00,        +0.00,        +0.00,   0.00,  7.63
:SA,   +0.00,   +0.00,  0.00
:TS,04010100054380,35.0, +26.6,   0.0,1538.2,622
:BI,-32768,-32768,-32768,-32768,V
:BS,-32768,-32768,-32768,V
:BE,-32768,-32768,-32768,V
:BD,        +0.00,        +0.00,        +0.00,   0.00,  7.72
:SA,   +0.00,   +0.00,  0.00
:TS,04010100054390,35.0, +26.6,   0.0,1538.2,623
:BI,-32768,-32768,-32768,-32768,V
:BS,-32768,-32768,-32768,V
:BE,-32768,-32768,-32768,V
:BD,        +0.00,        +0.00,        +0.00,   0.00,  7.82
:SA,   +0.00,   +0.00,  0.00
:TS,04010100054401,35.0, +26.6,   0.0,1538.2,624
:BI,-32768,-32768,-32768,-32768,V
:BS,-32768,-32768,-32768,V
:BE,-32768,-32768,-32768,V
:BD,        +0.00,        +0.00,        +0.00,   0.00,  7.93
:SA,   +0.00,   +0.00,  0.00
:TS,04010100054413,35.0, +26.6,   0.0,1538.2,621
:BI,-32768,-32768,-32768,-32768,V
:BS,-32768,-32768,-32768,V
:BE,-32768,-32768,-32768,V
:BD,        +0.00,        +0.00,        +0.00,   0.00,  8.05
:SA,   +0.00,   +0.00,  0.00
:TS,04010100054423,35.0, +26.6,   0.0,1538.2,627
:BI,-32768,-32768,-32768,-32768,V
:BS,-32768,-32768,-32768,V
:BE,-32768,-32768,-32768,V
:BD,        +0.00,        +0.00,        +0.00,   0.00,  8.15
:SA,   +0.00,   +0.00,  0.00
:TS,04010100054432,35.0, +26.6,   0.0,1538.2,628
:BI,-32768,-32768,-32768,-32768,V
:BS,-32768,-32768,-32768,V
:BE,-32768,-32768,-32768,V
:BD,        +0.00,        +0.00,        +0.00,   0.00,  8.24
:SA,   +0.00,   +0.00,  0.00
:TS,04010100054441,35.0, +26.6,   0.0,1538.2,622
:BI,-32768,-32768,-32768,-32768,V
:BS,-32768,-32768,-32768,V
:BE,-32768,-32768,-32768,V
:BD,        +0.00,        +0.00,        +0.00,   0.00,  8.33
:SA,   +0.00,   +0.00,  0.00
:TS,04010100054448,35.0, +26.6,   0.0,1538.2,623
:BI,-32768,-32768,-32768,-32768,V
:BS,-32768,-32768,-32768,V
:BE,-32768,-32768,-32768,V
:BD,        +0.00,        +0.00,        +0.00,   0.00,  8.40
:SA,   +0.00,   +0.00,  0.00
:TS,04010100054459,35.0, +26.6,   0.0,1538.2,624
:BI,-32768,-32768,-32768,-32768,V
:BS,-32768,-32768,-32768,V
:BE,-32768,-32768,-32768,V
:BD,        +0.00,        +0.00,        +0.00,   0.00,  8.51
:SA,   +0.00,   +0.00,  0.00
:TS,04010100054467,35.0, +26.6,   0.0,1538.2,621
:BI,-32768,-32768,-32768,-32768,V
:BS,-32768,-32768,-32768,V
:BE,-32768,-32768,-32768,V
:BD,        +0.00,        +0.00,        +0.00,   0.00,  8.59
:SA,   +0.00,   +0.00,  0.00
:TS,04010100054476,35.0, +26.6,   0.0,1538.2,627
:BI,-32768,-32768,-32768,-32768,V
:BS,-32768,-32768,-32768,V
:BE,-32768,-32768,-32768,V
:BD,        +0.00,        +0.00,        +0.00,   0.00,  8.68
:SA,   +0.00,   +0.00,  0.00
:TS,04010100054486,35.0, +26.6,   0.0,1538.2,628
:BI,-32768,-32768,-32768,-32768,V
:BS,-32768,-32768,-32768,V
:BE,-32768,-32768,-32768,V
:BD,        +0.00,        +0.00,        +0.00,   0.00,  8.78
:SA,   +0.00,   +0.00,  0.00
:TS,04010100054495,35.0, +26.6,   0.0,1538.2,622
:BI,-32768,-32768,-32768,-32768,V
:BS,-32768,-32768,-32768,V
:BE,-32768,-32768,-32768,V
:BD,        +0.00,        +0.00,        +0.00,   0.00,  8.87
:SA,   +0.00,   +0.00,  0.00
:TS,04010100054506,35.0, +26.6,   0.0,1538.2,623
:BI,-32768,-32768,-32768,-32768,V
:BS,-32768,-32768,-32768,V
:BE,-32768,-32768,-32768,V
:BD,        +0.00,        +0.00,        +0.00,   0.00,  8.98
:SA,   +0.00,   +0.00,  0.00
:TS,04010100054517,35.0, +26.6,   0.0,1538.2,624
:BI,-32768,-32768,-32768,-32768,V
:BS,-32768,-32768,-32768,V
:BE,-32768,-32768,-32768,V
:BD,        +0.00,        +0.00,        +0.00,   0.00,  9.09
:SA,   +0.00,   +0.00,  0.00
:TS,04010100054527,35.0, +26.6,   0.0,1538.2,621
:BI,-32768,-32768,-32768,-32768,V
:BS,-32768,-32768,-32768,V
:BE,-32768,-32768,-32768,V
:BD,        +0.00,        +0.00,        +0.00,   0.00,  9.19
:SA,   +0.00,   +0.00,  0.00
:TS,04010100054536,35.0, +26.6,   0.0,1538.2,627
:BI,-32768,-32768,-32768,-32768,V
:BS,-32768,-32768,-32768,V
:BE,-32768,-32768,-32768,V
:BD,        +0.00,        +0.00,        +0.00,   0.00,  9.28
:SA,   +0.00,   +0.00,  0.00
:TS,04010100054544,35.0, +26.6,   0.0,1538.2,628
:BI,-32768,-32768,-32768,-32768,V
:BS,-32768,-32768,-32768,V
:BE,-32768,-32768,-32768,V
:BD,        +0.00,        +0.00,        +0.00,   0.00,  9.36
:SA,   +0.00,   +0.00,  0.00
:TS,04010100054555,35.0, +26.6,   0.0,1538.2,622
:BI,-32768,-32768,-32768,-32768,V
:BS,-32768,-32768,-32768,V
:BE,-32768,-32768,-32768,V
:BD,        +0.00,        +0.00,        +0.00,   0.00,  9.47
:SA,   +0.00,   +0.00,  0.00
:TS,04010100054564,35.0, +26.6,   0.0,1538.2,623
:BI,-32768,-32768,-32768,-32768,V
:BS,-32768,-32768,-32768,V
:BE,-32768,-32768,-32768,V
:BD,        +0.00,        +0.00,        +0.00,   0.00,  9.56
:SA,   +0.00,   +0.00,  0.00
:TS,04010100054572,35.0, +26.6,   0.0,1538.2,624
:BI,-32768,-32768,-32768,-32768,V
:BS,-32768,-32768,-32768,V
:BE,-32768,-32768,-32768,V
:BD,        +0.00,        +0.00,        +0.00,   0.00,  9.64
:SA,   +0.00,   +0.00,  0.00
:TS,04010100054582,35.0, +26.6,   0.0,1538.2,621
:BI,-32768,-32768,-32768,-32768,V
:BS,-32768,-32768,-32768,V
:BE,-32768,-32768,-32768,V
:BD,        +0.00,        +0.00,        +0.00,   0.00,  9.74
:SA,   +0.00,   +0.00,  0.00
:TS,04010100054591,35.0, +26.6,   0.0,1538.2,627
:BI,-32768,-32768,-32768,-32768,V
:BS,-32768,-32768,-32768,V
:BE,-32768,-32768,-32768,V
:BD,        +0.00,        +0.00,        +0.00,   0.00,  9.83
:SA,   +0.00,   +0.00,  0.00
:TS,04010100054602,35.0, +26.6,   0.0,1538.2,628
:BI,-32768,-32768,-32768,-32768,V
:BS,-32768,-32768,-32768,V
:BE,-32768,-32768,-32768,V
:BD,        +0.00,        +0.00,        +0.00,   0.00,  9.94
:SA,   +0.00,   +0.00,  0.00
:TS,04010100054611,35.0, +26.6,   0.0,1538.2,622
:BI,-32768,-32768,-32768,-32768,V
:BS,-32768,-32768,-32768,V
:BE,-32768,-32768,-32768,V
:BD,        +0.00,        +0.00,        +0.00,   0.00, 10.03
:SA,   +0.00,   +0.00,  0.00
:TS,04010100054619,35.0, +26.6,   0.0,1538.2,623
:BI,-32768,-32768,-32768,-32768,V
:BS,-32768,-32768,-32768,V
:BE,-32768,-32768,-32768,V
:BD,        +0.00,        +0.00,        +0.00,   0.00, 10.11
:SA,   +0.00,   +0.00,  0.00
:TS,04010100054631,35.0, +26.6,   0.0,1538.2,624
:BI,-32768,-32768,-32768,-32768,V
:BS,-32768,-32768,-32768,V
:BE,-32768,-32768,-32768,V
:BD,        +0.00,        +0.00,        +0.00,   0.00, 10.23
:SA,   +0.00,   +0.00,  0.00
:TS,04010100054641,35.0, +26.6,   0.0,1538.2,621
:BI,-32768,-32768,-32768,-32768,V
:BS,-32768,-32768,-32768,V
:BE,-32768,-32768,-32768,V
:BD,        +0.00,        +0.00,        +0.00,   0.00, 10.33
:SA,   +0.00,   +0.00,  0.00
:TS,04010100054652,35.0, +26.6,   0.0,1538.2,627
:BI,-32768,-32768,-32768,-32768,V
:BS,-32768,-32768,-32768,V
:BE,-32768,-32768,-32768,V
:BD,        +0.00,        +0.00,        +0.00,   0.00, 10.44
:SA,   +0.00,   +0.00,  0.00
:TS,04010100054660,35.0, +26.6,   0.0,1538.2,628
:BI,-32768,-32768,-32768,-32768,V
:BS,-32768,-32768,-32768,V
:BE,-32768,-32768,-32768,V
:BD,        +0.00,        +0.00,        +0.00,   0.00, 10.52
:SA,   +0.00,   +0.00,  0.00
:TS,04010100054669,35.0, +26.6,   0.0,1538.2,622
:BI,-32768,-32768,-32768,-32768,V
:BS,-32768,-32768,-32768,V
:BE,-32768,-32768,-32768,V
:BD,        +0.00,        +0.00,        +0.00,   0.00, 10.61
:SA,   +0.00,   +0.00,  0.00
:TS,04010100054679,35.0, +26.6,   0.0,1538.2,623
:BI,-32768,-32768,-32768,-32768,V
:BS,-32768,-32768,-32768,V
:BE,-32768,-32768,-32768,V
:BD,        +0.00,        +0.00,        +0.00,   0.00, 10.71
:SA,   +0.00,   +0.00,  0.00
:TS,04010100054688,35.0, +26.6,   0.0,1538.2,624
:BI,-32768,-32768,-32768,-32768,V
:BS,-32768,-32768,-32768,V
:BE,-32768,-32768,-32768,V
:BD,        +0.00,        +0.00,        +0.00,   0.00, 10.80
:SA,   +0.00,   +0.00,  0.00
:TS,04010100054699,35.0, +26.6,   0.0,1538.2,621
:BI,-32768,-32768,-32768,-32768,V
:BS,-32768,-32768,-32768,V
:BE,-32768,-32768,-32768,V
:BD,        +0.00,        +0.00,        +0.00,   0.00, 10.91
:SA,   +0.00,   +0.00,  0.00
:TS,04010100054707,35.0, +26.6,   0.0,1538.2,627
:BI,-32768,-32768,-32768,-32768,V
:BS,-32768,-32768,-32768,V
:BE,-32768,-32768,-32768,V
:BD,        +0.00,        +0.00,        +0.00,   0.00, 10.99
:SA,   +0.00,   +0.00,  0.00
:TS,04010100054716,35.0, +26.6,   0.0,1538.2,628
:BI,-32768,-32768,-32768,-32768,V
:BS,-32768,-32768,-32768,V
:BE,-32768,-32768,-32768,V
:BD,        +0.00,        +0.00,        +0.00,   0.00, 11.08
:SA,   +0.00,   +0.00,  0.00
:TS,04010100054726,35.0, +26.6,   0.0,1538.2,622
:BI,-32768,-32768,-32768,-32768,V
:BS,-32768,-32768,-32768,V
:BE,-32768,-32768,-32768,V
:BD,        +0.00,        +0.00,        +0.00,   0.00, 11.18
:SA,   +0.00,   +0.00,  0.00
:TS,04010100054735,35.0, +26.6,   0.0,1538.2,623
:BI,-32768,-32768,-32768,-32768,V
:BS,-32768,-32768,-32768,V
:BE,-32768,-32768,-32768,V
:BD,        +0.00,        +0.00,        +0.00,   0.00, 11.27
:SA,   +0.00,   +0.00,  0.00
:TS,04010100054748,35.0, +26.6,   0.0,1538.2,624
:BI,-32768,-32768,-32768,-32768,V
:BS,-32768,-32768,-32768,V
:BE,-32768,-32768,-32768,V
:BD,        +0.00,        +0.00,        +0.00,   0.00, 11.40
:SA,   +0.00,   +0.00,  0.00
:TS,04010100054759,35.0, +26.6,   0.0,1538.2,621
:BI,-32768,-32768,-32768,-32768,V
:BS,-32768,-32768,-32768,V
:BE,-32768,-32768,-32768,V
:BD,        +0.00,        +0.00,        +0.00,   0.00, 11.51
:SA,   +0.00,   +0.00,  0.00
:TS,04010100054768,35.0, +26.6,   0.0,1538.2,627
:BI,-32768,-32768,-32768,-32768,V
:BS,-32768,-32768,-32768,V
:BE,-32768,-32768,-32768,V
:BD,        +0.00,        +0.00,        +0.00,   0.00, 11.60
:SA,   +0.00,   +0.00,  0.00
:TS,04010100054777,35.0, +26.6,   0.0,1538.2,628
:BI,-32768,-32768,-32768,-32768,V
:BS,-32768,-32768,-32768,V
:BE,-32768,-32768,-32768,V
:BD,        +0.00,        +0.00,        +0.00,   0.00, 11.69
:SA,   +0.00,   +0.00,  0.00
:TS,04010100054784,35.0, +26.6,   0.0,1538.2,622
:BI,-32768,-32768,-32768,-32768,V
:BS,-32768,-32768,-32768,V
:BE,-32768,-32768,-32768,V
:BD,        +0.00,        +0.00,        +0.00,   0.00, 11.76
:SA,   +0.00,   +0.00,  0.00
:TS,04010100054795,35.0, +26.6,   0.0,1538.2,623
:BI,-32768,-32768,-32768,-32768,V
:BS,-32768,-32768,-32768,V
:BE,-32768,-32768,-32768,V
:BD,        +0.00,        +0.00,        +0.00,   0.00, 11.87
:SA,   +0.00,   +0.00,  0.00
:TS,04010100054804,35.0, +26.6,   0.0,1538.2,624
:BI,-32768,-32768,-32768,-32768,V
:BS,-32768,-32768,-32768,V
:BE,-32768,-32768,-32768,V
:BD,        +0.00,        +0.00,        +0.00,   0.00, 11.96
:SA,   +0.00,   +0.00,  0.00
:TS,04010100054812,35.0, +26.6,   0.0,1538.2,621
:BI,-32768,-32768,-32768,-32768,V
:BS,-32768,-32768,-32768,V
:BE,-32768,-32768,-32768,V
:BD,        +0.00,        +0.00,        +0.00,   0.00, 12.04
:SA,   +0.00,   +0.00,  0.00
