>BP001
>BX00060
>EA09000
>ES35
>TE00:00:00.00
>TP00:00.00
>PD6
>CK
[Parameters saved as USER defaults]

>CS
:SA,   +0.00,   +0.00,  0.00
:TS,04010100050303,35.0, +21.0,   0.0,1524.2,621
:BI,-32768,-32768,-32768,-32768,V
:BS,-32768,-32768,-32768,V
:BE,-32768,-32768,-32768,V
:BD,        +0.00,        +0.00,        +0.00,   0.00,  0.00
:SA,   +0.00,   +0.00,  0.00
:TS,04010100050313,35.0, +21.0,   0.0,1524.2,627
:BI,-32768,-32768,-32768,-32768,V
:BS,-32768,-32768,-32768,V
:BE,-32768,-32768,-32768,V
:BD,        +0.00,        +0.00,        +0.00,   0.00,  0.10
:SA,   +0.00,   +0.00,  0.00
:TS,04010100050322,35.0, +21.0,   0.0,1524.2,628
:BI,-32768,-32768,-32768,-32768,V
:BS,-32768,-32768,-32768,V
:BE,-32768,-32768,-32768,V
:BD,        +0.00,        +0.00,        +0.00,   0.00,  0.19
:SA,   +0.00,   +0.00,  0.00
:TS,04010100050330,35.0, +21.0,   0.0,1524.2,622
:BI,-32768,-32768,-32768,-32768,V
:BS,-32768,-32768,-32768,V
:BE,-32768,-32768,-32768,V
:BD,        +0.00,        +0.00,        +0.00,   0.00,  0.27
:SA,   +0.00,   +0.00,  0.00
:TS,04010100050340,35.0, +21.0,   0.0,1524.2,623
:BI,-32768,-32768,-32768,-32768,V
:BS,-32768,-32768,-32768,V
:BE,-32768,-32768,-32768,V
:BD,        +0.00,        +0.00,        +0.00,   0.00,  0.37
:SA,   +0.00,   +0.00,  0.00
:TS,04010100050349,35.0, +21.0,   0.0,1524.2,624
:BI,-32768,-32768,-32768,-32768,V
:BS,-32768,-32768,-32768,V
:BE,-32768,-32768,-32768,V
:BD,        +0.00,        +0.00,        +0.00,   0.00,  0.46
:SA,   +0.00,   +0.00,  0.00
:TS,04010100050358,35.0, +21.0,   0.0,1524.2,621
:BI,-32768,-32768,-32768,-32768,V
:BS,-32768,-32768,-32768,V
:BE,-32768,-32768,-32768,V
:BD,        +0.00,        +0.00,        +0.00,   0.00,  0.55
:SA,   +0.00,   +0.00,  0.00
:TS,04010100050367,35.0, +21.0,   0.0,1524.2,627
:BI,-32768,-32768,-32768,-32768,V
:BS,-32768,-32768,-32768,V
:BE,-32768,-32768,-32768,V
:BD,        +0.00,        +0.00,        +0.00,   0.00,  0.64
:SA,   +0.00,   +0.00,  0.00
:TS,04010100050376,35.0, +21.0,   0.0,1524.2,628
:BI,-32768,-32768,-32768,-32768,V
:BS,-32768,-32768,-32768,V
:BE,-32768,-32768,-32768,V
:BD,        +0.00,        +0.00,        +0.00,   0.00,  0.73
:SA,   +0.00,   +0.00,  0.00
:TS,04010100050387,35.0, +21.0,   0.0,1524.2,622
:BI,-32768,-32768,-32768,-32768,V
:BS,-32768,-32768,-32768,V
:BE,-32768,-32768,-32768,V
:BD,        +0.00,        +0.00,        +0.00,   0.00,  0.84
:SA,   +0.00,   +0.00,  0.00
:TS,04010100050396,35.0, +21.0,   0.0,1524.2,623
:BI,-32768,-32768,-32768,-32768,V
:BS,-32768,-32768,-32768,V
:BE,-32768,-32768,-32768,V
:BD,        +0.00,        +0.00,        +0.00,   0.00,  0.93
:SA,   +0.00,   +0.00,  0.00
:TS,04010100050407,35.0, +23.7,   0.0,1531.3,624
:BI,-32768,-32768,-32768,-32768,V
:BS,-32768,-32768,-32768,V
:BE,-32768,-32768,-32768,V
:BD,        +0.00,        +0.00,        +0.00,   0.00,  1.04
:SA,   +0.00,   +0.00,  0.00
:TS,04010100050417,35.0, +23.7,   0.0,1531.3,621
:BI,-32768,-32768,-32768,-32768,V
:BS,-32768,-32768,-32768,V
:BE,-32768,-32768,-32768,V
:BD,        +0.00,        +0.00,        +0.00,   0.00,  1.14
:SA,   +0.00,   +0.00,  0.00
:TS,04010100050426,35.0, +23.7,   0.0,1531.3,627
:BI,-32768,-32768,-32768,-32768,V
:BS,-32768,-32768,-32768,V
:BE,-32768,-32768,-32768,V
:BD,        +0.00,        +0.00,        +0.00,   0.00,  1.23
:SA,   +0.00,   +0.00,  0.00
:TS,04010100050436,35.0, +23.7,   0.0,1531.3,628
:BI,-32768,-32768,-32768,-32768,V
:BS,-32768,-32768,-32768,V
:BE,-32768,-32768,-32768,V
:BD,        +0.00,        +0.00,        +0.00,   0.00,  1.33
:SA,   +0.00,   +0.00,  0.00
:TS,04010100050445,35.0, +23.7,   0.0,1531.3,622
:BI,-32768,-32768,-32768,-32768,V
:BS,-32768,-32768,-32768,V
:BE,-32768,-32768,-32768,V
:BD,        +0.00,        +0.00,        +0.00,   0.00,  1.42
:SA,   +0.00,   +0.00,  0.00
:TS,04010100050454,35.0, +23.7,   0.0,1531.3,623
:BI,-32768,-32768,-32768,-32768,V
:BS,-32768,-32768,-32768,V
:BE,-32768,-32768,-32768,V
:BD,        +0.00,        +0.00,        +0.00,   0.00,  1.51
:SA,   +0.00,   +0.00,  0.00
:TS,04010100050463,35.0, +23.7,   0.0,1531.3,624
:BI,-32768,-32768,-32768,-32768,V
:BS,-32768,-32768,-32768,V
:BE,-32768,-32768,-32768,V
:BD,        +0.00,        +0.00,        +0.00,   0.00,  1.60
:SA,   +0.00,   +0.00,  0.00
:TS,04010100050472,35.0, +23.7,   0.0,1531.3,621
:BI,-32768,-32768,-32768,-32768,V
:BS,-32768,-32768,-32768,V
:BE,-32768,-32768,-32768,V
:BD,        +0.00,        +0.00,        +0.00,   0.00,  1.69
:SA,   +0.00,   +0.00,  0.00
:TS,04010100050483,35.0, +23.7,   0.0,1531.3,627
:BI,-32768,-32768,-32768,-32768,V
:BS,-32768,-32768,-32768,V
:BE,-32768,-32768,-32768,V
:BD,        +0.00,        +0.00,        +0.00,   0.00,  1.80
:SA,   +0.00,   +0.00,  0.00
:TS,04010100050492,35.0, +23.7,   0.0,1531.3,628
:BI,-32768,-32768,-32768,-32768,V
:BS,-32768,-32768,-32768,V
:BE,-32768,-32768,-32768,V
:BD,        +0.00,        +0.00,        +0.00,   0.00,  1.89
:SA,   +0.00,   +0.00,  0.00
:TS,04010100050501,35.0, +23.7,   0.0,1531.3,622
:BI,-32768,-32768,-32768,-32768,V
:BS,-32768,-32768,-32768,V
:BE,-32768,-32768,-32768,V
:BD,        +0.00,        +0.00,        +0.00,   0.00,  1.98
:SA,   +0.00,   +0.00,  0.00
:TS,04010100050510,35.0, +23.7,   0.0,1531.3,623
:BI,-32768,-32768,-32768,-32768,V
:BS,-32768,-32768,-32768,V
:BE,-32768,-32768,-32768,V
:BD,        +0.00,        +0.00,        +0.00,   0.00,  2.07
:SA,   +0.00,   +0.00,  0.00
:TS,04010100050521,35.0, +23.7,   0.0,1531.3,624
:BI,-32768,-32768,-32768,-32768,V
:BS,-32768,-32768,-32768,V
:BE,-32768,-32768,-32768,V
:BD,        +0.00,        +0.00,        +0.00,   0.00,  2.18
:SA,   +0.00,   +0.00,  0.00
:TS,04010100050533,35.0, +23.7,   0.0,1531.3,621
:BI,-32768,-32768,-32768,-32768,V
:BS,-32768,-32768,-32768,V
:BE,-32768,-32768,-32768,V
:BD,        +0.00,        +0.00,        +0.00,   0.00,  2.30
