>BP001
>BX00060
>EA09000
>ES35
>TE00:00:00.00
>TP00:00.00
>PD6
>CK
[Parameters saved as USER defaults]

>CS
:SA,   +0.00,   +0.00,  0.00
:TS,04010410132221,35.0, +21.0,   0.0,1524.2,621
:BI,-32768,-32768,-32768,-32768,V
:BS,-32768,-32768,-32768,V
:BE,-32768,-32768,-32768,V
:BD,        +0.00,        +0.00,        +0.00,   0.00,  0.00
:SA,   +0.00,   +0.00,  0.00
:TS,04010410132231,35.0, +21.0,   0.0,1524.2,627
:BI,-32768,-32768,-32768,-32768,V
:BS,-32768,-32768,-32768,V
:BE,-32768,-32768,-32768,V
:BD,        +0.00,        +0.00,        +0.00,   0.00,  0.10
:SA,   +0.00,   +0.00,  0.00
:TS,04010410132240,35.0, +21.0,   0.0,1524.2,628
:BI,-32768,-32768,-32768,-32768,V
:BS,-32768,-32768,-32768,V
:BE,-32768,-32768,-32768,V
:BD,        +0.00,        +0.00,        +0.00,   0.00,  0.19
:SA,   +0.00,   +0.00,  0.00
:TS,04010410132248,35.0, +21.0,   0.0,1524.2,622
:BI,-32768,-32768,-32768,-32768,V
:BS,-32768,-32768,-32768,V
:BE,-32768,-32768,-32768,V
:BD,        +0.00,        +0.00,        +0.00,   0.00,  0.27
:SA,   +0.00,   +0.00,  0.00
:TS,04010410132258,35.0, +21.0,   0.0,1524.2,623
:BI,-32768,-32768,-32768,-32768,V
:BS,-32768,-32768,-32768,V
:BE,-32768,-32768,-32768,V
:BD,        +0.00,        +0.00,        +0.00,   0.00,  0.37
:SA,   +0.00,   +0.00,  0.00
:TS,04010410132267,35.0, +21.0,   0.0,1524.2,624
:BI,-32768,-32768,-32768,-32768,V
:BS,-32768,-32768,-32768,V
:BE,-32768,-32768,-32768,V
:BD,        +0.00,        +0.00,        +0.00,   0.00,  0.46
:SA,   +0.00,   +0.00,  0.00
:TS,04010410132276,35.0, +21.0,   0.0,1524.2,621
:BI,-32768,-32768,-32768,-32768,V
:BS,-32768,-32768,-32768,V
:BE,-32768,-32768,-32768,V
:BD,        +0.00,        +0.00,        +0.00,   0.00,  0.55
:SA,   +0.00,   +0.00,  0.00
:TS,04010410132285,35.0, +21.0,   0.0,1524.2,627
:BI,-32768,-32768,-32768,-32768,V
:BS,-32768,-32768,-32768,V
:BE,-32768,-32768,-32768,V
:BD,        +0.00,        +0.00,        +0.00,   0.00,  0.64
:SA,   +0.00,   +0.00,  0.00
:TS,04010410132294,35.0, +21.0,   0.0,1524.2,628
:BI,-32768,-32768,-32768,-32768,V
:BS,-32768,-32768,-32768,V
:BE,-32768,-32768,-32768,V
:BD,        +0.00,        +0.00,        +0.00,   0.00,  0.73
:SA,   +0.00,   +0.00,  0.00
:TS,04010410132305,35.0, +21.0,   0.0,1524.2,622
:BI,-32768,-32768,-32768,-32768,V
:BS,-32768,-32768,-32768,V
:BE,-32768,-32768,-32768,V
:BD,        +0.00,        +0.00,        +0.00,   0.00,  0.84
:SA,   +0.00,   +0.00,  0.00
:TS,04010410132314,35.0, +21.0,   0.0,1524.2,623
:BI,-32768,-32768,-32768,-32768,V
:BS,-32768,-32768,-32768,V
:BE,-32768,-32768,-32768,V
:BD,        +0.00,        +0.00,        +0.00,   0.00,  0.93
:SA,   +0.00,   +0.00,  0.00
:TS,04010410132325,35.0, +24.4,   0.0,1533.0,624
:BI,-32768,-32768,-32768,-32768,V
:BS,-32768,-32768,-32768,V
:BE,-32768,-32768,-32768,V
:BD,        +0.00,        +0.00,        +0.00,   0.00,  1.04
:SA,   +0.00,   +0.00,  0.00
:TS,04010410132335,35.0, +24.4,   0.0,1533.0,621
:BI,-32768,-32768,-32768,-32768,V
:BS,-32768,-32768,-32768,V
:BE,-32768,-32768,-32768,V
:BD,        +0.00,        +0.00,        +0.00,   0.00,  1.14
:SA,   +0.00,   +0.00,  0.00
:TS,04010410132344,35.0, +24.4,   0.0,1533.0,627
:BI,-32768,-32768,-32768,-32768,V
:BS,-32768,-32768,-32768,V
:BE,-32768,-32768,-32768,V
:BD,        +0.00,        +0.00,        +0.00,   0.00,  1.23
:SA,   +0.00,   +0.00,  0.00
:TS,04010410132354,35.0, +24.4,   0.0,1533.0,628
:BI,-32768,-32768,-32768,-32768,V
:BS,-32768,-32768,-32768,V
:BE,-32768,-32768,-32768,V
:BD,        +0.00,        +0.00,        +0.00,   0.00,  1.33
:SA,   +0.00,   +0.00,  0.00
:TS,04010410132363,35.0, +24.4,   0.0,1533.0,622
:BI,-32768,-32768,-32768,-32768,V
:BS,-32768,-32768,-32768,V
:BE,-32768,-32768,-32768,V
:BD,        +0.00,        +0.00,        +0.00,   0.00,  1.42
:SA,   +0.00,   +0.00,  0.00
:TS,04010410132372,35.0, +24.4,   0.0,1533.0,623
:BI,-32768,-32768,-32768,-32768,V
:BS,-32768,-32768,-32768,V
:BE,-32768,-32768,-32768,V
:BD,        +0.00,        +0.00,        +0.00,   0.00,  1.51
:SA,   +0.00,   +0.00,  0.00
:TS,04010410132381,35.0, +24.4,   0.0,1533.0,624
:BI,-32768,-32768,-32768,-32768,V
:BS,-32768,-32768,-32768,V
:BE,-32768,-32768,-32768,V
:BD,        +0.00,        +0.00,        +0.00,   0.00,  1.60
:SA,   +0.00,   +0.00,  0.00
:TS,04010410132390,35.0, +24.4,   0.0,1533.0,621
:BI,-32768,-32768,-32768,-32768,V
:BS,-32768,-32768,-32768,V
:BE,-32768,-32768,-32768,V
:BD,        +0.00,        +0.00,        +0.00,   0.00,  1.69
:SA,   +0.00,   +0.00,  0.00
:TS,04010410132401,35.0, +24.4,   0.0,1533.0,627
:BI,-32768,-32768,-32768,-32768,V
:BS,-32768,-32768,-32768,V
:BE,-32768,-32768,-32768,V
:BD,        +0.00,        +0.00,        +0.00,   0.00,  1.80
:SA,   +0.00,   +0.00,  0.00
:TS,04010410132410,35.0, +24.4,   0.0,1533.0,628
:BI,-32768,-32768,-32768,-32768,V
:BS,-32768,-32768,-32768,V
:BE,-32768,-32768,-32768,V
:BD,        +0.00,        +0.00,        +0.00,   0.00,  1.89
:SA,   +0.00,   +0.00,  0.00
:TS,04010410132419,35.0, +24.4,   0.0,1533.0,622
:BI,-32768,-32768,-32768,-32768,V
:BS,-32768,-32768,-32768,V
:BE,-32768,-32768,-32768,V
:BD,        +0.00,        +0.00,        +0.00,   0.00,  1.98
:SA,   +0.00,   +0.00,  0.00
:TS,04010410132428,35.0, +24.4,   0.0,1533.0,623
:BI,-32768,-32768,-32768,-32768,V
:BS,-32768,-32768,-32768,V
:BE,-32768,-32768,-32768,V
:BD,        +0.00,        +0.00,        +0.00,   0.00,  2.07
:SA,   +0.00,   +0.00,  0.00
:TS,04010410132440,35.0, +24.4,   0.0,1533.0,624
:BI,-32768,-32768,-32768,-32768,V
:BS,-32768,-32768,-32768,V
:BE,-32768,-32768,-32768,V
:BD,        +0.00,        +0.00,        +0.00,   0.00,  2.19
:SA,   +0.00,   +0.00,  0.00
:TS,04010410132451,35.0, +24.4,   0.0,1533.0,621
:BI,-32768,-32768,-32768,-32768,V
:BS,-32768,-32768,-32768,V
:BE,-32768,-32768,-32768,V
:BD,        +0.00,        +0.00,        +0.00,   0.00,  2.30
:SA,   +0.00,   +0.00,  0.00
:TS,04010410132460,35.0, +24.4,   0.0,1533.0,627
:BI,-32768,-32768,-32768,-32768,V
:BS,-32768,-32768,-32768,V
:BE,-32768,-32768,-32768,V
:BD,        +0.00,        +0.00,        +0.00,   0.00,  2.39
:SA,   +0.00,   +0.00,  0.00
:TS,04010410132469,35.0, +24.4,   0.0,1533.0,628
:BI,-32768,-32768,-32768,-32768,V
:BS,-32768,-32768,-32768,V
:BE,-32768,-32768,-32768,V
:BD,        +0.00,        +0.00,        +0.00,   0.00,  2.48
:SA,   +0.00,   +0.00,  0.00
:TS,04010410132478,35.0, +24.4,   0.0,1533.0,622
:BI,-32768,-32768,-32768,-32768,V
:BS,-32768,-32768,-32768,V
:BE,-32768,-32768,-32768,V
:BD,        +0.00,        +0.00,        +0.00,   0.00,  2.57
:SA,   +0.00,   +0.00,  0.00
:TS,04010410132486,35.0, +24.4,   0.0,1533.0,623
:BI,-32768,-32768,-32768,-32768,V
:BS,-32768,-32768,-32768,V
:BE,-32768,-32768,-32768,V
:BD,        +0.00,        +0.00,        +0.00,   0.00,  2.65
:SA,   +0.00,   +0.00,  0.00
:TS,04010410132497,35.0, +24.4,   0.0,1533.0,624
:BI,-32768,-32768,-32768,-32768,V
:BS,-32768,-32768,-32768,V
:BE,-32768,-32768,-32768,V
:BD,        +0.00,        +0.00,        +0.00,   0.00,  2.76
:SA,   +0.00,   +0.00,  0.00
:TS,04010410132506,35.0, +24.4,   0.0,1533.0,621
:BI,-32768,-32768,-32768,-32768,V
:BS,-32768,-32768,-32768,V
:BE,-32768,-32768,-32768,V
:BD,        +0.00,        +0.00,        +0.00,   0.00,  2.85
:SA,   +0.00,   +0.00,  0.00
:TS,04010410132515,35.0, +24.4,   0.0,1533.0,627
:BI,-32768,-32768,-32768,-32768,V
:BS,-32768,-32768,-32768,V
:BE,-32768,-32768,-32768,V
:BD,        +0.00,        +0.00,        +0.00,   0.00,  2.94
:SA,   +0.00,   +0.00,  0.00
:TS,04010410132524,35.0, +24.4,   0.0,1533.0,628
:BI,-32768,-32768,-32768,-32768,V
:BS,-32768,-32768,-32768,V
:BE,-32768,-32768,-32768,V
:BD,        +0.00,        +0.00,        +0.00,   0.00,  3.03
:SA,   +0.00,   +0.00,  0.00
:TS,04010410132533,35.0, +24.4,   0.0,1533.0,622
:BI,-32768,-32768,-32768,-32768,V
:BS,-32768,-32768,-32768,V
:BE,-32768,-32768,-32768,V
:BD,        +0.00,        +0.00,        +0.00,   0.00,  3.12
:SA,   +0.00,   +0.00,  0.00
:TS,04010410132544,35.0, +24.4,   0.0,1533.0,623
:BI,-32768,-32768,-32768,-32768,V
:BS,-32768,-32768,-32768,V
:BE,-32768,-32768,-32768,V
:BD,        +0.00,        +0.00,        +0.00,   0.00,  3.23
:SA,   +0.00,   +0.00,  0.00
:TS,04010410132555,35.0, +24.4,   0.0,1533.0,624
:BI,-32768,-32768,-32768,-32768,V
:BS,-32768,-32768,-32768,V
:BE,-32768,-32768,-32768,V
:BD,        +0.00,        +0.00,        +0.00,   0.00,  3.34
:SA,   +0.00,   +0.00,  0.00
:TS,04010410132565,35.0, +24.4,   0.0,1533.0,621
:BI,-32768,-32768,-32768,-32768,V
:BS,-32768,-32768,-32768,V
:BE,-32768,-32768,-32768,V
:BD,        +0.00,        +0.00,        +0.00,   0.00,  3.44
:SA,   +0.00,   +0.00,  0.00
:TS,04010410132574,35.0, +24.4,   0.0,1533.0,627
:BI,-32768,-32768,-32768,-32768,V
:BS,-32768,-32768,-32768,V
:BE,-32768,-32768,-32768,V
:BD,        +0.00,        +0.00,        +0.00,   0.00,  3.53
:SA,   +0.00,   +0.00,  0.00
:TS,04010410132582,35.0, +24.4,   0.0,1533.0,628
:BI,-32768,-32768,-32768,-32768,V
:BS,-32768,-32768,-32768,V
:BE,-32768,-32768,-32768,V
:BD,        +0.00,        +0.00,        +0.00,   0.00,  3.61
:SA,   +0.00,   +0.00,  0.00
:TS,04010410132592,35.0, +24.4,   0.0,1533.0,622
:BI,-32768,-32768,-32768,-32768,V
:BS,-32768,-32768,-32768,V
:BE,-32768,-32768,-32768,V
:BD,        +0.00,        +0.00,        +0.00,   0.00,  3.71
:SA,   +0.00,   +0.00,  0.00
:TS,04010410132601,35.0, +24.4,   0.0,1533.0,623
:BI,-32768,-32768,-32768,-32768,V
:BS,-32768,-32768,-32768,V
:BE,-32768,-32768,-32768,V
:BD,        +0.00,        +0.00,        +0.00,   0.00,  3.80
:SA,   +0.00,   +0.00,  0.00
:TS,04010410132610,35.0, +24.4,   0.0,1533.0,624
:BI,-32768,-32768,-32768,-32768,V
:BS,-32768,-32768,-32768,V
:BE,-32768,-32768,-32768,V
:BD,        +0.00,        +0.00,        +0.00,   0.00,  3.89
:SA,   +0.00,   +0.00,  0.00
:TS,04010410132619,35.0, +24.4,   0.0,1533.0,621
:BI,-32768,-32768,-32768,-32768,V
:BS,-32768,-32768,-32768,V
:BE,-32768,-32768,-32768,V
:BD,        +0.00,        +0.00,        +0.00,   0.00,  3.98
:SA,   +0.00,   +0.00,  0.00
:TS,04010410132627,35.0, +24.4,   0.0,1533.0,627
:BI,-32768,-32768,-32768,-32768,V
:BS,-32768,-32768,-32768,V
:BE,-32768,-32768,-32768,V
:BD,        +0.00,        +0.00,        +0.00,   0.00,  4.06
:SA,   +0.00,   +0.00,  0.00
:TS,04010410132637,35.0, +24.4,   0.0,1533.0,628
:BI,-32768,-32768,-32768,-32768,V
:BS,-32768,-32768,-32768,V
:BE,-32768,-32768,-32768,V
:BD,        +0.00,        +0.00,        +0.00,   0.00,  4.16
:SA,   +0.00,   +0.00,  0.00
:TS,04010410132646,35.0, +24.4,   0.0,1533.0,622
:BI,-32768,-32768,-32768,-32768,V
:BS,-32768,-32768,-32768,V
:BE,-32768,-32768,-32768,V
:BD,        +0.00,        +0.00,        +0.00,   0.00,  4.25
:SA,   +0.00,   +0.00,  0.00
:TS,04010410132655,35.0, +24.4,   0.0,1533.0,623
:BI,-32768,-32768,-32768,-32768,V
:BS,-32768,-32768,-32768,V
:BE,-32768,-32768,-32768,V
:BD,        +0.00,        +0.00,        +0.00,   0.00,  4.34
:SA,   +0.00,   +0.00,  0.00
:TS,04010410132664,35.0, +24.4,   0.0,1533.0,624
:BI,-32768,-32768,-32768,-32768,V
:BS,-32768,-32768,-32768,V
:BE,-32768,-32768,-32768,V
:BD,        +0.00,        +0.00,        +0.00,   0.00,  4.43
:SA,   +0.00,   +0.00,  0.00
:TS,04010410132676,35.0, +24.4,   0.0,1533.0,621
:BI,-32768,-32768,-32768,-32768,V
:BS,-32768,-32768,-32768,V
:BE,-32768,-32768,-32768,V
:BD,        +0.00,        +0.00,        +0.00,   0.00,  4.55
:SA,   +0.00,   +0.00,  0.00
:TS,04010410132687,35.0, +24.4,   0.0,1533.0,627
:BI,-32768,-32768,-32768,-32768,V
:BS,-32768,-32768,-32768,V
:BE,-32768,-32768,-32768,V
:BD,        +0.00,        +0.00,        +0.00,   0.00,  4.66
:SA,   +0.00,   +0.00,  0.00
:TS,04010410132696,35.0, +24.4,   0.0,1533.0,628
:BI,-32768,-32768,-32768,-32768,V
:BS,-32768,-32768,-32768,V
:BE,-32768,-32768,-32768,V
:BD,        +0.00,        +0.00,        +0.00,   0.00,  4.75
:SA,   +0.00,   +0.00,  0.00
:TS,04010410132705,35.0, +24.4,   0.0,1533.0,622
:BI,-32768,-32768,-32768,-32768,V
:BS,-32768,-32768,-32768,V
:BE,-32768,-32768,-32768,V
:BD,        +0.00,        +0.00,        +0.00,   0.00,  4.84
:SA,   +0.00,   +0.00,  0.00
:TS,04010410132714,35.0, +24.4,   0.0,1533.0,623
:BI,-32768,-32768,-32768,-32768,V
:BS,-32768,-32768,-32768,V
:BE,-32768,-32768,-32768,V
:BD,        +0.00,        +0.00,        +0.00,   0.00,  4.93
:SA,   +0.00,   +0.00,  0.00
:TS,04010410132722,35.0, +24.4,   0.0,1533.0,624
:BI,-32768,-32768,-32768,-32768,V
:BS,-32768,-32768,-32768,V
:BE,-32768,-32768,-32768,V
:BD,        +0.00,        +0.00,        +0.00,   0.00,  5.01
:SA,   +0.00,   +0.00,  0.00
:TS,04010410132732,35.0, +24.4,   0.0,1533.0,621
:BI,-32768,-32768,-32768,-32768,V
:BS,-32768,-32768,-32768,V
:BE,-32768,-32768,-32768,V
:BD,        +0.00,        +0.00,        +0.00,   0.00,  5.11
:SA,   +0.00,   +0.00,  0.00
:TS,04010410132741,35.0, +24.4,   0.0,1533.0,627
:BI,-32768,-32768,-32768,-32768,V
:BS,-32768,-32768,-32768,V
:BE,-32768,-32768,-32768,V
:BD,        +0.00,        +0.00,        +0.00,   0.00,  5.20
:SA,   +0.00,   +0.00,  0.00
:TS,04010410132750,35.0, +24.4,   0.0,1533.0,628
:BI,-32768,-32768,-32768,-32768,V
:BS,-32768,-32768,-32768,V
:BE,-32768,-32768,-32768,V
:BD,        +0.00,        +0.00,        +0.00,   0.00,  5.29
:SA,   +0.00,   +0.00,  0.00
:TS,04010410132759,35.0, +24.4,   0.0,1533.0,622
:BI,-32768,-32768,-32768,-32768,V
:BS,-32768,-32768,-32768,V
:BE,-32768,-32768,-32768,V
:BD,        +0.00,        +0.00,        +0.00,   0.00,  5.38
:SA,   +0.00,   +0.00,  0.00
:TS,04010410132767,35.0, +24.4,   0.0,1533.0,623
:BI,-32768,-32768,-32768,-32768,V
:BS,-32768,-32768,-32768,V
:BE,-32768,-32768,-32768,V
:BD,        +0.00,        +0.00,        +0.00,   0.00,  5.46
:SA,   +0.00,   +0.00,  0.00
:TS,04010410132777,35.0, +24.4,   0.0,1533.0,624
:BI,-32768,-32768,-32768,-32768,V
:BS,-32768,-32768,-32768,V
:BE,-32768,-32768,-32768,V
:BD,        +0.00,        +0.00,        +0.00,   0.00,  5.56
:SA,   +0.00,   +0.00,  0.00
:TS,04010410132786,35.0, +24.4,   0.0,1533.0,621
:BI,-32768,-32768,-32768,-32768,V
:BS,-32768,-32768,-32768,V
:BE,-32768,-32768,-32768,V
:BD,        +0.00,        +0.00,        +0.00,   0.00,  5.65
:SA,   +0.00,   +0.00,  0.00
:TS,04010410132797,35.0, +24.4,   0.0,1533.0,627
:BI,-32768,-32768,-32768,-32768,V
:BS,-32768,-32768,-32768,V
:BE,-32768,-32768,-32768,V
:BD,        +0.00,        +0.00,        +0.00,   0.00,  5.76
:SA,   +0.00,   +0.00,  0.00
:TS,04010410132807,35.0, +24.4,   0.0,1533.0,628
:BI,-32768,-32768,-32768,-32768,V
:BS,-32768,-32768,-32768,V
:BE,-32768,-32768,-32768,V
:BD,        +0.00,        +0.00,        +0.00,   0.00,  5.86
:SA,   +0.00,   +0.00,  0.00
:TS,04010410132816,35.0, +24.4,   0.0,1533.0,622
:BI,-32768,-32768,-32768,-32768,V
:BS,-32768,-32768,-32768,V
:BE,-32768,-32768,-32768,V
:BD,        +0.00,        +0.00,        +0.00,   0.00,  5.95
:SA,   +0.00,   +0.00,  0.00
:TS,04010410132826,35.0, +24.4,   0.0,1533.0,623
:BI,-32768,-32768,-32768,-32768,V
:BS,-32768,-32768,-32768,V
:BE,-32768,-32768,-32768,V
:BD,        +0.00,        +0.00,        +0.00,   0.00,  6.05
:SA,   +0.00,   +0.00,  0.00
:TS,04010410132835,35.0, +24.4,   0.0,1533.0,624
:BI,-32768,-32768,-32768,-32768,V
:BS,-32768,-32768,-32768,V
:BE,-32768,-32768,-32768,V
:BD,        +0.00,        +0.00,        +0.00,   0.00,  6.14
:SA,   +0.00,   +0.00,  0.00
:TS,04010410132844,35.0, +24.4,   0.0,1533.0,621
:BI,-32768,-32768,-32768,-32768,V
:BS,-32768,-32768,-32768,V
:BE,-32768,-32768,-32768,V
:BD,        +0.00,        +0.00,        +0.00,   0.00,  6.23
:SA,   +0.00,   +0.00,  0.00
:TS,04010410132853,35.0, +24.4,   0.0,1533.0,627
:BI,-32768,-32768,-32768,-32768,V
:BS,-32768,-32768,-32768,V
:BE,-32768,-32768,-32768,V
:BD,        +0.00,        +0.00,        +0.00,   0.00,  6.32
:SA,   +0.00,   +0.00,  0.00
:TS,04010410132862,35.0, +24.4,   0.0,1533.0,628
:BI,-32768,-32768,-32768,-32768,V
:BS,-32768,-32768,-32768,V
:BE,-32768,-32768,-32768,V
:BD,        +0.00,        +0.00,        +0.00,   0.00,  6.41
:SA,   +0.00,   +0.00,  0.00
:TS,04010410132873,35.0, +24.4,   0.0,1533.0,622
:BI,-32768,-32768,-32768,-32768,V
:BS,-32768,-32768,-32768,V
:BE,-32768,-32768,-32768,V
:BD,        +0.00,        +0.00,        +0.00,   0.00,  6.52
:SA,   +0.00,   +0.00,  0.00
:TS,04010410132882,35.0, +24.4,   0.0,1533.0,623
:BI,-32768,-32768,-32768,-32768,V
:BS,-32768,-32768,-32768,V
:BE,-32768,-32768,-32768,V
:BD,        +0.00,        +0.00,        +0.00,   0.00,  6.61
:SA,   +0.00,   +0.00,  0.00
:TS,04010410132891,35.0, +24.4,   0.0,1533.0,624
:BI,-32768,-32768,-32768,-32768,V
:BS,-32768,-32768,-32768,V
:BE,-32768,-32768,-32768,V
:BD,        +0.00,        +0.00,        +0.00,   0.00,  6.70
:SA,   +0.00,   +0.00,  0.00
:TS,04010410132900,35.0, +24.4,   0.0,1533.0,621
:BI,-32768,-32768,-32768,-32768,V
:BS,-32768,-32768,-32768,V
:BE,-32768,-32768,-32768,V
:BD,        +0.00,        +0.00,        +0.00,   0.00,  6.79
:SA,   +0.00,   +0.00,  0.00
:TS,04010410132912,35.0, +24.4,   0.0,1533.0,627
:BI,-32768,-32768,-32768,-32768,V
:BS,-32768,-32768,-32768,V
:BE,-32768,-32768,-32768,V
:BD,        +0.00,        +0.00,        +0.00,   0.00,  6.91
:SA,   +0.00,   +0.00,  0.00
:TS,04010410132923,35.0, +24.4,   0.0,1533.0,628
:BI,-32768,-32768,-32768,-32768,V
:BS,-32768,-32768,-32768,V
:BE,-32768,-32768,-32768,V
:BD,        +0.00,        +0.00,        +0.00,   0.00,  7.02
:SA,   +0.00,   +0.00,  0.00
:TS,04010410132933,35.0, +24.4,   0.0,1533.0,622
:BI,-32768,-32768,-32768,-32768,V
:BS,-32768,-32768,-32768,V
:BE,-32768,-32768,-32768,V
:BD,        +0.00,        +0.00,        +0.00,   0.00,  7.12
:SA,   +0.00,   +0.00,  0.00
:TS,04010410132942,35.0, +24.4,   0.0,1533.0,623
:BI,-32768,-32768,-32768,-32768,V
:BS,-32768,-32768,-32768,V
:BE,-32768,-32768,-32768,V
:BD,        +0.00,        +0.00,        +0.00,   0.00,  7.21
:SA,   +0.00,   +0.00,  0.00
:TS,04010410132951,35.0, +24.4,   0.0,1533.0,624
:BI,-32768,-32768,-32768,-32768,V
:BS,-32768,-32768,-32768,V
:BE,-32768,-32768,-32768,V
:BD,        +0.00,        +0.00,        +0.00,   0.00,  7.30
:SA,   +0.00,   +0.00,  0.00
:TS,04010410132959,35.0, +24.4,   0.0,1533.0,621
:BI,-32768,-32768,-32768,-32768,V
:BS,-32768,-32768,-32768,V
:BE,-32768,-32768,-32768,V
:BD,        +0.00,        +0.00,        +0.00,   0.00,  7.38
:SA,   +0.00,   +0.00,  0.00
:TS,04010410132969,35.0, +24.4,   0.0,1533.0,627
:BI,-32768,-32768,-32768,-32768,V
:BS,-32768,-32768,-32768,V
:BE,-32768,-32768,-32768,V
:BD,        +0.00,        +0.00,        +0.00,   0.00,  7.48
:SA,   +0.00,   +0.00,  0.00
:TS,04010410132978,35.0, +24.4,   0.0,1533.0,628
:BI,-32768,-32768,-32768,-32768,V
:BS,-32768,-32768,-32768,V
:BE,-32768,-32768,-32768,V
:BD,        +0.00,        +0.00,        +0.00,   0.00,  7.57
:SA,   +0.00,   +0.00,  0.00
:TS,04010410132987,35.0, +24.4,   0.0,1533.0,622
:BI,-32768,-32768,-32768,-32768,V
:BS,-32768,-32768,-32768,V
:BE,-32768,-32768,-32768,V
:BD,        +0.00,        +0.00,        +0.00,   0.00,  7.66
:SA,   +0.00,   +0.00,  0.00
:TS,04010410132996,35.0, +24.4,   0.0,1533.0,623
:BI,-32768,-32768,-32768,-32768,V
:BS,-32768,-32768,-32768,V
:BE,-32768,-32768,-32768,V
:BD,        +0.00,        +0.00,        +0.00,   0.00,  7.75
:SA,   +0.00,   +0.00,  0.00
:TS,04010410133005,35.0, +24.4,   0.0,1533.0,624
:BI,-32768,-32768,-32768,-32768,V
:BS,-32768,-32768,-32768,V
:BE,-32768,-32768,-32768,V
:BD,        +0.00,        +0.00,        +0.00,   0.00,  7.84
:SA,   +0.00,   +0.00,  0.00
:TS,04010410133016,35.0, +24.4,   0.0,1533.0,621
:BI,-32768,-32768,-32768,-32768,V
:BS,-32768,-32768,-32768,V
:BE,-32768,-32768,-32768,V
:BD,        +0.00,        +0.00,        +0.00,   0.00,  7.95
:SA,   +0.00,   +0.00,  0.00
:TS,04010410133027,35.0, +24.4,   0.0,1533.0,627
:BI,-32768,-32768,-32768,-32768,V
:BS,-32768,-32768,-32768,V
:BE,-32768,-32768,-32768,V
:BD,        +0.00,        +0.00,        +0.00,   0.00,  8.06
:SA,   +0.00,   +0.00,  0.00
:TS,04010410133038,35.0, +24.4,   0.0,1533.0,628
:BI,-32768,-32768,-32768,-32768,V
:BS,-32768,-32768,-32768,V
:BE,-32768,-32768,-32768,V
:BD,        +0.00,        +0.00,        +0.00,   0.00,  8.17
:SA,   +0.00,   +0.00,  0.00
:TS,04010410133046,35.0, +24.4,   0.0,1533.0,622
:BI,-32768,-32768,-32768,-32768,V
:BS,-32768,-32768,-32768,V
:BE,-32768,-32768,-32768,V
:BD,        +0.00,        +0.00,        +0.00,   0.00,  8.25
:SA,   +0.00,   +0.00,  0.00
:TS,04010410133054,35.0, +24.4,   0.0,1533.0,623
:BI,-32768,-32768,-32768,-32768,V
:BS,-32768,-32768,-32768,V
:BE,-32768,-32768,-32768,V
:BD,        +0.00,        +0.00,        +0.00,   0.00,  8.33
:SA,   +0.00,   +0.00,  0.00
:TS,04010410133065,35.0, +24.4,   0.0,1533.0,624
:BI,-32768,-32768,-32768,-32768,V
:BS,-32768,-32768,-32768,V
:BE,-32768,-32768,-32768,V
:BD,        +0.00,        +0.00,        +0.00,   0.00,  8.44
:SA,   +0.00,   +0.00,  0.00
:TS,04010410133074,35.0, +24.4,   0.0,1533.0,621
:BI,-32768,-32768,-32768,-32768,V
:BS,-32768,-32768,-32768,V
:BE,-32768,-32768,-32768,V
:BD,        +0.00,        +0.00,        +0.00,   0.00,  8.53
:SA,   +0.00,   +0.00,  0.00
:TS,04010410133083,35.0, +24.4,   0.0,1533.0,627
:BI,-32768,-32768,-32768,-32768,V
:BS,-32768,-32768,-32768,V
:BE,-32768,-32768,-32768,V
:BD,        +0.00,        +0.00,        +0.00,   0.00,  8.62
:SA,   +0.00,   +0.00,  0.00
:TS,04010410133092,35.0, +24.4,   0.0,1533.0,628
:BI,-32768,-32768,-32768,-32768,V
:BS,-32768,-32768,-32768,V
:BE,-32768,-32768,-32768,V
:BD,        +0.00,        +0.00,        +0.00,   0.00,  8.71
:SA,   +0.00,   +0.00,  0.00
:TS,04010410133101,35.0, +24.4,   0.0,1533.0,622
:BI,-32768,-32768,-32768,-32768,V
:BS,-32768,-32768,-32768,V
:BE,-32768,-32768,-32768,V
:BD,        +0.00,        +0.00,        +0.00,   0.00,  8.80
:SA,   +0.00,   +0.00,  0.00
:TS,04010410133112,35.0, +24.4,   0.0,1533.0,623
:BI,-32768,-32768,-32768,-32768,V
:BS,-32768,-32768,-32768,V
:BE,-32768,-32768,-32768,V
:BD,        +0.00,        +0.00,        +0.00,   0.00,  8.91
:SA,   +0.00,   +0.00,  0.00
:TS,04010410133121,35.0, +24.4,   0.0,1533.0,624
:BI,-32768,-32768,-32768,-32768,V
:BS,-32768,-32768,-32768,V
:BE,-32768,-32768,-32768,V
:BD,        +0.00,        +0.00,        +0.00,   0.00,  9.00
:SA,   +0.00,   +0.00,  0.00
:TS,04010410133130,35.0, +24.4,   0.0,1533.0,621
:BI,-32768,-32768,-32768,-32768,V
:BS,-32768,-32768,-32768,V
:BE,-32768,-32768,-32768,V
:BD,        +0.00,        +0.00,        +0.00,   0.00,  9.09
:SA,   +0.00,   +0.00,  0.00
:TS,04010410133142,35.0, +24.4,   0.0,1533.0,627
:BI,-32768,-32768,-32768,-32768,V
:BS,-32768,-32768,-32768,V
:BE,-32768,-32768,-32768,V
:BD,        +0.00,        +0.00,        +0.00,   0.00,  9.21
:SA,   +0.00,   +0.00,  0.00
:TS,04010410133151,35.0, +24.4,   0.0,1533.0,628
:BI,-32768,-32768,-32768,-32768,V
:BS,-32768,-32768,-32768,V
:BE,-32768,-32768,-32768,V
:BD,        +0.00,        +0.00,        +0.00,   0.00,  9.30
:SA,   +0.00,   +0.00,  0.00
:TS,04010410133162,35.0, +24.4,   0.0,1533.0,622
:BI,-32768,-32768,-32768,-32768,V
:BS,-32768,-32768,-32768,V
:BE,-32768,-32768,-32768,V
:BD,        +0.00,        +0.00,        +0.00,   0.00,  9.41
:SA,   +0.00,   +0.00,  0.00
:TS,04010410133171,35.0, +24.4,   0.0,1533.0,623
:BI,-32768,-32768,-32768,-32768,V
:BS,-32768,-32768,-32768,V
:BE,-32768,-32768,-32768,V
:BD,        +0.00,        +0.00,        +0.00,   0.00,  9.50
:SA,   +0.00,   +0.00,  0.00
:TS,04010410133180,35.0, +24.4,   0.0,1533.0,624
:BI,-32768,-32768,-32768,-32768,V
:BS,-32768,-32768,-32768,V
:BE,-32768,-32768,-32768,V
:BD,        +0.00,        +0.00,        +0.00,   0.00,  9.59
:SA,   +0.00,   +0.00,  0.00
:TS,04010410133189,35.0, +24.4,   0.0,1533.0,621
:BI,-32768,-32768,-32768,-32768,V
:BS,-32768,-32768,-32768,V
:BE,-32768,-32768,-32768,V
:BD,        +0.00,        +0.00,        +0.00,   0.00,  9.68
:SA,   +0.00,   +0.00,  0.00
:TS,04010410133197,35.0, +24.4,   0.0,1533.0,627
:BI,-32768,-32768,-32768,-32768,V
:BS,-32768,-32768,-32768,V
:BE,-32768,-32768,-32768,V
:BD,        +0.00,        +0.00,        +0.00,   0.00,  9.76
:SA,   +0.00,   +0.00,  0.00
:TS,04010410133208,35.0, +24.4,   0.0,1533.0,628
:BI,-32768,-32768,-32768,-32768,V
:BS,-32768,-32768,-32768,V
:BE,-32768,-32768,-32768,V
:BD,        +0.00,        +0.00,        +0.00,   0.00,  9.87
:SA,   +0.00,   +0.00,  0.00
:TS,04010410133217,35.0, +24.4,   0.0,1533.0,622
:BI,-32768,-32768,-32768,-32768,V
:BS,-32768,-32768,-32768,V
:BE,-32768,-32768,-32768,V
:BD,        +0.00,        +0.00,        +0.00,   0.00,  9.96
:SA,   +0.00,   +0.00,  0.00
:TS,04010410133226,35.0, +24.4,   0.0,1533.0,623
:BI,-32768,-32768,-32768,-32768,V
:BS,-32768,-32768,-32768,V
:BE,-32768,-32768,-32768,V
:BD,        +0.00,        +0.00,        +0.00,   0.00, 10.05
:SA,   +0.00,   +0.00,  0.00
:TS,04010410133235,35.0, +24.4,   0.0,1533.0,624
:BI,-32768,-32768,-32768,-32768,V
:BS,-32768,-32768,-32768,V
:BE,-32768,-32768,-32768,V
:BD,        +0.00,        +0.00,        +0.00,   0.00, 10.14
:SA,   +0.00,   +0.00,  0.00
:TS,04010410133244,35.0, +24.4,   0.0,1533.0,621
:BI,-32768,-32768,-32768,-32768,V
:BS,-32768,-32768,-32768,V
:BE,-32768,-32768,-32768,V
:BD,        +0.00,        +0.00,        +0.00,   0.00, 10.23
:SA,   +0.00,   +0.00,  0.00
:TS,04010410133258,35.0, +24.4,   0.0,1533.0,627
:BI,-32768,-32768,-32768,-32768,V
:BS,-32768,-32768,-32768,V
:BE,-32768,-32768,-32768,V
:BD,        +0.00,        +0.00,        +0.00,   0.00, 10.37
:SA,   +0.00,   +0.00,  0.00
:TS,04010410133268,35.0, +24.4,   0.0,1533.0,628
:BI,-32768,-32768,-32768,-32768,V
:BS,-32768,-32768,-32768,V
:BE,-32768,-32768,-32768,V
:BD,        +0.00,        +0.00,        +0.00,   0.00, 10.47
:SA,   +0.00,   +0.00,  0.00
:TS,04010410133277,35.0, +24.4,   0.0,1533.0,622
:BI,-32768,-32768,-32768,-32768,V
:BS,-32768,-32768,-32768,V
:BE,-32768,-32768,-32768,V
:BD,        +0.00,        +0.00,        +0.00,   0.00, 10.56
:SA,   +0.00,   +0.00,  0.00
:TS,04010410133286,35.0, +24.4,   0.0,1533.0,623
:BI,-32768,-32768,-32768,-32768,V
:BS,-32768,-32768,-32768,V
:BE,-32768,-32768,-32768,V
:BD,        +0.00,        +0.00,        +0.00,   0.00, 10.65
:SA,   +0.00,   +0.00,  0.00
:TS,04010410133294,35.0, +24.4,   0.0,1533.0,624
:BI,-32768,-32768,-32768,-32768,V
:BS,-32768,-32768,-32768,V
:BE,-32768,-32768,-32768,V
:BD,        +0.00,        +0.00,        +0.00,   0.00, 10.73
:SA,   +0.00,   +0.00,  0.00
:TS,04010410133304,35.0, +24.4,   0.0,1533.0,621
:BI,-32768,-32768,-32768,-32768,V
:BS,-32768,-32768,-32768,V
:BE,-32768,-32768,-32768,V
:BD,        +0.00,        +0.00,        +0.00,   0.00, 10.83
:SA,   +0.00,   +0.00,  0.00
:TS,04010410133313,35.0, +24.4,   0.0,1533.0,627
:BI,-32768,-32768,-32768,-32768,V
:BS,-32768,-32768,-32768,V
:BE,-32768,-32768,-32768,V
:BD,        +0.00,        +0.00,        +0.00,   0.00, 10.92
:SA,   +0.00,   +0.00,  0.00
:TS,04010410133322,35.0, +24.4,   0.0,1533.0,628
:BI,-32768,-32768,-32768,-32768,V
:BS,-32768,-32768,-32768,V
:BE,-32768,-32768,-32768,V
:BD,        +0.00,        +0.00,        +0.00,   0.00, 11.01
:SA,   +0.00,   +0.00,  0.00
:TS,04010410133331,35.0, +24.4,   0.0,1533.0,622
:BI,-32768,-32768,-32768,-32768,V
:BS,-32768,-32768,-32768,V
:BE,-32768,-32768,-32768,V
:BD,        +0.00,        +0.00,        +0.00,   0.00, 11.10
:SA,   +0.00,   +0.00,  0.00
:TS,04010410133340,35.0, +24.4,   0.0,1533.0,623
:BI,-32768,-32768,-32768,-32768,V
:BS,-32768,-32768,-32768,V
:BE,-32768,-32768,-32768,V
:BD,        +0.00,        +0.00,        +0.00,   0.00, 11.19
:SA,   +0.00,   +0.00,  0.00
:TS,04010410133350,35.0, +24.4,   0.0,1533.0,624
:BI,-32768,-32768,-32768,-32768,V
:BS,-32768,-32768,-32768,V
:BE,-32768,-32768,-32768,V
:BD,        +0.00,        +0.00,        +0.00,   0.00, 11.29
:SA,   +0.00,   +0.00,  0.00
:TS,04010410133359,35.0, +24.4,   0.0,1533.0,621
:BI,-32768,-32768,-32768,-32768,V
:BS,-32768,-32768,-32768,V
:BE,-32768,-32768,-32768,V
:BD,        +0.00,        +0.00,        +0.00,   0.00, 11.38
:SA,   +0.00,   +0.00,  0.00
:TS,04010410133371,35.0, +24.4,   0.0,1533.0,627
:BI,-32768,-32768,-32768,-32768,V
:BS,-32768,-32768,-32768,V
:BE,-32768,-32768,-32768,V
:BD,        +0.00,        +0.00,        +0.00,   0.00, 11.50
:SA,   +0.00,   +0.00,  0.00
:TS,04010410133380,35.0, +24.4,   0.0,1533.0,628
:BI,-32768,-32768,-32768,-32768,V
:BS,-32768,-32768,-32768,V
:BE,-32768,-32768,-32768,V
:BD,        +0.00,        +0.00,        +0.00,   0.00, 11.59
:SA,   +0.00,   +0.00,  0.00
:TS,04010410133389,35.0, +24.4,   0.0,1533.0,622
:BI,-32768,-32768,-32768,-32768,V
:BS,-32768,-32768,-32768,V
:BE,-32768,-32768,-32768,V
:BD,        +0.00,        +0.00,        +0.00,   0.00, 11.68
:SA,   +0.00,   +0.00,  0.00
:TS,04010410133399,35.0, +24.4,   0.0,1533.0,623
:BI,-32768,-32768,-32768,-32768,V
:BS,-32768,-32768,-32768,V
:BE,-32768,-32768,-32768,V
:BD,        +0.00,        +0.00,        +0.00,   0.00, 11.78
:SA,   +0.00,   +0.00,  0.00
:TS,04010410133408,35.0, +24.4,   0.0,1533.0,624
:BI,-32768,-32768,-32768,-32768,V
:BS,-32768,-32768,-32768,V
:BE,-32768,-32768,-32768,V
:BD,        +0.00,        +0.00,        +0.00,   0.00, 11.87
:SA,   +0.00,   +0.00,  0.00
:TS,04010410133417,35.0, +24.4,   0.0,1533.0,621
:BI,-32768,-32768,-32768,-32768,V
:BS,-32768,-32768,-32768,V
:BE,-32768,-32768,-32768,V
:BD,        +0.00,        +0.00,        +0.00,   0.00, 11.96
:SA,   +0.00,   +0.00,  0.00
:TS,04010410133426,35.0, +24.4,   0.0,1533.0,627
:BI,-32768,-32768,-32768,-32768,V
:BS,-32768,-32768,-32768,V
:BE,-32768,-32768,-32768,V
:BD,        +0.00,        +0.00,        +0.00,   0.00, 12.05
:SA,   +0.00,   +0.00,  0.00
:TS,04010410133434,35.0, +24.4,   0.0,1533.0,628
:BI,-32768,-32768,-32768,-32768,V
:BS,-32768,-32768,-32768,V
:BE,-32768,-32768,-32768,V
:BD,        +0.00,        +0.00,        +0.00,   0.00, 12.13
:SA,   +0.00,   +0.00,  0.00
:TS,04010410133444,35.0, +24.4,   0.0,1533.0,622
:BI,-32768,-32768,-32768,-32768,V
:BS,-32768,-32768,-32768,V
:BE,-32768,-32768,-32768,V
:BD,        +0.00,        +0.00,        +0.00,   0.00, 12.23
:SA,   +0.00,   +0.00,  0.00
:TS,04010410133453,35.0, +24.4,   0.0,1533.0,623
:BI,-32768,-32768,-32768,-32768,V
:BS,-32768,-32768,-32768,V
:BE,-32768,-32768,-32768,V
:BD,        +0.00,        +0.00,        +0.00,   0.00, 12.32
:SA,   +0.00,   +0.00,  0.00
:TS,04010410133462,35.0, +24.4,   0.0,1533.0,624
:BI,-32768,-32768,-32768,-32768,V
:BS,-32768,-32768,-32768,V
:BE,-32768,-32768,-32768,V
:BD,        +0.00,        +0.00,        +0.00,   0.00, 12.41
:SA,   +0.00,   +0.00,  0.00
:TS,04010410133471,35.0, +24.4,   0.0,1533.0,621
:BI,-32768,-32768,-32768,-32768,V
:BS,-32768,-32768,-32768,V
:BE,-32768,-32768,-32768,V
:BD,        +0.00,        +0.00,        +0.00,   0.00, 12.50
:SA,   +0.00,   +0.00,  0.00
:TS,04010410133483,35.0, +24.4,   0.0,1533.0,627
:BI,-32768,-32768,-32768,-32768,V
:BS,-32768,-32768,-32768,V
:BE,-32768,-32768,-32768,V
:BD,        +0.00,        +0.00,        +0.00,   0.00, 12.62
:SA,   +0.00,   +0.00,  0.00
:TS,04010410133494,35.0, +24.4,   0.0,1533.0,628
:BI,-32768,-32768,-32768,-32768,V
:BS,-32768,-32768,-32768,V
:BE,-32768,-32768,-32768,V
:BD,        +0.00,        +0.00,        +0.00,   0.00, 12.73
:SA,   +0.00,   +0.00,  0.00
:TS,04010410133503,35.0, +24.4,   0.0,1533.0,622
:BI,-32768,-32768,-32768,-32768,V
:BS,-32768,-32768,-32768,V
:BE,-32768,-32768,-32768,V
:BD,        +0.00,        +0.00,        +0.00,   0.00, 12.82
:SA,   +0.00,   +0.00,  0.00
:TS,04010410133512,35.0, +24.4,   0.0,1533.0,623
:BI,-32768,-32768,-32768,-32768,V
:BS,-32768,-32768,-32768,V
:BE,-32768,-32768,-32768,V
:BD,        +0.00,        +0.00,        +0.00,   0.00, 12.91
:SA,   +0.00,   +0.00,  0.00
:TS,04010410133521,35.0, +24.4,   0.0,1533.0,624
:BI,-32768,-32768,-32768,-32768,V
:BS,-32768,-32768,-32768,V
:BE,-32768,-32768,-32768,V
:BD,        +0.00,        +0.00,        +0.00,   0.00, 13.00
:SA,   +0.00,   +0.00,  0.00
:TS,04010410133530,35.0, +24.4,   0.0,1533.0,621
:BI,-32768,-32768,-32768,-32768,V
:BS,-32768,-32768,-32768,V
:BE,-32768,-32768,-32768,V
:BD,        +0.00,        +0.00,        +0.00,   0.00, 13.09
:SA,   +0.00,   +0.00,  0.00
:TS,04010410133541,35.0, +24.4,   0.0,1533.0,627
:BI,-32768,-32768,-32768,-32768,V
:BS,-32768,-32768,-32768,V
:BE,-32768,-32768,-32768,V
:BD,        +0.00,        +0.00,        +0.00,   0.00, 13.20
:SA,   +0.00,   +0.00,  0.00
:TS,04010410133550,35.0, +24.4,   0.0,1533.0,628
:BI,-32768,-32768,-32768,-32768,V
:BS,-32768,-32768,-32768,V
:BE,-32768,-32768,-32768,V
:BD,        +0.00,        +0.00,        +0.00,   0.00, 13.29
:SA,   +0.00,   +0.00,  0.00
:TS,04010410133559,35.0, +24.4,   0.0,1533.0,622
:BI,-32768,-32768,-32768,-32768,V
:BS,-32768,-32768,-32768,V
:BE,-32768,-32768,-32768,V
:BD,        +0.00,        +0.00,        +0.00,   0.00, 13.38
:SA,   +0.00,   +0.00,  0.00
:TS,04010410133568,35.0, +24.4,   0.0,1533.0,623
:BI,-32768,-32768,-32768,-32768,V
:BS,-32768,-32768,-32768,V
:BE,-32768,-32768,-32768,V
:BD,        +0.00,        +0.00,        +0.00,   0.00, 13.47
:SA,   +0.00,   +0.00,  0.00
:TS,04010410133577,35.0, +24.4,   0.0,1533.0,624
:BI,-32768,-32768,-32768,-32768,V
:BS,-32768,-32768,-32768,V
:BE,-32768,-32768,-32768,V
:BD,        +0.00,        +0.00,        +0.00,   0.00, 13.56
:SA,   +0.00,   +0.00,  0.00
:TS,04010410133588,35.0, +24.4,   0.0,1533.0,621
:BI,-32768,-32768,-32768,-32768,V
:BS,-32768,-32768,-32768,V
:BE,-32768,-32768,-32768,V
:BD,        +0.00,        +0.00,        +0.00,   0.00, 13.67
:SA,   +0.00,   +0.00,  0.00
:TS,04010410133599,35.0, +24.4,   0.0,1533.0,627
:BI,-32768,-32768,-32768,-32768,V
:BS,-32768,-32768,-32768,V
:BE,-32768,-32768,-32768,V
:BD,        +0.00,        +0.00,        +0.00,   0.00, 13.78
:SA,   +0.00,   +0.00,  0.00
:TS,04010410133610,35.0, +24.4,   0.0,1533.0,628
:BI,-32768,-32768,-32768,-32768,V
:BS,-32768,-32768,-32768,V
:BE,-32768,-32768,-32768,V
:BD,        +0.00,        +0.00,        +0.00,   0.00, 13.89
:SA,   +0.00,   +0.00,  0.00
:TS,04010410133618,35.0, +24.4,   0.0,1533.0,622
:BI,-32768,-32768,-32768,-32768,V
:BS,-32768,-32768,-32768,V
:BE,-32768,-32768,-32768,V
:BD,        +0.00,        +0.00,        +0.00,   0.00, 13.97
:SA,   +0.00,   +0.00,  0.00
:TS,04010410133626,35.0, +24.4,   0.0,1533.0,623
:BI,-32768,-32768,-32768,-32768,V
:BS,-32768,-32768,-32768,V
:BE,-32768,-32768,-32768,V
:BD,        +0.00,        +0.00,        +0.00,   0.00, 14.05
:SA,   +0.00,   +0.00,  0.00
:TS,04010410133637,35.0, +24.4,   0.0,1533.0,624
:BI,-32768,-32768,-32768,-32768,V
:BS,-32768,-32768,-32768,V
:BE,-32768,-32768,-32768,V
:BD,        +0.00,        +0.00,        +0.00,   0.00, 14.16
:SA,   +0.00,   +0.00,  0.00
:TS,04010410133646,35.0, +24.4,   0.0,1533.0,621
:BI,-32768,-32768,-32768,-32768,V
:BS,-32768,-32768,-32768,V
:BE,-32768,-32768,-32768,V
:BD,        +0.00,        +0.00,        +0.00,   0.00, 14.25
:SA,   +0.00,   +0.00,  0.00
:TS,04010410133655,35.0, +24.4,   0.0,1533.0,627
:BI,-32768,-32768,-32768,-32768,V
:BS,-32768,-32768,-32768,V
:BE,-32768,-32768,-32768,V
:BD,        +0.00,        +0.00,        +0.00,   0.00, 14.34
:SA,   +0.00,   +0.00,  0.00
:TS,04010410133664,35.0, +24.4,   0.0,1533.0,628
:BI,-32768,-32768,-32768,-32768,V
:BS,-32768,-32768,-32768,V
:BE,-32768,-32768,-32768,V
:BD,        +0.00,        +0.00,        +0.00,   0.00, 14.43
:SA,   +0.00,   +0.00,  0.00
:TS,04010410133673,35.0, +24.4,   0.0,1533.0,622
:BI,-32768,-32768,-32768,-32768,V
:BS,-32768,-32768,-32768,V
:BE,-32768,-32768,-32768,V
:BD,        +0.00,        +0.00,        +0.00,   0.00, 14.52
:SA,   +0.00,   +0.00,  0.00
:TS,04010410133684,35.0, +24.4,   0.0,1533.0,623
:BI,-32768,-32768,-32768,-32768,V
:BS,-32768,-32768,-32768,V
:BE,-32768,-32768,-32768,V
:BD,        +0.00,        +0.00,        +0.00,   0.00, 14.63
:SA,   +0.00,   +0.00,  0.00
:TS,04010410133693,35.0, +24.4,   0.0,1533.0,624
:BI,-32768,-32768,-32768,-32768,V
:BS,-32768,-32768,-32768,V
:BE,-32768,-32768,-32768,V
:BD,        +0.00,        +0.00,        +0.00,   0.00, 14.72
:SA,   +0.00,   +0.00,  0.00
:TS,04010410133702,35.0, +24.4,   0.0,1533.0,621
:BI,-32768,-32768,-32768,-32768,V
:BS,-32768,-32768,-32768,V
:BE,-32768,-32768,-32768,V
:BD,        +0.00,        +0.00,        +0.00,   0.00, 14.81
:SA,   +0.00,   +0.00,  0.00
:TS,04010410133714,35.0, +24.4,   0.0,1533.0,627
:BI,-32768,-32768,-32768,-32768,V
:BS,-32768,-32768,-32768,V
:BE,-32768,-32768,-32768,V
:BD,        +0.00,        +0.00,        +0.00,   0.00, 14.93
:SA,   +0.00,   +0.00,  0.00
:TS,04010410133723,35.0, +24.4,   0.0,1533.0,628
:BI,-32768,-32768,-32768,-32768,V
:BS,-32768,-32768,-32768,V
:BE,-32768,-32768,-32768,V
:BD,        +0.00,        +0.00,        +0.00,   0.00, 15.02
:SA,   +0.00,   +0.00,  0.00
:TS,04010410133734,35.0, +24.4,   0.0,1533.0,622
:BI,-32768,-32768,-32768,-32768,V
:BS,-32768,-32768,-32768,V
:BE,-32768,-32768,-32768,V
:BD,        +0.00,        +0.00,        +0.00,   0.00, 15.13
:SA,   +0.00,   +0.00,  0.00
:TS,04010410133743,35.0, +24.4,   0.0,1533.0,623
:BI,-32768,-32768,-32768,-32768,V
:BS,-32768,-32768,-32768,V
:BE,-32768,-32768,-32768,V
:BD,        +0.00,        +0.00,        +0.00,   0.00, 15.22
:SA,   +0.00,   +0.00,  0.00
:TS,04010410133752,35.0, +24.4,   0.0,1533.0,624
:BI,-32768,-32768,-32768,-32768,V
:BS,-32768,-32768,-32768,V
:BE,-32768,-32768,-32768,V
:BD,        +0.00,        +0.00,        +0.00,   0.00, 15.31
:SA,   +0.00,   +0.00,  0.00
:TS,04010410133761,35.0, +24.4,   0.0,1533.0,621
:BI,-32768,-32768,-32768,-32768,V
:BS,-32768,-32768,-32768,V
:BE,-32768,-32768,-32768,V
:BD,        +0.00,        +0.00,        +0.00,   0.00, 15.40
:SA,   +0.00,   +0.00,  0.00
:TS,04010410133769,35.0, +24.4,   0.0,1533.0,627
:BI,-32768,-32768,-32768,-32768,V
:BS,-32768,-32768,-32768,V
:BE,-32768,-32768,-32768,V
:BD,        +0.00,        +0.00,        +0.00,   0.00, 15.48
:SA,   +0.00,   +0.00,  0.00
:TS,04010410133780,35.0, +24.4,   0.0,1533.0,628
:BI,-32768,-32768,-32768,-32768,V
:BS,-32768,-32768,-32768,V
:BE,-32768,-32768,-32768,V
:BD,        +0.00,        +0.00,        +0.00,   0.00, 15.59
:SA,   +0.00,   +0.00,  0.00
:TS,04010410133789,35.0, +24.4,   0.0,1533.0,622
:BI,-32768,-32768,-32768,-32768,V
:BS,-32768,-32768,-32768,V
:BE,-32768,-32768,-32768,V
:BD,        +0.00,        +0.00,        +0.00,   0.00, 15.68
:SA,   +0.00,   +0.00,  0.00
:TS,04010410133798,35.0, +24.4,   0.0,1533.0,623
:BI,-32768,-32768,-32768,-32768,V
:BS,-32768,-32768,-32768,V
:BE,-32768,-32768,-32768,V
:BD,        +0.00,        +0.00,        +0.00,   0.00, 15.77
:SA,   +0.00,   +0.00,  0.00
:TS,04010410133807,35.0, +24.4,   0.0,1533.0,624
:BI,-32768,-32768,-32768,-32768,V
:BS,-32768,-32768,-32768,V
:BE,-32768,-32768,-32768,V
:BD,        +0.00,        +0.00,        +0.00,   0.00, 15.86
:SA,   +0.00,   +0.00,  0.00
:TS,04010410133816,35.0, +24.4,   0.0,1533.0,621
:BI,-32768,-32768,-32768,-32768,V
:BS,-32768,-32768,-32768,V
:BE,-32768,-32768,-32768,V
:BD,        +0.00,        +0.00,        +0.00,   0.00, 15.95
:SA,   +0.00,   +0.00,  0.00
:TS,04010410133830,35.0, +24.4,   0.0,1533.0,627
:BI,-32768,-32768,-32768,-32768,V
:BS,-32768,-32768,-32768,V
:BE,-32768,-32768,-32768,V
:BD,        +0.00,        +0.00,        +0.00,   0.00, 16.09
:SA,   +0.00,   +0.00,  0.00
:TS,04010410133840,35.0, +24.4,   0.0,1533.0,628
:BI,-32768,-32768,-32768,-32768,V
:BS,-32768,-32768,-32768,V
:BE,-32768,-32768,-32768,V
:BD,        +0.00,        +0.00,        +0.00,   0.00, 16.19
:SA,   +0.00,   +0.00,  0.00
:TS,04010410133849,35.0, +24.4,   0.0,1533.0,622
:BI,-32768,-32768,-32768,-32768,V
:BS,-32768,-32768,-32768,V
:BE,-32768,-32768,-32768,V
:BD,        +0.00,        +0.00,        +0.00,   0.00, 16.28
:SA,   +0.00,   +0.00,  0.00
:TS,04010410133858,35.0, +24.4,   0.0,1533.0,623
:BI,-32768,-32768,-32768,-32768,V
:BS,-32768,-32768,-32768,V
:BE,-32768,-32768,-32768,V
:BD,        +0.00,        +0.00,        +0.00,   0.00, 16.37
:SA,   +0.00,   +0.00,  0.00
:TS,04010410133866,35.0, +24.4,   0.0,1533.0,624
:BI,-32768,-32768,-32768,-32768,V
:BS,-32768,-32768,-32768,V
:BE,-32768,-32768,-32768,V
:BD,        +0.00,        +0.00,        +0.00,   0.00, 16.45
:SA,   +0.00,   +0.00,  0.00
:TS,04010410133876,35.0, +24.4,   0.0,1533.0,621
:BI,-32768,-32768,-32768,-32768,V
:BS,-32768,-32768,-32768,V
:BE,-32768,-32768,-32768,V
:BD,        +0.00,        +0.00,        +0.00,   0.00, 16.55
:SA,   +0.00,   +0.00,  0.00
:TS,04010410133885,35.0, +24.4,   0.0,1533.0,627
:BI,-32768,-32768,-32768,-32768,V
:BS,-32768,-32768,-32768,V
:BE,-32768,-32768,-32768,V
:BD,        +0.00,        +0.00,        +0.00,   0.00, 16.64
:SA,   +0.00,   +0.00,  0.00
:TS,04010410133894,35.0, +24.4,   0.0,1533.0,628
:BI,-32768,-32768,-32768,-32768,V
:BS,-32768,-32768,-32768,V
:BE,-32768,-32768,-32768,V
:BD,        +0.00,        +0.00,        +0.00,   0.00, 16.73
:SA,   +0.00,   +0.00,  0.00
:TS,04010410133903,35.0, +24.4,   0.0,1533.0,622
:BI,-32768,-32768,-32768,-32768,V
:BS,-32768,-32768,-32768,V
:BE,-32768,-32768,-32768,V
:BD,        +0.00,        +0.00,        +0.00,   0.00, 16.82
:SA,   +0.00,   +0.00,  0.00
:TS,04010410133912,35.0, +24.4,   0.0,1533.0,623
:BI,-32768,-32768,-32768,-32768,V
:BS,-32768,-32768,-32768,V
:BE,-32768,-32768,-32768,V
:BD,        +0.00,        +0.00,        +0.00,   0.00, 16.91
:SA,   +0.00,   +0.00,  0.00
:TS,04010410133923,35.0, +24.4,   0.0,1533.0,624
:BI,-32768,-32768,-32768,-32768,V
:BS,-32768,-32768,-32768,V
:BE,-32768,-32768,-32768,V
:BD,        +0.00,        +0.00,        +0.00,   0.00, 17.02
:SA,   +0.00,   +0.00,  0.00
:TS,04010410133932,35.0, +24.4,   0.0,1533.0,621
:BI,-32768,-32768,-32768,-32768,V
:BS,-32768,-32768,-32768,V
:BE,-32768,-32768,-32768,V
:BD,        +0.00,        +0.00,        +0.00,   0.00, 17.11
:SA,   +0.00,   +0.00,  0.00
:TS,04010410133943,35.0, +24.4,   0.0,1533.0,627
:BI,-32768,-32768,-32768,-32768,V
:BS,-32768,-32768,-32768,V
:BE,-32768,-32768,-32768,V
:BD,        +0.00,        +0.00,        +0.00,   0.00, 17.22
:SA,   +0.00,   +0.00,  0.00
:TS,04010410133953,35.0, +24.4,   0.0,1533.0,628
:BI,-32768,-32768,-32768,-32768,V
:BS,-32768,-32768,-32768,V
:BE,-32768,-32768,-32768,V
:BD,        +0.00,        +0.00,        +0.00,   0.00, 17.32
:SA,   +0.00,   +0.00,  0.00
:TS,04010410133962,35.0, +24.4,   0.0,1533.0,622
:BI,-32768,-32768,-32768,-32768,V
:BS,-32768,-32768,-32768,V
:BE,-32768,-32768,-32768,V
:BD,        +0.00,        +0.00,        +0.00,   0.00, 17.41
:SA,   +0.00,   +0.00,  0.00
:TS,04010410133972,35.0, +24.4,   0.0,1533.0,623
:BI,-32768,-32768,-32768,-32768,V
:BS,-32768,-32768,-32768,V
:BE,-32768,-32768,-32768,V
:BD,        +0.00,        +0.00,        +0.00,   0.00, 17.51
:SA,   +0.00,   +0.00,  0.00
:TS,04010410133981,35.0, +24.4,   0.0,1533.0,624
:BI,-32768,-32768,-32768,-32768,V
:BS,-32768,-32768,-32768,V
:BE,-32768,-32768,-32768,V
:BD,        +0.00,        +0.00,        +0.00,   0.00, 17.60
:SA,   +0.00,   +0.00,  0.00
:TS,04010410133990,35.0, +24.4,   0.0,1533.0,621
:BI,-32768,-32768,-32768,-32768,V
:BS,-32768,-32768,-32768,V
:BE,-32768,-32768,-32768,V
:BD,        +0.00,        +0.00,        +0.00,   0.00, 17.69
:SA,   +0.00,   +0.00,  0.00
:TS,04010410133999,35.0, +24.4,   0.0,1533.0,627
:BI,-32768,-32768,-32768,-32768,V
:BS,-32768,-32768,-32768,V
:BE,-32768,-32768,-32768,V
:BD,        +0.00,        +0.00,        +0.00,   0.00, 17.78
:SA,   +0.00,   +0.00,  0.00
:TS,04010410134008,35.0, +24.4,   0.0,1533.0,628
:BI,-32768,-32768,-32768,-32768,V
:BS,-32768,-32768,-32768,V
:BE,-32768,-32768,-32768,V
:BD,        +0.00,        +0.00,        +0.00,   0.00, 17.87
:SA,   +0.00,   +0.00,  0.00
:TS,04010410134019,35.0, +24.4,   0.0,1533.0,622
:BI,-32768,-32768,-32768,-32768,V
:BS,-32768,-32768,-32768,V
:BE,-32768,-32768,-32768,V
:BD,        +0.00,        +0.00,        +0.00,   0.00, 17.98
:SA,   +0.00,   +0.00,  0.00
:TS,04010410134028,35.0, +24.4,   0.0,1533.0,623
:BI,-32768,-32768,-32768,-32768,V
:BS,-32768,-32768,-32768,V
:BE,-32768,-32768,-32768,V
:BD,        +0.00,        +0.00,        +0.00,   0.00, 18.07
:SA,   +0.00,   +0.00,  0.00
:TS,04010410134037,35.0, +24.4,   0.0,1533.0,624
:BI,-32768,-32768,-32768,-32768,V
:BS,-32768,-32768,-32768,V
:BE,-32768,-32768,-32768,V
:BD,        +0.00,        +0.00,        +0.00,   0.00, 18.16
:SA,   +0.00,   +0.00,  0.00
:TS,04010410134046,35.0, +24.4,   0.0,1533.0,621
:BI,-32768,-32768,-32768,-32768,V
:BS,-32768,-32768,-32768,V
:BE,-32768,-32768,-32768,V
:BD,        +0.00,        +0.00,        +0.00,   0.00, 18.25
:SA,   +0.00,   +0.00,  0.00
:TS,04010410134058,35.0, +24.4,   0.0,1533.0,627
:BI,-32768,-32768,-32768,-32768,V
:BS,-32768,-32768,-32768,V
:BE,-32768,-32768,-32768,V
:BD,        +0.00,        +0.00,        +0.00,   0.00, 18.37
:SA,   +0.00,   +0.00,  0.00
:TS,04010410134069,35.0, +24.4,   0.0,1533.0,628
:BI,-32768,-32768,-32768,-32768,V
:BS,-32768,-32768,-32768,V
:BE,-32768,-32768,-32768,V
:BD,        +0.00,        +0.00,        +0.00,   0.00, 18.48
:SA,   +0.00,   +0.00,  0.00
:TS,04010410134078,35.0, +24.4,   0.0,1533.0,622
:BI,-32768,-32768,-32768,-32768,V
:BS,-32768,-32768,-32768,V
:BE,-32768,-32768,-32768,V
:BD,        +0.00,        +0.00,        +0.00,   0.00, 18.57
:SA,   +0.00,   +0.00,  0.00
:TS,04010410134087,35.0, +24.4,   0.0,1533.0,623
:BI,-32768,-32768,-32768,-32768,V
:BS,-32768,-32768,-32768,V
:BE,-32768,-32768,-32768,V
:BD,        +0.00,        +0.00,        +0.00,   0.00, 18.66
:SA,   +0.00,   +0.00,  0.00
:TS,04010410134096,35.0, +24.4,   0.0,1533.0,624
:BI,-32768,-32768,-32768,-32768,V
:BS,-32768,-32768,-32768,V
:BE,-32768,-32768,-32768,V
:BD,        +0.00,        +0.00,        +0.00,   0.00, 18.75
:SA,   +0.00,   +0.00,  0.00
:TS,04010410134104,35.0, +24.4,   0.0,1533.0,621
:BI,-32768,-32768,-32768,-32768,V
:BS,-32768,-32768,-32768,V
:BE,-32768,-32768,-32768,V
:BD,        +0.00,        +0.00,        +0.00,   0.00, 18.83
:SA,   +0.00,   +0.00,  0.00
:TS,04010410134115,35.0, +24.4,   0.0,1533.0,627
:BI,-32768,-32768,-32768,-32768,V
:BS,-32768,-32768,-32768,V
:BE,-32768,-32768,-32768,V
:BD,        +0.00,        +0.00,        +0.00,   0.00, 18.94
:SA,   +0.00,   +0.00,  0.00
:TS,04010410134124,35.0, +24.4,   0.0,1533.0,628
:BI,-32768,-32768,-32768,-32768,V
:BS,-32768,-32768,-32768,V
:BE,-32768,-32768,-32768,V
:BD,        +0.00,        +0.00,        +0.00,   0.00, 19.03
:SA,   +0.00,   +0.00,  0.00
:TS,04010410134133,35.0, +24.4,   0.0,1533.0,622
:BI,-32768,-32768,-32768,-32768,V
:BS,-32768,-32768,-32768,V
:BE,-32768,-32768,-32768,V
:BD,        +0.00,        +0.00,        +0.00,   0.00, 19.12
:SA,   +0.00,   +0.00,  0.00
:TS,04010410134142,35.0, +24.4,   0.0,1533.0,623
:BI,-32768,-32768,-32768,-32768,V
:BS,-32768,-32768,-32768,V
:BE,-32768,-32768,-32768,V
:BD,        +0.00,        +0.00,        +0.00,   0.00, 19.21
:SA,   +0.00,   +0.00,  0.00
:TS,04010410134151,35.0, +24.4,   0.0,1533.0,624
:BI,-32768,-32768,-32768,-32768,V
:BS,-32768,-32768,-32768,V
:BE,-32768,-32768,-32768,V
:BD,        +0.00,        +0.00,        +0.00,   0.00, 19.30
:SA,   +0.00,   +0.00,  0.00
:TS,04010410134162,35.0, +24.4,   0.0,1533.0,621
:BI,-32768,-32768,-32768,-32768,V
:BS,-32768,-32768,-32768,V
:BE,-32768,-32768,-32768,V
:BD,        +0.00,        +0.00,        +0.00,   0.00, 19.41
:SA,   +0.00,   +0.00,  0.00
:TS,04010410134173,35.0, +24.4,   0.0,1533.0,627
:BI,-32768,-32768,-32768,-32768,V
:BS,-32768,-32768,-32768,V
:BE,-32768,-32768,-32768,V
:BD,        +0.00,        +0.00,        +0.00,   0.00, 19.52
:SA,   +0.00,   +0.00,  0.00
:TS,04010410134184,35.0, +24.4,   0.0,1533.0,628
:BI,-32768,-32768,-32768,-32768,V
:BS,-32768,-32768,-32768,V
:BE,-32768,-32768,-32768,V
:BD,        +0.00,        +0.00,        +0.00,   0.00, 19.63
:SA,   +0.00,   +0.00,  0.00
:TS,04010410134192,35.0, +24.4,   0.0,1533.0,622
:BI,-32768,-32768,-32768,-32768,V
:BS,-32768,-32768,-32768,V
:BE,-32768,-32768,-32768,V
:BD,        +0.00,        +0.00,        +0.00,   0.00, 19.71
:SA,   +0.00,   +0.00,  0.00
:TS,04010410134200,35.0, +24.4,   0.0,1533.0,623
:BI,-32768,-32768,-32768,-32768,V
:BS,-32768,-32768,-32768,V
:BE,-32768,-32768,-32768,V
:BD,        +0.00,        +0.00,        +0.00,   0.00, 19.79
:SA,   +0.00,   +0.00,  0.00
:TS,04010410134210,35.0, +24.4,   0.0,1533.0,624
:BI,-32768,-32768,-32768,-32768,V
:BS,-32768,-32768,-32768,V
:BE,-32768,-32768,-32768,V
:BD,        +0.00,        +0.00,        +0.00,   0.00, 19.89
:SA,   +0.00,   +0.00,  0.00
:TS,04010410134219,35.0, +24.4,   0.0,1533.0,621
:BI,-32768,-32768,-32768,-32768,V
:BS,-32768,-32768,-32768,V
:BE,-32768,-32768,-32768,V
:BD,        +0.00,        +0.00,        +0.00,   0.00, 19.98
:SA,   +0.00,   +0.00,  0.00
:TS,04010410134228,35.0, +24.4,   0.0,1533.0,627
:BI,-32768,-32768,-32768,-32768,V
:BS,-32768,-32768,-32768,V
:BE,-32768,-32768,-32768,V
:BD,        +0.00,        +0.00,        +0.00,   0.00, 20.07
:SA,   +0.00,   +0.00,  0.00
:TS,04010410134237,35.0, +24.4,   0.0,1533.0,628
:BI,-32768,-32768,-32768,-32768,V
:BS,-32768,-32768,-32768,V
:BE,-32768,-32768,-32768,V
:BD,        +0.00,        +0.00,        +0.00,   0.00, 20.16
:SA,   +0.00,   +0.00,  0.00
:TS,04010410134245,35.0, +24.4,   0.0,1533.0,622
:BI,-32768,-32768,-32768,-32768,V
:BS,-32768,-32768,-32768,V
:BE,-32768,-32768,-32768,V
:BD,        +0.00,        +0.00,        +0.00,   0.00, 20.24
:SA,   +0.00,   +0.00,  0.00
:TS,04010410134255,35.0, +24.4,   0.0,1533.0,623
:BI,-32768,-32768,-32768,-32768,V
:BS,-32768,-32768,-32768,V
:BE,-32768,-32768,-32768,V
:BD,        +0.00,        +0.00,        +0.00,   0.00, 20.34
:SA,   +0.00,   +0.00,  0.00
:TS,04010410134264,35.0, +24.4,   0.0,1533.0,624
:BI,-32768,-32768,-32768,-32768,V
:BS,-32768,-32768,-32768,V
:BE,-32768,-32768,-32768,V
:BD,        +0.00,        +0.00,        +0.00,   0.00, 20.43
:SA,   +0.00,   +0.00,  0.00
:TS,04010410134273,35.0, +24.4,   0.0,1533.0,621
:BI,-32768,-32768,-32768,-32768,V
:BS,-32768,-32768,-32768,V
:BE,-32768,-32768,-32768,V
:BD,        +0.00,        +0.00,        +0.00,   0.00, 20.52
:SA,   +0.00,   +0.00,  0.00
:TS,04010410134282,35.0, +24.4,   0.0,1533.0,627
:BI,-32768,-32768,-32768,-32768,V
:BS,-32768,-32768,-32768,V
:BE,-32768,-32768,-32768,V
:BD,        +0.00,        +0.00,        +0.00,   0.00, 20.61
:SA,   +0.00,   +0.00,  0.00
:TS,04010410134294,35.0, +24.4,   0.0,1533.0,628
:BI,-32768,-32768,-32768,-32768,V
:BS,-32768,-32768,-32768,V
:BE,-32768,-32768,-32768,V
:BD,        +0.00,        +0.00,        +0.00,   0.00, 20.73
:SA,   +0.00,   +0.00,  0.00
:TS,04010410134305,35.0, +24.4,   0.0,1533.0,622
:BI,-32768,-32768,-32768,-32768,V
:BS,-32768,-32768,-32768,V
:BE,-32768,-32768,-32768,V
:BD,        +0.00,        +0.00,        +0.00,   0.00, 20.84
:SA,   +0.00,   +0.00,  0.00
:TS,04010410134314,35.0, +24.4,   0.0,1533.0,623
:BI,-32768,-32768,-32768,-32768,V
:BS,-32768,-32768,-32768,V
:BE,-32768,-32768,-32768,V
:BD,        +0.00,        +0.00,        +0.00,   0.00, 20.93
:SA,   +0.00,   +0.00,  0.00
:TS,04010410134323,35.0, +24.4,   0.0,1533.0,624
:BI,-32768,-32768,-32768,-32768,V
:BS,-32768,-32768,-32768,V
:BE,-32768,-32768,-32768,V
:BD,        +0.00,        +0.00,        +0.00,   0.00, 21.02
:SA,   +0.00,   +0.00,  0.00
:TS,04010410134332,35.0, +24.4,   0.0,1533.0,621
:BI,-32768,-32768,-32768,-32768,V
:BS,-32768,-32768,-32768,V
:BE,-32768,-32768,-32768,V
:BD,        +0.00,        +0.00,        +0.00,   0.00, 21.11
:SA,   +0.00,   +0.00,  0.00
:TS,04010410134341,35.0, +24.4,   0.0,1533.0,627
:BI,-32768,-32768,-32768,-32768,V
:BS,-32768,-32768,-32768,V
:BE,-32768,-32768,-32768,V
:BD,        +0.00,        +0.00,        +0.00,   0.00, 21.20
:SA,   +0.00,   +0.00,  0.00
:TS,04010410134351,35.0, +24.4,   0.0,1533.0,628
:BI,-32768,-32768,-32768,-32768,V
:BS,-32768,-32768,-32768,V
:BE,-32768,-32768,-32768,V
:BD,        +0.00,        +0.00,        +0.00,   0.00, 21.30
:SA,   +0.00,   +0.00,  0.00
:TS,04010410134360,35.0, +24.4,   0.0,1533.0,622
:BI,-32768,-32768,-32768,-32768,V
:BS,-32768,-32768,-32768,V
:BE,-32768,-32768,-32768,V
:BD,        +0.00,        +0.00,        +0.00,   0.00, 21.39
:SA,   +0.00,   +0.00,  0.00
:TS,04010410134369,35.0, +24.4,   0.0,1533.0,623
:BI,-32768,-32768,-32768,-32768,V
:BS,-32768,-32768,-32768,V
:BE,-32768,-32768,-32768,V
:BD,        +0.00,        +0.00,        +0.00,   0.00, 21.48
:SA,   +0.00,   +0.00,  0.00
:TS,04010410134378,35.0, +24.4,   0.0,1533.0,624
:BI,-32768,-32768,-32768,-32768,V
:BS,-32768,-32768,-32768,V
:BE,-32768,-32768,-32768,V
:BD,        +0.00,        +0.00,        +0.00,   0.00, 21.57
:SA,   +0.00,   +0.00,  0.00
:TS,04010410134387,35.0, +24.4,   0.0,1533.0,621
:BI,-32768,-32768,-32768,-32768,V
:BS,-32768,-32768,-32768,V
:BE,-32768,-32768,-32768,V
:BD,        +0.00,        +0.00,        +0.00,   0.00, 21.66
:SA,   +0.00,   +0.00,  0.00
:TS,04010410134398,35.0, +24.4,   0.0,1533.0,627
:BI,-32768,-32768,-32768,-32768,V
:BS,-32768,-32768,-32768,V
:BE,-32768,-32768,-32768,V
:BD,        +0.00,        +0.00,        +0.00,   0.00, 21.77
:SA,   +0.00,   +0.00,  0.00
:TS,04010410134410,35.0, +24.4,   0.0,1533.0,628
:BI,-32768,-32768,-32768,-32768,V
:BS,-32768,-32768,-32768,V
:BE,-32768,-32768,-32768,V
:BD,        +0.00,        +0.00,        +0.00,   0.00, 21.89
:SA,   +0.00,   +0.00,  0.00
:TS,04010410134420,35.0, +24.4,   0.0,1533.0,622
:BI,-32768,-32768,-32768,-32768,V
:BS,-32768,-32768,-32768,V
:BE,-32768,-32768,-32768,V
:BD,        +0.00,        +0.00,        +0.00,   0.00, 21.99
:SA,   +0.00,   +0.00,  0.00
:TS,04010410134429,35.0, +24.4,   0.0,1533.0,623
:BI,-32768,-32768,-32768,-32768,V
:BS,-32768,-32768,-32768,V
:BE,-32768,-32768,-32768,V
:BD,        +0.00,        +0.00,        +0.00,   0.00, 22.08
:SA,   +0.00,   +0.00,  0.00
:TS,04010410134437,35.0, +24.4,   0.0,1533.0,624
:BI,-32768,-32768,-32768,-32768,V
:BS,-32768,-32768,-32768,V
:BE,-32768,-32768,-32768,V
:BD,        +0.00,        +0.00,        +0.00,   0.00, 22.16
:SA,   +0.00,   +0.00,  0.00
:TS,04010410134447,35.0, +24.4,   0.0,1533.0,621
:BI,-32768,-32768,-32768,-32768,V
:BS,-32768,-32768,-32768,V
:BE,-32768,-32768,-32768,V
:BD,        +0.00,        +0.00,        +0.00,   0.00, 22.26
:SA,   +0.00,   +0.00,  0.00
:TS,04010410134456,35.0, +24.4,   0.0,1533.0,627
:BI,-32768,-32768,-32768,-32768,V
:BS,-32768,-32768,-32768,V
:BE,-32768,-32768,-32768,V
:BD,        +0.00,        +0.00,        +0.00,   0.00, 22.35
:SA,   +0.00,   +0.00,  0.00
:TS,04010410134465,35.0, +24.4,   0.0,1533.0,628
:BI,-32768,-32768,-32768,-32768,V
:BS,-32768,-32768,-32768,V
:BE,-32768,-32768,-32768,V
:BD,        +0.00,        +0.00,        +0.00,   0.00, 22.44
:SA,   +0.00,   +0.00,  0.00
:TS,04010410134474,35.0, +24.4,   0.0,1533.0,622
:BI,-32768,-32768,-32768,-32768,V
:BS,-32768,-32768,-32768,V
:BE,-32768,-32768,-32768,V
:BD,        +0.00,        +0.00,        +0.00,   0.00, 22.53
:SA,   +0.00,   +0.00,  0.00
:TS,04010410134483,35.0, +24.4,   0.0,1533.0,623
:BI,-32768,-32768,-32768,-32768,V
:BS,-32768,-32768,-32768,V
:BE,-32768,-32768,-32768,V
:BD,        +0.00,        +0.00,        +0.00,   0.00, 22.62
:SA,   +0.00,   +0.00,  0.00
:TS,04010410134493,35.0, +24.4,   0.0,1533.0,624
:BI,-32768,-32768,-32768,-32768,V
:BS,-32768,-32768,-32768,V
:BE,-32768,-32768,-32768,V
:BD,        +0.00,        +0.00,        +0.00,   0.00, 22.72
:SA,   +0.00,   +0.00,  0.00
:TS,04010410134502,35.0, +24.4,   0.0,1533.0,621
:BI,-32768,-32768,-32768,-32768,V
:BS,-32768,-32768,-32768,V
:BE,-32768,-32768,-32768,V
:BD,        +0.00,        +0.00,        +0.00,   0.00, 22.81
:SA,   +0.00,   +0.00,  0.00
:TS,04010410134511,35.0, +24.4,   0.0,1533.0,627
:BI,-32768,-32768,-32768,-32768,V
:BS,-32768,-32768,-32768,V
:BE,-32768,-32768,-32768,V
:BD,        +0.00,        +0.00,        +0.00,   0.00, 22.90
:SA,   +0.00,   +0.00,  0.00
:TS,04010410134522,35.0, +24.4,   0.0,1533.0,628
:BI,-32768,-32768,-32768,-32768,V
:BS,-32768,-32768,-32768,V
:BE,-32768,-32768,-32768,V
:BD,        +0.00,        +0.00,        +0.00,   0.00, 23.01
:SA,   +0.00,   +0.00,  0.00
:TS,04010410134532,35.0, +24.4,   0.0,1533.0,622
:BI,-32768,-32768,-32768,-32768,V
:BS,-32768,-32768,-32768,V
:BE,-32768,-32768,-32768,V
:BD,        +0.00,        +0.00,        +0.00,   0.00, 23.11
:SA,   +0.00,   +0.00,  0.00
:TS,04010410134542,35.0, +24.4,   0.0,1533.0,623
:BI,-32768,-32768,-32768,-32768,V
:BS,-32768,-32768,-32768,V
:BE,-32768,-32768,-32768,V
:BD,        +0.00,        +0.00,        +0.00,   0.00, 23.21
:SA,   +0.00,   +0.00,  0.00
:TS,04010410134551,35.0, +24.4,   0.0,1533.0,624
:BI,-32768,-32768,-32768,-32768,V
:BS,-32768,-32768,-32768,V
:BE,-32768,-32768,-32768,V
:BD,        +0.00,        +0.00,        +0.00,   0.00, 23.30
:SA,   +0.00,   +0.00,  0.00
:TS,04010410134560,35.0, +24.4,   0.0,1533.0,621
:BI,-32768,-32768,-32768,-32768,V
:BS,-32768,-32768,-32768,V
:BE,-32768,-32768,-32768,V
:BD,        +0.00,        +0.00,        +0.00,   0.00, 23.39
:SA,   +0.00,   +0.00,  0.00
:TS,04010410134569,35.0, +24.4,   0.0,1533.0,627
:BI,-32768,-32768,-32768,-32768,V
:BS,-32768,-32768,-32768,V
:BE,-32768,-32768,-32768,V
:BD,        +0.00,        +0.00,        +0.00,   0.00, 23.48
:SA,   +0.00,   +0.00,  0.00
:TS,04010410134577,35.0, +24.4,   0.0,1533.0,628
:BI,-32768,-32768,-32768,-32768,V
:BS,-32768,-32768,-32768,V
:BE,-32768,-32768,-32768,V
:BD,        +0.00,        +0.00,        +0.00,   0.00, 23.56
:SA,   +0.00,   +0.00,  0.00
:TS,04010410134587,35.0, +24.4,   0.0,1533.0,622
:BI,-32768,-32768,-32768,-32768,V
:BS,-32768,-32768,-32768,V
:BE,-32768,-32768,-32768,V
:BD,        +0.00,        +0.00,        +0.00,   0.00, 23.66
:SA,   +0.00,   +0.00,  0.00
:TS,04010410134596,35.0, +24.4,   0.0,1533.0,623
:BI,-32768,-32768,-32768,-32768,V
:BS,-32768,-32768,-32768,V
:BE,-32768,-32768,-32768,V
:BD,        +0.00,        +0.00,        +0.00,   0.00, 23.75
:SA,   +0.00,   +0.00,  0.00
:TS,04010410134605,35.0, +24.4,   0.0,1533.0,624
:BI,-32768,-32768,-32768,-32768,V
:BS,-32768,-32768,-32768,V
:BE,-32768,-32768,-32768,V
:BD,        +0.00,        +0.00,        +0.00,   0.00, 23.84
:SA,   +0.00,   +0.00,  0.00
:TS,04010410134614,35.0, +24.4,   0.0,1533.0,621
:BI,-32768,-32768,-32768,-32768,V
:BS,-32768,-32768,-32768,V
:BE,-32768,-32768,-32768,V
:BD,        +0.00,        +0.00,        +0.00,   0.00, 23.93
:SA,   +0.00,   +0.00,  0.00
:TS,04010410134623,35.0, +24.4,   0.0,1533.0,627
:BI,-32768,-32768,-32768,-32768,V
:BS,-32768,-32768,-32768,V
:BE,-32768,-32768,-32768,V
:BD,        +0.00,        +0.00,        +0.00,   0.00, 24.02
:SA,   +0.00,   +0.00,  0.00
:TS,04010410134637,35.0, +24.4,   0.0,1533.0,628
:BI,-32768,-32768,-32768,-32768,V
:BS,-32768,-32768,-32768,V
:BE,-32768,-32768,-32768,V
:BD,        +0.00,        +0.00,        +0.00,   0.00, 24.16
:SA,   +0.00,   +0.00,  0.00
:TS,04010410134647,35.0, +24.4,   0.0,1533.0,622
:BI,-32768,-32768,-32768,-32768,V
:BS,-32768,-32768,-32768,V
:BE,-32768,-32768,-32768,V
:BD,        +0.00,        +0.00,        +0.00,   0.00, 24.26
:SA,   +0.00,   +0.00,  0.00
:TS,04010410134656,35.0, +24.4,   0.0,1533.0,623
:BI,-32768,-32768,-32768,-32768,V
:BS,-32768,-32768,-32768,V
:BE,-32768,-32768,-32768,V
:BD,        +0.00,        +0.00,        +0.00,   0.00, 24.35
:SA,   +0.00,   +0.00,  0.00
:TS,04010410134665,35.0, +24.4,   0.0,1533.0,624
:BI,-32768,-32768,-32768,-32768,V
:BS,-32768,-32768,-32768,V
:BE,-32768,-32768,-32768,V
:BD,        +0.00,        +0.00,        +0.00,   0.00, 24.44
:SA,   +0.00,   +0.00,  0.00
:TS,04010410134673,35.0, +24.4,   0.0,1533.0,621
:BI,-32768,-32768,-32768,-32768,V
:BS,-32768,-32768,-32768,V
:BE,-32768,-32768,-32768,V
:BD,        +0.00,        +0.00,        +0.00,   0.00, 24.52
:SA,   +0.00,   +0.00,  0.00
:TS,04010410134683,35.0, +24.4,   0.0,1533.0,627
:BI,-32768,-32768,-32768,-32768,V
:BS,-32768,-32768,-32768,V
:BE,-32768,-32768,-32768,V
:BD,        +0.00,        +0.00,        +0.00,   0.00, 24.62
:SA,   +0.00,   +0.00,  0.00
:TS,04010410134692,35.0, +24.4,   0.0,1533.0,628
:BI,-32768,-32768,-32768,-32768,V
:BS,-32768,-32768,-32768,V
:BE,-32768,-32768,-32768,V
:BD,        +0.00,        +0.00,        +0.00,   0.00, 24.71
:SA,   +0.00,   +0.00,  0.00
:TS,04010410134701,35.0, +24.4,   0.0,1533.0,622
:BI,-32768,-32768,-32768,-32768,V
:BS,-32768,-32768,-32768,V
:BE,-32768,-32768,-32768,V
:BD,        +0.00,        +0.00,        +0.00,   0.00, 24.80
:SA,   +0.00,   +0.00,  0.00
:TS,04010410134710,35.0, +24.4,   0.0,1533.0,623
:BI,-32768,-32768,-32768,-32768,V
:BS,-32768,-32768,-32768,V
:BE,-32768,-32768,-32768,V
:BD,        +0.00,        +0.00,        +0.00,   0.00, 24.89
:SA,   +0.00,   +0.00,  0.00
:TS,04010410134719,35.0, +24.4,   0.0,1533.0,624
:BI,-32768,-32768,-32768,-32768,V
:BS,-32768,-32768,-32768,V
:BE,-32768,-32768,-32768,V
:BD,        +0.00,        +0.00,        +0.00,   0.00, 24.98
:SA,   +0.00,   +0.00,  0.00
:TS,04010410134730,35.0, +24.4,   0.0,1533.0,621
:BI,-32768,-32768,-32768,-32768,V
:BS,-32768,-32768,-32768,V
:BE,-32768,-32768,-32768,V
:BD,        +0.00,        +0.00,        +0.00,   0.00, 25.09
:SA,   +0.00,   +0.00,  0.00
:TS,04010410134739,35.0, +24.4,   0.0,1533.0,627
:BI,-32768,-32768,-32768,-32768,V
:BS,-32768,-32768,-32768,V
:BE,-32768,-32768,-32768,V
:BD,        +0.00,        +0.00,        +0.00,   0.00, 25.18
:SA,   +0.00,   +0.00,  0.00
:TS,04010410134750,35.0, +24.4,   0.0,1533.0,628
:BI,-32768,-32768,-32768,-32768,V
:BS,-32768,-32768,-32768,V
:BE,-32768,-32768,-32768,V
:BD,        +0.00,        +0.00,        +0.00,   0.00, 25.29
:SA,   +0.00,   +0.00,  0.00
:TS,04010410134760,35.0, +24.4,   0.0,1533.0,622
:BI,-32768,-32768,-32768,-32768,V
:BS,-32768,-32768,-32768,V
:BE,-32768,-32768,-32768,V
:BD,        +0.00,        +0.00,        +0.00,   0.00, 25.39
:SA,   +0.00,   +0.00,  0.00
:TS,04010410134769,35.0, +24.4,   0.0,1533.0,623
:BI,-32768,-32768,-32768,-32768,V
:BS,-32768,-32768,-32768,V
:BE,-32768,-32768,-32768,V
:BD,        +0.00,        +0.00,        +0.00,   0.00, 25.48
:SA,   +0.00,   +0.00,  0.00
:TS,04010410134779,35.0, +24.4,   0.0,1533.0,624
:BI,-32768,-32768,-32768,-32768,V
:BS,-32768,-32768,-32768,V
:BE,-32768,-32768,-32768,V
:BD,        +0.00,        +0.00,        +0.00,   0.00, 25.58
:SA,   +0.00,   +0.00,  0.00
:TS,04010410134788,35.0, +24.4,   0.0,1533.0,621
:BI,-32768,-32768,-32768,-32768,V
:BS,-32768,-32768,-32768,V
:BE,-32768,-32768,-32768,V
:BD,        +0.00,        +0.00,        +0.00,   0.00, 25.67
:SA,   +0.00,   +0.00,  0.00
:TS,04010410134797,35.0, +24.4,   0.0,1533.0,627
:BI,-32768,-32768,-32768,-32768,V
:BS,-32768,-32768,-32768,V
:BE,-32768,-32768,-32768,V
:BD,        +0.00,        +0.00,        +0.00,   0.00, 25.76
:SA,   +0.00,   +0.00,  0.00
:TS,04010410134806,35.0, +24.4,   0.0,1533.0,628
:BI,-32768,-32768,-32768,-32768,V
:BS,-32768,-32768,-32768,V
:BE,-32768,-32768,-32768,V
:BD,        +0.00,        +0.00,        +0.00,   0.00, 25.85
:SA,   +0.00,   +0.00,  0.00
:TS,04010410134815,35.0, +24.4,   0.0,1533.0,622
:BI,-32768,-32768,-32768,-32768,V
:BS,-32768,-32768,-32768,V
:BE,-32768,-32768,-32768,V
:BD,        +0.00,        +0.00,        +0.00,   0.00, 25.94
:SA,   +0.00,   +0.00,  0.00
:TS,04010410134826,35.0, +24.4,   0.0,1533.0,623
:BI,-32768,-32768,-32768,-32768,V
:BS,-32768,-32768,-32768,V
:BE,-32768,-32768,-32768,V
:BD,        +0.00,        +0.00,        +0.00,   0.00, 26.05
:SA,   +0.00,   +0.00,  0.00
:TS,04010410134835,35.0, +24.4,   0.0,1533.0,624
:BI,-32768,-32768,-32768,-32768,V
:BS,-32768,-32768,-32768,V
:BE,-32768,-32768,-32768,V
:BD,        +0.00,        +0.00,        +0.00,   0.00, 26.14
:SA,   +0.00,   +0.00,  0.00
:TS,04010410134844,35.0, +24.4,   0.0,1533.0,621
:BI,-32768,-32768,-32768,-32768,V
:BS,-32768,-32768,-32768,V
:BE,-32768,-32768,-32768,V
:BD,        +0.00,        +0.00,        +0.00,   0.00, 26.23
:SA,   +0.00,   +0.00,  0.00
:TS,04010410134853,35.0, +24.4,   0.0,1533.0,627
:BI,-32768,-32768,-32768,-32768,V
:BS,-32768,-32768,-32768,V
:BE,-32768,-32768,-32768,V
:BD,        +0.00,        +0.00,        +0.00,   0.00, 26.32
:SA,   +0.00,   +0.00,  0.00
:TS,04010410134865,35.0, +24.4,   0.0,1533.0,628
:BI,-32768,-32768,-32768,-32768,V
:BS,-32768,-32768,-32768,V
:BE,-32768,-32768,-32768,V
:BD,        +0.00,        +0.00,        +0.00,   0.00, 26.44
:SA,   +0.00,   +0.00,  0.00
:TS,04010410134876,35.0, +24.4,   0.0,1533.0,622
:BI,-32768,-32768,-32768,-32768,V
:BS,-32768,-32768,-32768,V
:BE,-32768,-32768,-32768,V
:BD,        +0.00,        +0.00,        +0.00,   0.00, 26.55
:SA,   +0.00,   +0.00,  0.00
:TS,04010410134885,35.0, +24.4,   0.0,1533.0,623
:BI,-32768,-32768,-32768,-32768,V
:BS,-32768,-32768,-32768,V
:BE,-32768,-32768,-32768,V
:BD,        +0.00,        +0.00,        +0.00,   0.00, 26.64
:SA,   +0.00,   +0.00,  0.00
:TS,04010410134894,35.0, +24.4,   0.0,1533.0,624
:BI,-32768,-32768,-32768,-32768,V
:BS,-32768,-32768,-32768,V
:BE,-32768,-32768,-32768,V
:BD,        +0.00,        +0.00,        +0.00,   0.00, 26.73
:SA,   +0.00,   +0.00,  0.00
:TS,04010410134903,35.0, +24.4,   0.0,1533.0,621
:BI,-32768,-32768,-32768,-32768,V
:BS,-32768,-32768,-32768,V
:BE,-32768,-32768,-32768,V
:BD,        +0.00,        +0.00,        +0.00,   0.00, 26.82
:SA,   +0.00,   +0.00,  0.00
:TS,04010410134911,35.0, +24.4,   0.0,1533.0,627
:BI,-32768,-32768,-32768,-32768,V
:BS,-32768,-32768,-32768,V
:BE,-32768,-32768,-32768,V
:BD,        +0.00,        +0.00,        +0.00,   0.00, 26.90
:SA,   +0.00,   +0.00,  0.00
:TS,04010410134922,35.0, +24.4,   0.0,1533.0,628
:BI,-32768,-32768,-32768,-32768,V
:BS,-32768,-32768,-32768,V
:BE,-32768,-32768,-32768,V
:BD,        +0.00,        +0.00,        +0.00,   0.00, 27.01
:SA,   +0.00,   +0.00,  0.00
:TS,04010410134931,35.0, +24.4,   0.0,1533.0,622
:BI,-32768,-32768,-32768,-32768,V
:BS,-32768,-32768,-32768,V
:BE,-32768,-32768,-32768,V
:BD,        +0.00,        +0.00,        +0.00,   0.00, 27.10
:SA,   +0.00,   +0.00,  0.00
:TS,04010410134940,35.0, +24.4,   0.0,1533.0,623
:BI,-32768,-32768,-32768,-32768,V
:BS,-32768,-32768,-32768,V
:BE,-32768,-32768,-32768,V
:BD,        +0.00,        +0.00,        +0.00,   0.00, 27.19
:SA,   +0.00,   +0.00,  0.00
:TS,04010410134949,35.0, +24.4,   0.0,1533.0,624
:BI,-32768,-32768,-32768,-32768,V
:BS,-32768,-32768,-32768,V
:BE,-32768,-32768,-32768,V
:BD,        +0.00,        +0.00,        +0.00,   0.00, 27.28
:SA,   +0.00,   +0.00,  0.00
:TS,04010410134958,35.0, +24.4,   0.0,1533.0,621
:BI,-32768,-32768,-32768,-32768,V
:BS,-32768,-32768,-32768,V
:BE,-32768,-32768,-32768,V
:BD,        +0.00,        +0.00,        +0.00,   0.00, 27.37
:SA,   +0.00,   +0.00,  0.00
:TS,04010410134969,35.0, +24.4,   0.0,1533.0,627
:BI,-32768,-32768,-32768,-32768,V
:BS,-32768,-32768,-32768,V
:BE,-32768,-32768,-32768,V
:BD,        +0.00,        +0.00,        +0.00,   0.00, 27.48
:SA,   +0.00,   +0.00,  0.00
:TS,04010410134980,35.0, +24.4,   0.0,1533.0,628
:BI,-32768,-32768,-32768,-32768,V
:BS,-32768,-32768,-32768,V
:BE,-32768,-32768,-32768,V
:BD,        +0.00,        +0.00,        +0.00,   0.00, 27.59
:SA,   +0.00,   +0.00,  0.00
:TS,04010410134990,35.0, +24.4,   0.0,1533.0,622
:BI,-32768,-32768,-32768,-32768,V
:BS,-32768,-32768,-32768,V
:BE,-32768,-32768,-32768,V
:BD,        +0.00,        +0.00,        +0.00,   0.00, 27.69
:SA,   +0.00,   +0.00,  0.00
:TS,04010410134999,35.0, +24.4,   0.0,1533.0,623
:BI,-32768,-32768,-32768,-32768,V
:BS,-32768,-32768,-32768,V
:BE,-32768,-32768,-32768,V
:BD,        +0.00,        +0.00,        +0.00,   0.00, 27.78
:SA,   +0.00,   +0.00,  0.00
:TS,04010410135007,35.0, +24.4,   0.0,1533.0,624
:BI,-32768,-32768,-32768,-32768,V
:BS,-32768,-32768,-32768,V
:BE,-32768,-32768,-32768,V
:BD,        +0.00,        +0.00,        +0.00,   0.00, 27.86
:SA,   +0.00,   +0.00,  0.00
:TS,04010410135017,35.0, +24.4,   0.0,1533.0,621
:BI,-32768,-32768,-32768,-32768,V
:BS,-32768,-32768,-32768,V
:BE,-32768,-32768,-32768,V
:BD,        +0.00,        +0.00,        +0.00,   0.00, 27.96
:SA,   +0.00,   +0.00,  0.00
:TS,04010410135026,35.0, +24.4,   0.0,1533.0,627
:BI,-32768,-32768,-32768,-32768,V
:BS,-32768,-32768,-32768,V
:BE,-32768,-32768,-32768,V
:BD,        +0.00,        +0.00,        +0.00,   0.00, 28.05
:SA,   +0.00,   +0.00,  0.00
:TS,04010410135035,35.0, +24.4,   0.0,1533.0,628
:BI,-32768,-32768,-32768,-32768,V
:BS,-32768,-32768,-32768,V
:BE,-32768,-32768,-32768,V
:BD,        +0.00,        +0.00,        +0.00,   0.00, 28.14
:SA,   +0.00,   +0.00,  0.00
:TS,04010410135044,35.0, +24.4,   0.0,1533.0,622
:BI,-32768,-32768,-32768,-32768,V
:BS,-32768,-32768,-32768,V
:BE,-32768,-32768,-32768,V
:BD,        +0.00,        +0.00,        +0.00,   0.00, 28.23
:SA,   +0.00,   +0.00,  0.00
:TS,04010410135052,35.0, +24.4,   0.0,1533.0,623
:BI,-32768,-32768,-32768,-32768,V
:BS,-32768,-32768,-32768,V
:BE,-32768,-32768,-32768,V
:BD,        +0.00,        +0.00,        +0.00,   0.00, 28.31
:SA,   +0.00,   +0.00,  0.00
:TS,04010410135062,35.0, +24.4,   0.0,1533.0,624
:BI,-32768,-32768,-32768,-32768,V
:BS,-32768,-32768,-32768,V
:BE,-32768,-32768,-32768,V
:BD,        +0.00,        +0.00,        +0.00,   0.00, 28.41
:SA,   +0.00,   +0.00,  0.00
:TS,04010410135071,35.0, +24.4,   0.0,1533.0,621
:BI,-32768,-32768,-32768,-32768,V
:BS,-32768,-32768,-32768,V
:BE,-32768,-32768,-32768,V
:BD,        +0.00,        +0.00,        +0.00,   0.00, 28.50
:SA,   +0.00,   +0.00,  0.00
:TS,04010410135080,35.0, +24.4,   0.0,1533.0,627
:BI,-32768,-32768,-32768,-32768,V
:BS,-32768,-32768,-32768,V
:BE,-32768,-32768,-32768,V
:BD,        +0.00,        +0.00,        +0.00,   0.00, 28.59
:SA,   +0.00,   +0.00,  0.00
:TS,04010410135089,35.0, +24.4,   0.0,1533.0,628
:BI,-32768,-32768,-32768,-32768,V
:BS,-32768,-32768,-32768,V
:BE,-32768,-32768,-32768,V
:BD,        +0.00,        +0.00,        +0.00,   0.00, 28.68
:SA,   +0.00,   +0.00,  0.00
:TS,04010410135101,35.0, +24.4,   0.0,1533.0,622
:BI,-32768,-32768,-32768,-32768,V
:BS,-32768,-32768,-32768,V
:BE,-32768,-32768,-32768,V
:BD,        +0.00,        +0.00,        +0.00,   0.00, 28.80
:SA,   +0.00,   +0.00,  0.00
:TS,04010410135112,35.0, +24.4,   0.0,1533.0,623
:BI,-32768,-32768,-32768,-32768,V
:BS,-32768,-32768,-32768,V
:BE,-32768,-32768,-32768,V
:BD,        +0.00,        +0.00,        +0.00,   0.00, 28.91
:SA,   +0.00,   +0.00,  0.00
:TS,04010410135121,35.0, +24.4,   0.0,1533.0,624
:BI,-32768,-32768,-32768,-32768,V
:BS,-32768,-32768,-32768,V
:BE,-32768,-32768,-32768,V
:BD,        +0.00,        +0.00,        +0.00,   0.00, 29.00
:SA,   +0.00,   +0.00,  0.00
:TS,04010410135130,35.0, +24.4,   0.0,1533.0,621
:BI,-32768,-32768,-32768,-32768,V
:BS,-32768,-32768,-32768,V
:BE,-32768,-32768,-32768,V
:BD,        +0.00,        +0.00,        +0.00,   0.00, 29.09
:SA,   +0.00,   +0.00,  0.00
:TS,04010410135139,35.0, +24.4,   0.0,1533.0,627
:BI,-32768,-32768,-32768,-32768,V
:BS,-32768,-32768,-32768,V
:BE,-32768,-32768,-32768,V
:BD,        +0.00,        +0.00,        +0.00,   0.00, 29.18
:SA,   +0.00,   +0.00,  0.00
:TS,04010410135148,35.0, +24.4,   0.0,1533.0,628
:BI,-32768,-32768,-32768,-32768,V
:BS,-32768,-32768,-32768,V
:BE,-32768,-32768,-32768,V
:BD,        +0.00,        +0.00,        +0.00,   0.00, 29.27
:SA,   +0.00,   +0.00,  0.00
:TS,04010410135159,35.0, +24.4,   0.0,1533.0,622
:BI,-32768,-32768,-32768,-32768,V
:BS,-32768,-32768,-32768,V
:BE,-32768,-32768,-32768,V
:BD,        +0.00,        +0.00,        +0.00,   0.00, 29.38
:SA,   +0.00,   +0.00,  0.00
:TS,04010410135168,35.0, +24.4,   0.0,1533.0,623
:BI,-32768,-32768,-32768,-32768,V
:BS,-32768,-32768,-32768,V
:BE,-32768,-32768,-32768,V
:BD,        +0.00,        +0.00,        +0.00,   0.00, 29.47
:SA,   +0.00,   +0.00,  0.00
:TS,04010410135177,35.0, +24.4,   0.0,1533.0,624
:BI,-32768,-32768,-32768,-32768,V
:BS,-32768,-32768,-32768,V
:BE,-32768,-32768,-32768,V
:BD,        +0.00,        +0.00,        +0.00,   0.00, 29.56
:SA,   +0.00,   +0.00,  0.00
:TS,04010410135186,35.0, +24.4,   0.0,1533.0,621
:BI,-32768,-32768,-32768,-32768,V
:BS,-32768,-32768,-32768,V
:BE,-32768,-32768,-32768,V
:BD,        +0.00,        +0.00,        +0.00,   0.00, 29.65
:SA,   +0.00,   +0.00,  0.00
:TS,04010410135195,35.0, +24.4,   0.0,1533.0,627
:BI,-32768,-32768,-32768,-32768,V
:BS,-32768,-32768,-32768,V
:BE,-32768,-32768,-32768,V
:BD,        +0.00,        +0.00,        +0.00,   0.00, 29.74
:SA,   +0.00,   +0.00,  0.00
:TS,04010410135206,35.0, +24.4,   0.0,1533.0,628
:BI,-32768,-32768,-32768,-32768,V
:BS,-32768,-32768,-32768,V
:BE,-32768,-32768,-32768,V
:BD,        +0.00,        +0.00,        +0.00,   0.00, 29.85
:SA,   +0.00,   +0.00,  0.00
:TS,04010410135217,35.0, +24.4,   0.0,1533.0,622
:BI,-32768,-32768,-32768,-32768,V
:BS,-32768,-32768,-32768,V
:BE,-32768,-32768,-32768,V
:BD,        +0.00,        +0.00,        +0.00,   0.00, 29.96
:SA,   +0.00,   +0.00,  0.00
:TS,04010410135228,35.0, +24.4,   0.0,1533.0,623
:BI,-32768,-32768,-32768,-32768,V
:BS,-32768,-32768,-32768,V
:BE,-32768,-32768,-32768,V
:BD,        +0.00,        +0.00,        +0.00,   0.00, 30.07
:SA,   +0.00,   +0.00,  0.00
:TS,04010410135236,35.0, +24.4,   0.0,1533.0,624
:BI,-32768,-32768,-32768,-32768,V
:BS,-32768,-32768,-32768,V
:BE,-32768,-32768,-32768,V
:BD,        +0.00,        +0.00,        +0.00,   0.00, 30.15
:SA,   +0.00,   +0.00,  0.00
:TS,04010410135244,35.0, +24.4,   0.0,1533.0,621
:BI,-32768,-32768,-32768,-32768,V
:BS,-32768,-32768,-32768,V
:BE,-32768,-32768,-32768,V
:BD,        +0.00,        +0.00,        +0.00,   0.00, 30.23
:SA,   +0.00,   +0.00,  0.00
:TS,04010410135255,35.0, +24.4,   0.0,1533.0,627
:BI,-32768,-32768,-32768,-32768,V
:BS,-32768,-32768,-32768,V
:BE,-32768,-32768,-32768,V
:BD,        +0.00,        +0.00,        +0.00,   0.00, 30.34
:SA,   +0.00,   +0.00,  0.00
:TS,04010410135264,35.0, +24.4,   0.0,1533.0,628
:BI,-32768,-32768,-32768,-32768,V
:BS,-32768,-32768,-32768,V
:BE,-32768,-32768,-32768,V
:BD,        +0.00,        +0.00,        +0.00,   0.00, 30.43
:SA,   +0.00,   +0.00,  0.00
:TS,04010410135273,35.0, +24.4,   0.0,1533.0,622
:BI,-32768,-32768,-32768,-32768,V
:BS,-32768,-32768,-32768,V
:BE,-32768,-32768,-32768,V
:BD,        +0.00,        +0.00,        +0.00,   0.00, 30.52
:SA,   +0.00,   +0.00,  0.00
:TS,04010410135282,35.0, +24.4,   0.0,1533.0,623
:BI,-32768,-32768,-32768,-32768,V
:BS,-32768,-32768,-32768,V
:BE,-32768,-32768,-32768,V
:BD,        +0.00,        +0.00,        +0.00,   0.00, 30.61
:SA,   +0.00,   +0.00,  0.00
:TS,04010410135291,35.0, +24.4,   0.0,1533.0,624
:BI,-32768,-32768,-32768,-32768,V
:BS,-32768,-32768,-32768,V
:BE,-32768,-32768,-32768,V
:BD,        +0.00,        +0.00,        +0.00,   0.00, 30.70
:SA,   +0.00,   +0.00,  0.00
:TS,04010410135302,35.0, +24.4,   0.0,1533.0,621
:BI,-32768,-32768,-32768,-32768,V
:BS,-32768,-32768,-32768,V
:BE,-32768,-32768,-32768,V
:BD,        +0.00,        +0.00,        +0.00,   0.00, 30.81
:SA,   +0.00,   +0.00,  0.00
:TS,04010410135311,35.0, +24.4,   0.0,1533.0,627
:BI,-32768,-32768,-32768,-32768,V
:BS,-32768,-32768,-32768,V
:BE,-32768,-32768,-32768,V
:BD,        +0.00,        +0.00,        +0.00,   0.00, 30.90
:SA,   +0.00,   +0.00,  0.00
:TS,04010410135320,35.0, +24.4,   0.0,1533.0,628
:BI,-32768,-32768,-32768,-32768,V
:BS,-32768,-32768,-32768,V
:BE,-32768,-32768,-32768,V
:BD,        +0.00,        +0.00,        +0.00,   0.00, 30.99
:SA,   +0.00,   +0.00,  0.00
:TS,04010410135332,35.0, +24.4,   0.0,1533.0,622
:BI,-32768,-32768,-32768,-32768,V
:BS,-32768,-32768,-32768,V
:BE,-32768,-32768,-32768,V
:BD,        +0.00,        +0.00,        +0.00,   0.00, 31.11
:SA,   +0.00,   +0.00,  0.00
:TS,04010410135341,35.0, +24.4,   0.0,1533.0,623
:BI,-32768,-32768,-32768,-32768,V
:BS,-32768,-32768,-32768,V
:BE,-32768,-32768,-32768,V
:BD,        +0.00,        +0.00,        +0.00,   0.00, 31.20
:SA,   +0.00,   +0.00,  0.00
:TS,04010410135352,35.0, +24.4,   0.0,1533.0,624
:BI,-32768,-32768,-32768,-32768,V
:BS,-32768,-32768,-32768,V
:BE,-32768,-32768,-32768,V
:BD,        +0.00,        +0.00,        +0.00,   0.00, 31.31
:SA,   +0.00,   +0.00,  0.00
:TS,04010410135361,35.0, +24.4,   0.0,1533.0,621
:BI,-32768,-32768,-32768,-32768,V
:BS,-32768,-32768,-32768,V
:BE,-32768,-32768,-32768,V
:BD,        +0.00,        +0.00,        +0.00,   0.00, 31.40
:SA,   +0.00,   +0.00,  0.00
:TS,04010410135370,35.0, +24.4,   0.0,1533.0,627
:BI,-32768,-32768,-32768,-32768,V
:BS,-32768,-32768,-32768,V
:BE,-32768,-32768,-32768,V
