>BP001
>BX00060
>EA09000
>ES35
>TE00:00:00.00
>TP00:00.00
>PD6
>CK
[Parameters saved as USER defaults]

>CS
:SA,   +0.00,   +0.00,  0.00
:TS,04010100303916,35.0, +21.0,   0.0,1524.2,621
:BI,-32768,-32768,-32768,-32768,V
:BS,-32768,-32768,-32768,V
:BE,-32768,-32768,-32768,V
:BD,        +0.00,        +0.00,        +0.00,   0.00,  0.00
:SA,   +0.00,   +0.00,  0.00
:TS,04010100303926,35.0, +21.0,   0.0,1524.2,627
:BI,-32768,-32768,-32768,-32768,V
:BS,-32768,-32768,-32768,V
:BE,-32768,-32768,-32768,V
:BD,        +0.00,        +0.00,        +0.00,   0.00,  0.10
:SA,   +0.00,   +0.00,  0.00
:TS,04010100303935,35.0, +21.0,   0.0,1524.2,628
:BI,-32768,-32768,-32768,-32768,V
:BS,-32768,-32768,-32768,V
:BE,-32768,-32768,-32768,V
:BD,        +0.00,        +0.00,        +0.00,   0.00,  0.19
:SA,   +0.00,   +0.00,  0.00
:TS,04010100303942,35.0, +21.0,   0.0,1524.2,622
:BI,-32768,-32768,-32768,-32768,V
:BS,-32768,-32768,-32768,V
:BE,-32768,-32768,-32768,V
:BD,        +0.00,        +0.00,        +0.00,   4.45,  0.26
:SA,   +0.00,   +0.00,  0.00
:TS,04010100303953,35.0, +21.0,   0.0,1524.2,623
:BI,   -34,    +0,   +21,   +41,A
:BS,    +0,   +34,   +21,A
:BE,    +0,   +34,   +21,A
:BD,        +0.00,        +0.00,        +0.00,   4.54,  0.26
:SA,   +0.00,   +0.00,  0.00
:TS,04010100303963,35.0, +21.0,   0.0,1524.2,624
:BI,   -28,   +18,   +23,-32768,A
:BS,   +18,   +28,   +23,A
:BE,   +18,   +28,   +23,A
:BD,        +0.00,        +0.00,        +0.00,   4.51,  0.00
:SA,   +0.00,   +0.00,  0.00
:TS,04010100303971,35.0, +21.0,   0.0,1524.2,621
:BI,    +0,   -67,   -10,   +34,A
:BS,   -67,    +0,   -10,A
:BE,   -67,    +0,   -10,A
:BD,       -0.00,        +0.01,        +0.00,   4.23,  0.00
:SA,   +0.00,   +0.00,  0.00
:TS,04010100303981,35.0, +21.0,   0.0,1524.2,627
:BI,    -9,    +0,    +0,   +11,A
:BS,    +0,    +9,    +0,A
:BE,    +0,    +9,    +0,A
:BD,       -0.00,        +0.01,        +0.00,   4.52,  0.00
:SA,   +0.00,   +0.00,  0.00
:TS,04010100303989,35.0, +21.0,   0.0,1524.2,628
:BI,   +13,   -64,    -7,    +7,A
:BS,   -64,   -13,    -7,A
:BE,   -64,   -13,    -7,A
:BD,       -0.00,        +0.01,        +0.00,   4.25,  0.00
:SA,   +0.00,   +0.00,  0.00
:TS,04010100303999,35.0, +21.0,   0.0,1524.2,622
:BI,   +18,   -12,    +9,    -4,A
:BS,   -12,   -18,    +9,A
:BE,   -12,   -18,    +9,A
:BD,       -0.01,        +0.01,        +0.01,   4.51,  0.00
:SA,   +0.00,   +0.00,  0.00
:TS,04010100304009,35.0, +21.0,   0.0,1524.2,623
:BI,   +16,    +2,   +18,    +6,A
:BS,    +2,   -16,   +18,A
:BE,    +2,   -16,   +18,A
:BD,       -0.01,        +0.01,        +0.01,   4.54,  0.00
:SA,   +0.00,   +0.00,  0.00
:TS,04010100304020,35.0, +30.1,   0.0,1545.8,624
:BI,   +30,   -12,   +34,   -14,A
:BS,   -12,   -30,   +34,A
:BE,   -12,   -30,   +34,A
:BD,       -0.01,        +0.01,        +0.01,   4.55,  0.00
:SA,   +0.00,   +0.00,  0.00
:TS,04010100304031,35.0, +30.1,   0.0,1545.8,621
:BI,    +7,    -8,   +34,    +6,A
:BS,    -8,    -7,   +34,A
:BE,    -8,    -7,   +34,A
:BD,       -0.01,        +0.01,        +0.01,   4.53,  0.00
:SA,   +0.00,   +0.00,  0.00
:TS,04010100304040,35.0, +30.1,   0.0,1545.8,627
:BI,    +6,   -68,   +27,   +22,A
:BS,   -68,    -6,   +27,A
:BE,   -68,    -6,   +27,A
:BD,       -0.01,        +0.01,        +0.01,   4.53,  0.00
:SA,   +0.00,   +0.00,  0.00
:TS,04010100304050,35.0, +30.1,   0.0,1545.8,628
:BI,    +6,    +0,   +24,    +9,A
:BS,    +0,    -6,   +24,A
:BE,    +0,    -6,   +24,A
:BD,       -0.01,        +0.01,        +0.01,   4.53,  0.00
:SA,   +0.00,   +0.00,  0.00
:TS,04010100304058,35.0, +30.1,   0.0,1545.8,622
:BI,   +39,    +0,   +10,   +25,A
:BS,    +0,   -39,   +10,A
:BE,    +0,   -39,   +10,A
:BD,       -0.02,        +0.00,        +0.02,   4.53,  0.00
:SA,   +0.00,   +0.00,  0.00
:TS,04010100304068,35.0, +30.1,   0.0,1545.8,623
:BI,    +5,   -34,   -12,-32768,A
:BS,   -34,    -5,   -12,A
:BE,   -34,    -5,   -12,A
:BD,       -0.02,        +0.00,        +0.02,   4.44,  0.00
:SA,   +0.00,   +0.00,  0.00
:TS,04010100304077,35.0, +30.1,   0.0,1545.8,624
:BI,   +20,    +0,   -18,    +8,A
:BS,    +0,   -20,   -18,A
:BE,    +0,   -20,   -18,A
:BD,       -0.02,        +0.00,        +0.02,   4.57,  0.00
:SA,   +0.00,   +0.00,  0.00
:TS,04010100304087,35.0, +30.1,   0.0,1545.8,621
:BI,   -22,   -28,   -19,-32768,A
:BS,   -28,   +22,   -19,A
:BE,   -28,   +22,   -19,A
:BD,       -0.02,        +0.00,        +0.02,   4.44,  0.00
:SA,   +0.00,   +0.00,  0.00
:TS,04010100304096,35.0, +30.1,   0.0,1545.8,627
:BI,   -19,   -19,   -23,    +3,A
:BS,   -19,   +19,   -23,A
:BE,   -19,   +19,   -23,A
:BD,       -0.02,        +0.00,        +0.02,   4.57,  0.00
:SA,   +0.00,   +0.00,  0.00
:TS,04010100304106,35.0, +30.1,   0.0,1545.8,628
:BI,    +7,    +0,   -34,   +16,A
:BS,    +0,    -7,   -34,A
:BE,    +0,    -7,   -34,A
:BD,       -0.02,        +0.00,        +0.02,   4.62,  0.00
:SA,   +0.00,   +0.00,  0.00
:TS,04010100304114,35.0, +30.1,   0.0,1545.8,622
:BI,   +34,   -20,   -29,   -18,A
:BS,   -20,   -34,   -29,A
:BE,   -20,   -34,   -29,A
:BD,       -0.02,        +0.00,        +0.01,   4.55,  0.00
:SA,   +0.00,   +0.00,  0.00
:TS,04010100304124,35.0, +30.1,   0.0,1545.8,623
:BI,   +48,   -21,   -29,    -4,A
:BS,   -21,   -48,   -29,A
:BE,   -21,   -48,   -29,A
:BD,       -0.03,       -0.00,        +0.01,   4.53,  0.00
:SA,   +0.00,   +0.00,  0.00
:TS,04010100304135,35.0, +30.1,   0.0,1545.8,624
:BI,    -5,   -47,   -27,   +44,A
:BS,   -47,    +5,   -27,A
:BE,   -47,    +5,   -27,A
:BD,       -0.03,       -0.00,        +0.01,   4.51,  0.00
:SA,   +0.00,   +0.00,  0.00
:TS,04010100304146,35.0, +30.1,   0.0,1545.8,621
:BI,   +61,    +0,   -24,    +2,A
:BS,    +0,   -61,   -24,A
:BE,    +0,   -61,   -24,A
:BD,       -0.03,       -0.01,        +0.01,   4.60,  0.00
:SA,   +0.00,   +0.00,  0.00
:TS,04010100304155,35.0, +30.1,   0.0,1545.8,627
:BI,    +4,    -2,    -9,   +17,A
:BS,    -2,    -4,    -9,A
:BE,    -2,    -4,    -9,A
:BD,       -0.03,       -0.01,        +0.01,   4.51,  0.00
:SA,   +0.00,   +0.00,  0.00
:TS,04010100304165,35.0, +30.1,   0.0,1545.8,628
:BI,   -19,    +0,    -3,   +50,A
:BS,    +0,   +19,    -3,A
:BE,    +0,   +19,    -3,A
:BD,       -0.03,       -0.01,        +0.00,   4.53,  0.00
:SA,   +0.00,   +0.00,  0.00
:TS,04010100304173,35.0, +30.1,   0.0,1545.8,622
:BI,   -39,   -57,   +16,    -6,A
:BS,   -57,   +39,   +16,A
:BE,   -57,   +39,   +16,A
:BD,       -0.04,       -0.01,        +0.00,   4.53,  0.00
:SA,   +0.00,   +0.00,  0.00
:TS,04010100304183,35.0, +30.1,   0.0,1545.8,623
:BI,   -16,    +0,   +23,    +8,A
:BS,    +0,   +16,   +23,A
:BE,    +0,   +16,   +23,A
:BD,       -0.04,       -0.01,        +0.00,   4.62,  0.00
:SA,   +0.00,   +0.00,  0.00
:TS,04010100304191,35.0, +30.1,   0.0,1545.8,624
:BI,   -24,   -40,   +25,    -2,A
:BS,   -40,   +24,   +25,A
:BE,   -40,   +24,   +25,A
:BD,       -0.04,       -0.01,        +0.00,   4.53,  0.00
:SA,   +0.00,   +0.00,  0.00
:TS,04010100304201,35.0, +30.1,   0.0,1545.8,621
:BI,   +13,    -2,   +20,   +18,A
:BS,    -2,   -13,   +20,A
:BE,    -2,   -13,   +20,A
:BD,       -0.04,       -0.01,        +0.00,   4.62,  0.00
:SA,   +0.00,   +0.00,  0.00
:TS,04010100304210,35.0, +30.1,   0.0,1545.8,627
:BI,   +30,    +0,   +39,   -14,A
:BS,    +0,   -30,   +39,A
:BE,    +0,   -30,   +39,A
:BD,       -0.04,       -0.01,        +0.01,   4.64,  0.00
:SA,   +0.00,   +0.00,  0.00
:TS,04010100304220,35.0, +30.1,   0.0,1545.8,628
:BI,   +65,   -25,   +33,    -9,A
:BS,   -25,   -65,   +33,A
:BE,   -25,   -65,   +33,A
:BD,       -0.04,       -0.01,        +0.01,   4.58,  0.00
:SA,   +0.00,   +0.00,  0.00
:TS,04010100304228,35.0, +30.1,   0.0,1545.8,622
:BI,   +46,   -19,   +41,    +7,A
:BS,   -19,   -46,   +41,A
:BE,   -19,   -46,   +41,A
:BD,       -0.04,       -0.01,        +0.01,   4.55,  0.00
:SA,   +0.00,   +0.00,  0.00
:TS,04010100304238,35.0, +30.1,   0.0,1545.8,623
:BI,   +64,    +0,   +16,   -33,A
:BS,    +0,   -64,   +16,A
:BE,    +0,   -64,   +16,A
:BD,       -0.05,       -0.01,        +0.01,   4.58,  0.00
:SA,   +0.00,   +0.00,  0.00
:TS,04010100304249,35.0, +30.1,   0.0,1545.8,624
:BI,   +11,    +0,    -6,   +18,A
:BS,    +0,   -11,    -6,A
:BE,    +0,   -11,    -6,A
:BD,       -0.05,       -0.02,        +0.01,   4.64,  0.00
:SA,   +0.00,   +0.00,  0.00
:TS,04010100304260,35.0, +30.1,   0.0,1545.8,621
:BI,   -11,   -59,   -42,   +17,A
:BS,   -59,   +11,   -42,A
:BE,   -59,   +11,   -42,A
:BD,       -0.05,       -0.02,        +0.01,   4.55,  0.00
:SA,   +0.00,   +0.00,  0.00
:TS,04010100304269,35.0, +30.1,   0.0,1545.8,627
:BI,   -32,    +0,   -49,    +0,A
:BS,    +0,   +32,   -49,A
:BE,    +0,   +32,   -49,A
:BD,       -0.05,       -0.02,        +0.01,   4.58,  0.00
:SA,   +0.00,   +0.00,  0.00
:TS,04010100304279,35.0, +30.1,   0.0,1545.8,628
:BI,    -3,    -2,   -54,   -17,A
:BS,    -2,    +3,   -54,A
:BE,    -2,    +3,   -54,A
:BD,       -0.05,       -0.02,        +0.01,   4.60,  0.00
:SA,   +0.00,   +0.00,  0.00
:TS,04010100304288,35.0, +30.1,   0.0,1545.8,622
:BI,    -2,   -23,   -40,   -11,A
:BS,   -23,    +2,   -40,A
:BE,   -23,    +2,   -40,A
:BD,       -0.05,       -0.02,        +0.01,   4.55,  0.00
:SA,   +0.00,   +0.00,  0.00
:TS,04010100304298,35.0, +30.1,   0.0,1545.8,623
:BI,    +9,    +1,   -30,   +14,A
:BS,    +1,    -9,   -30,A
:BE,    +1,    -9,   -30,A
:BD,       -0.05,       -0.02,        +0.01,   4.62,  0.00
:SA,   +0.00,   +0.00,  0.00
:TS,04010100304306,35.0, +30.1,   0.0,1545.8,624
:BI,   -11,    -2,   -11,   +31,A
:BS,    -2,   +11,   -11,A
:BE,    -2,   +11,   -11,A
:BD,       -0.06,       -0.02,        +0.00,   4.62,  0.00
:SA,   +0.00,   +0.00,  0.00
:TS,04010100304316,35.0, +30.1,   0.0,1545.8,621
:BI,   +21,    +0,    -3,   +14,A
:BS,    +0,   -21,    -3,A
:BE,    +0,   -21,    -3,A
:BD,       -0.06,       -0.02,        +0.00,   4.20,  0.00
:SA,   +0.00,   +0.00,  0.00
:TS,04010100304324,35.0, +30.1,   0.0,1545.8,627
:BI,   +39,    -4,    +6,   -21,A
:BS,    -4,   -39,    +6,A
:BE,    -4,   -39,    +6,A
:BD,       -0.06,       -0.02,        +0.00,   4.13,  0.00
:SA,   +0.00,   +0.00,  0.00
:TS,04010100304334,35.0, +30.1,   0.0,1545.8,628
:BI,   +16,   +29,   +14,   -17,A
:BS,   +29,   -16,   +14,A
:BE,   +29,   -16,   +14,A
:BD,       -0.06,       -0.02,        +0.00,   4.11,  0.00
:SA,   +0.00,   +0.00,  0.00
:TS,04010100304342,35.0, +30.1,   0.0,1545.8,622
:BI,   -13,    +0,   +44,   -23,A
:BS,    +0,   +13,   +44,A
:BE,    +0,   +13,   +44,A
:BD,       -0.06,       -0.03,        +0.00,   4.60,  0.00
:SA,   +0.00,   +0.00,  0.00
:TS,04010100304352,35.0, +30.1,   0.0,1545.8,623
:BI,    -9,    +0,   +29,    +0,A
:BS,    +0,    +9,   +29,A
:BE,    +0,    +9,   +29,A
:BD,       -0.06,       -0.03,        +0.00,   4.60,  0.00
:SA,   +0.00,   +0.00,  0.00
:TS,04010100304363,35.0, +30.2,   0.0,1545.9,624
:BI,   +33,  +112,   +40,   -44,A
:BS,  +112,   -33,   +40,A
:BE,  +112,   -33,   +40,A
:BD,       -0.05,       -0.03,        +0.01,   4.55,  0.00
:SA,   +0.00,   +0.00,  0.00
:TS,04010100304373,35.0, +30.2,   0.0,1545.9,621
:BI,   +36,   +72,   +20,    -6,A
:BS,   +72,   -36,   +20,A
:BE,   +72,   -36,   +20,A
:BD,       -0.05,       -0.03,        +0.01,   4.51,  0.00
:SA,   +0.00,   +0.00,  0.00
:TS,04010100304381,35.0, +30.2,   0.0,1545.9,627
:BI,   +14,    +0,   +11,   +31,A
:BS,    +0,   -14,   +11,A
:BE,    +0,   -14,   +11,A
:BD,       -0.05,       -0.03,        +0.01,   4.57,  0.00
:SA,   +0.00,   +0.00,  0.00
:TS,04010100304391,35.0, +30.2,   0.0,1545.9,628
:BI,    +7,   +69,    -4,    +2,A
:BS,   +69,    -7,    -4,A
:BE,   +69,    -7,    -4,A
:BD,       -0.04,       -0.03,        +0.01,   4.51,  0.00
:SA,   +0.00,   +0.00,  0.00
:TS,04010100304399,35.0, +30.2,   0.0,1545.9,622
:BI,    -9,    +0,   -20,   +21,A
:BS,    +0,    +9,   -20,A
:BE,    +0,    +9,   -20,A
:BD,       -0.04,       -0.03,        +0.01,   4.58,  0.00
:SA,   +0.00,   +0.00,  0.00
:TS,04010100304409,35.0, +30.2,   0.0,1545.9,623
:BI,   -19,   +60,   -37,   +55,A
:BS,   +60,   +19,   -37,A
:BE,   +60,   +19,   -37,A
:BD,       -0.04,       -0.03,        +0.01,   4.53,  0.00
:SA,   +0.00,   +0.00,  0.00
:TS,04010100304417,35.0, +30.2,   0.0,1545.9,624
:BI,   -20,    +2,   -47,   +19,A
:BS,    +2,   +20,   -47,A
:BE,    +2,   +20,   -47,A
:BD,       -0.03,       -0.03,        +0.01,   4.60,  0.00
:SA,   +0.00,   +0.00,  0.00
:TS,04010100304427,35.0, +30.2,   0.0,1545.9,621
:BI,   -17,  +119,   -34,   +13,A
:BS,  +119,   +17,   -34,A
:BE,  +119,   +17,   -34,A
:BD,       -0.03,       -0.03,        +0.01,   4.55,  0.00
:SA,   +0.00,   +0.00,  0.00
:TS,04010100304435,35.0, +30.2,   0.0,1545.9,627
:BI,   -22,    +4,   -30,   +66,A
:BS,    +4,   +22,   -30,A
:BE,    +4,   +22,   -30,A
:BD,       -0.03,       -0.03,        +0.00,   4.57,  0.00
:SA,   +0.00,   +0.00,  0.00
:TS,04010100304445,35.0, +30.2,   0.0,1545.9,628
:BI,    +3,  +182,   -11,   -21,A
:BS,  +182,    -3,   -11,A
:BE,  +182,    -3,   -11,A
:BD,       -0.02,       -0.03,        +0.00,   4.60,  0.00
:SA,   +0.00,   +0.00,  0.00
:TS,04010100304453,35.0, +30.2,   0.0,1545.9,622
:BI,   +43,    +2,   -11,    +2,A
:BS,    +2,   -43,   -11,A
:BE,    +2,   -43,   -11,A
:BD,       -0.01,       -0.03,        +0.00,   4.58,  0.00
:SA,   +0.00,   +0.00,  0.00
:TS,04010100304463,35.0, +30.2,   0.0,1545.9,623
:BI,   +23,  +181,   -13,    -2,A
:BS,  +181,   -23,   -13,A
:BE,  +181,   -23,   -13,A
:BD,       -0.00,       -0.03,       -0.00,   4.55,  0.00
:SA,   +0.00,   +0.00,  0.00
:TS,04010100304471,35.0, +30.2,   0.0,1545.9,624
:BI,   +15,  +168,    -2,    -9,A
:BS,  +168,   -15,    -2,A
:BE,  +168,   -15,    -2,A
:BD,        +0.00,       -0.03,       -0.00,   4.55,  0.00
:SA,   +0.00,   +0.00,  0.00
:TS,04010100304483,35.0, +30.1,   0.0,1545.8,621
:BI,    +4,   -33,   -40,  +107,A
:BS,   -33,    -4,   -40,A
:BE,   -33,    -4,   -40,A
:BD,        +0.01,       -0.03,       -0.00,   4.58,  0.00
:SA,   +0.00,   +0.00,  0.00
:TS,04010100304494,35.0, +30.1,   0.0,1545.8,627
:BI,   +28,  +123,   -18,    -4,A
:BS,  +123,   -28,   -18,A
:BE,  +123,   -28,   -18,A
:BD,        +0.02,       -0.03,       -0.01,   4.51,  0.00
:SA,   +0.00,   +0.00,  0.00
:TS,04010100304503,35.0, +30.1,   0.0,1545.8,628
:BI,   +38,  +165,    +3,   -46,A
:BS,  +165,   -38,    +3,A
:BE,  +165,   -38,    +3,A
:BD,        +0.03,       -0.04,       -0.01,   4.51,  0.00
:SA,   +0.00,   +0.00,  0.00
:TS,04010100304513,35.0, +30.1,   0.0,1545.8,622
:BI,    +0,    +3,   +23,    -6,A
:BS,    +3,    +0,   +23,A
:BE,    +3,    +0,   +23,A
:BD,        +0.04,       -0.04,       -0.01,   4.53,  0.00
:SA,   +0.00,   +0.00,  0.00
:TS,04010100304521,35.0, +30.1,   0.0,1545.8,623
:BI,   +12,  +207,   +41,-32768,A
:BS,  +207,   -12,   +41,A
:BE,  +207,   -12,   +41,A
:BD,        +0.05,       -0.04,       -0.01,   4.46,  0.00
:SA,   +0.00,   +0.00,  0.00
:TS,04010100304531,35.0, +30.1,   0.0,1545.8,624
:BI,    +3,    -2,   +36,   -55,A
:BS,    -2,    -3,   +36,A
:BE,    -2,    -3,   +36,A
:BD,        +0.06,       -0.04,       -0.01,   4.62,  0.00
:SA,   +0.00,   +0.00,  0.00
:TS,04010100304539,35.0, +30.1,   0.0,1545.8,621
:BI,   -31,    +3,   +51,  -115,A
:BS,    +3,   +31,   +51,A
:BE,    +3,   +31,   +51,A
:BD,        +0.06,       -0.04,       -0.00,   4.50,  0.00
:SA,   +0.00,   +0.00,  0.00
:TS,04010100304549,35.0, +30.1,   0.0,1545.8,627
:BI,   -24,  +222,    +2,    +5,A
:BS,  +222,   +24,    +2,A
:BE,  +222,   +24,    +2,A
:BD,        +0.07,       -0.04,       -0.00,   4.53,  0.00
:SA,   +0.00,   +0.00,  0.00
:TS,04010100304558,35.0, +30.1,   0.0,1545.8,628
:BI,    -2,    -2,   -63,   +63,A
:BS,    -2,    +2,   -63,A
:BE,    -2,    +2,   -63,A
:BD,        +0.08,       -0.04,       -0.00,   4.60,  0.00
:SA,   +0.00,   +0.00,  0.00
:TS,04010100304568,35.0, +30.1,   0.0,1545.8,622
:BI,   -15,    -1,  -105,  +201,A
:BS,    -1,   +15,  -105,A
:BE,    -1,   +15,  -105,A
:BD,        +0.08,       -0.04,       -0.01,   4.41,  0.00
:SA,   +0.00,   +0.00,  0.00
:TS,04010100304576,35.0, +30.1,   0.0,1545.8,623
:BI,   -28,  +183,    -6,   -27,A
:BS,  +183,   +28,    -6,A
:BE,  +183,   +28,    -6,A
:BD,        +0.09,       -0.04,       -0.01,   4.51,  0.00
:SA,   +0.00,   +0.00,  0.00
:TS,04010100304586,35.0, +30.1,   0.0,1545.8,624
:BI,   -14,  +178,   -15,   -19,A
:BS,  +178,   +14,   -15,A
:BE,  +178,   +14,   -15,A
:BD,        +0.10,       -0.04,       -0.01,   4.51,  0.00
:SA,   +0.00,   +0.00,  0.00
:TS,04010100304597,35.0, +30.2,   0.0,1545.9,621
:BI,   -42,    +2,   +22,   -44,A
:BS,    +2,   +42,   +22,A
:BE,    +2,   +42,   +22,A
:BD,        +0.11,       -0.03,       -0.01,   4.50,  0.00
:SA,   +0.00,   +0.00,  0.00
:TS,04010100304607,35.0, +30.2,   0.0,1545.9,627
:BI,    +3,  +141,    -3,-32768,A
:BS,  +141,    -3,    -3,A
:BE,  +141,    -3,    -3,A
:BD,        +0.12,       -0.03,       -0.01,   4.44,  0.00
:SA,   +0.00,   +0.00,  0.00
:TS,04010100304615,35.0, +30.2,   0.0,1545.9,628
:BI,   -19,    +2,    -8,   +59,A
:BS,    +2,   +19,    -8,A
:BE,    +2,   +19,    -8,A
:BD,        +0.13,       -0.03,       -0.01,   4.58,  0.00
:SA,   +0.00,   +0.00,  0.00
:TS,04010100304625,35.0, +30.2,   0.0,1545.9,622
:BI,   +35,    +2,   +36,  -126,A
:BS,    +2,   -35,   +36,A
:BE,    +2,   -35,   +36,A
:BD,        +0.13,       -0.03,       -0.01,   4.46,  0.00
:SA,   +0.00,   +0.00,  0.00
:TS,04010100304633,35.0, +30.2,   0.0,1545.9,623
:BI,   +46,  +135,    -4,   -38,A
:BS,  +135,   -46,    -4,A
:BE,  +135,   -46,    -4,A
:BD,        +0.14,       -0.03,       -0.01,   4.50,  0.00
:SA,   +0.00,   +0.00,  0.00
:TS,04010100304643,35.0, +30.2,   0.0,1545.9,624
:BI,   +34,    +2,   -20,   +35,A
:BS,    +2,   -34,   -20,A
:BE,    +2,   -34,   -20,A
:BD,        +0.14,       -0.03,       -0.01,   4.46,  0.00
:SA,   +0.00,   +0.00,  0.00
:TS,04010100304652,35.0, +30.2,   0.0,1545.9,621
:BI,    -7,  +165,    -7,   -19,A
:BS,  +165,    +7,    -7,A
:BE,  +165,    +7,    -7,A
:BD,        +0.15,       -0.03,       -0.01,   4.46,  0.00
:SA,   +0.00,   +0.00,  0.00
:TS,04010100304662,35.0, +30.2,   0.0,1545.9,627
:BI,   -13,    +2,    +7,   -36,A
:BS,    +2,   +13,    +7,A
:BE,    +2,   +13,    +7,A
:BD,        +0.16,       -0.03,       -0.01,   4.48,  0.00
:SA,   +0.00,   +0.00,  0.00
:TS,04010100304670,35.0, +30.2,   0.0,1545.9,628
:BI,   -31,  +149,    +5,    +2,A
:BS,  +149,   +31,    +5,A
:BE,  +149,   +31,    +5,A
:BD,        +0.17,       -0.03,       -0.01,   4.53,  0.00
:SA,   +0.00,   +0.00,  0.00
:TS,04010100304680,35.0, +30.2,   0.0,1545.9,622
:BI,   -15,   +83,    +5,    -2,A
:BS,   +83,   +15,    +5,A
:BE,   +83,   +15,    +5,A
:BD,        +0.17,       -0.03,       -0.01,   4.50,  0.00
:SA,   +0.00,   +0.00,  0.00
:TS,04010100304688,35.0, +30.2,   0.0,1545.9,623
:BI,   -18,    +0,    +6,    -4,A
:BS,    +0,   +18,    +6,A
:BE,    +0,   +18,    +6,A
:BD,        +0.18,       -0.03,       -0.01,   4.50,  0.00
:SA,   +0.00,   +0.00,  0.00
:TS,04010100304698,35.0, +30.2,   0.0,1545.9,624
:BI,   +16,    +0,    -5,   -11,A
:BS,    +0,   -16,    -5,A
:BE,    +0,   -16,    -5,A
:BD,        +0.18,       -0.03,       -0.01,   4.48,  0.00
:SA,   +0.00,   +0.00,  0.00
:TS,04010100304709,35.0, +30.2,   0.0,1545.9,621
:BI,    -1,    +0,    +8,    +2,A
:BS,    +0,    +1,    +8,A
:BE,    +0,    +1,    +8,A
:BD,        +0.19,       -0.03,       -0.01,   4.48,  0.00
:SA,   +0.00,   +0.00,  0.00
:TS,04010100304719,35.0, +30.2,   0.0,1545.9,627
:BI,   +29,   -19,    +9,   -21,A
:BS,   -19,   -29,    +9,A
:BE,   -19,   -29,    +9,A
:BD,        +0.19,       -0.03,       -0.01,   4.51,  0.00
:SA,   +0.00,   +0.00,  0.00
:TS,04010100304727,35.0, +30.2,   0.0,1545.9,628
:BI,   +29,   +15,   +25,   -28,A
:BS,   +15,   -29,   +25,A
:BE,   +15,   -29,   +25,A
:BD,        +0.19,       -0.03,       -0.01,   4.57,  0.00
:SA,   +0.00,   +0.00,  0.00
:TS,04010100304737,35.0, +30.2,   0.0,1545.9,622
:BI,    +0,   +26,   +44,   -27,A
:BS,   +26,    +0,   +44,A
:BE,   +26,    +0,   +44,A
:BD,        +0.19,       -0.03,       -0.01,   4.51,  0.00
:SA,   +0.00,   +0.00,  0.00
:TS,04010100304745,35.0, +30.2,   0.0,1545.9,623
:BI,    +4,   +31,   +51,    -1,A
:BS,   +31,    -4,   +51,A
:BE,   +31,    -4,   +51,A
:BD,        +0.20,       -0.03,       -0.01,   4.58,  0.00
:SA,   +0.00,   +0.00,  0.00
:TS,04010100304755,35.0, +30.2,   0.0,1545.9,624
:BI,   +65,   +36,   +30,   -22,A
:BS,   +36,   -65,   +30,A
:BE,   +36,   -65,   +30,A
:BD,        +0.20,       -0.04,       -0.00,   4.57,  0.00
:SA,   +0.00,   +0.00,  0.00
:TS,04010100304763,35.0, +30.2,   0.0,1545.9,621
:BI,   +62,    +0,    +5,   -34,A
:BS,    +0,   -62,    +5,A
:BE,    +0,   -62,    +5,A
:BD,        +0.20,       -0.04,       -0.00,   4.60,  0.00
:SA,   +0.00,   +0.00,  0.00
:TS,04010100304773,35.0, +30.2,   0.0,1545.9,627
:BI,   +75,   +96,   +13,   -87,A
:BS,   +96,   -75,   +13,A
:BE,   +96,   -75,   +13,A
:BD,        +0.20,       -0.04,       -0.00,   4.57,  0.00
:SA,   +0.00,   +0.00,  0.00
:TS,04010100304781,35.0, +30.2,   0.0,1545.9,628
:BI,  +131,  -109,   -77,-32768,A
:BS,  -109,  -131,   -77,A
:BE,  -109,  -131,   -77,A
:BD,        +0.20,       -0.05,       -0.00,   4.44,  0.00
:SA,   +0.00,   +0.00,  0.00
:TS,04010100304790,35.0, +30.2,   0.0,1545.9,622
:BI,   +55,    +0,   -33,   -41,A
:BS,    +0,   -55,   -33,A
:BE,    +0,   -55,   -33,A
:BD,        +0.20,       -0.05,       -0.00,   4.64,  0.00
:SA,   +0.00,   +0.00,  0.00
:TS,04010100304800,35.0, +30.2,   0.0,1545.9,623
:BI,   +50,    +0,   -25,   -70,A
:BS,    +0,   -50,   -25,A
:BE,    +0,   -50,   -25,A
:BD,        +0.20,       -0.06,       -0.00,   4.62,  0.00
:SA,   +0.00,   +0.00,  0.00
:TS,04010100304808,35.0, +30.2,   0.0,1545.9,624
:BI,   +95,    -8,   -42,   -14,A
:BS,    -8,   -95,   -42,A
:BE,    -8,   -95,   -42,A
:BD,        +0.20,       -0.07,       -0.01,   4.65,  0.00
:SA,   +0.00,   +0.00,  0.00
:TS,04010100304818,35.0, +30.2,   0.0,1545.9,621
:BI,   +92,  -118,   -37,    +0,A
:BS,  -118,   -92,   -37,A
:BE,  -118,   -92,   -37,A
:BD,        +0.20,       -0.07,       -0.01,   4.60,  0.00
:SA,   +0.00,   +0.00,  0.00
:TS,04010100304829,35.0, +30.2,   0.0,1545.9,627
:BI,   +85,    +0,   +18,   -43,A
:BS,    +0,   -85,   +18,A
:BE,    +0,   -85,   +18,A
:BD,        +0.20,       -0.08,       -0.01,   4.60,  0.00
:SA,   +0.00,   +0.00,  0.00
:TS,04010100304840,35.0, +30.2,   0.0,1545.9,628
:BI,   +71,    +0,   +23,   +13,A
:BS,    +0,   -71,   +23,A
:BE,    +0,   -71,   +23,A
:BD,        +0.20,       -0.09,       -0.01,   4.64,  0.00
:SA,   +0.00,   +0.00,  0.00
:TS,04010100304849,35.0, +30.2,   0.0,1545.9,622
:BI,   +80,    -2,   +28,   -24,A
:BS,    -2,   -80,   +28,A
:BE,    -2,   -80,   +28,A
:BD,        +0.20,       -0.10,       -0.01,   4.11,  0.00
:SA,   +0.00,   +0.00,  0.00
:TS,04010100304859,35.0, +30.2,   0.0,1545.9,623
:BI,   +72,   -89,    +2,    +8,A
:BS,   -89,   -72,    +2,A
:BE,   -89,   -72,    +2,A
:BD,        +0.19,       -0.10,       -0.01,   4.11,  0.00
:SA,   +0.00,   +0.00,  0.00
:TS,04010100304868,35.0, +30.2,   0.0,1545.9,624
:BI,   +48,    +0,    +2,    +8,A
:BS,    +0,   -48,    +2,A
:BE,    +0,   -48,    +2,A
:BD,        +0.19,       -0.11,       -0.01,   4.58,  0.00
:SA,   +0.00,   +0.00,  0.00
:TS,04010100304878,35.0, +30.2,   0.0,1545.9,621
:BI,   +83,  -178,   -48,   +21,A
:BS,  -178,   -83,   -48,A
:BE,  -178,   -83,   -48,A
:BD,        +0.18,       -0.12,       -0.01,   4.57,  0.00
:SA,   +0.00,   +0.00,  0.00
:TS,04010100304886,35.0, +30.2,   0.0,1545.9,627
:BI,   +71,  -163,   -41,   +23,A
:BS,  -163,   -71,   -41,A
:BE,  -163,   -71,   -41,A
:BD,        +0.18,       -0.12,       -0.01,   4.08,  0.00
:SA,   +0.00,   +0.00,  0.00
:TS,04010100304896,35.0, +30.2,   0.0,1545.9,628
:BI,   +96,    -2,    -7,   -20,A
:BS,    -2,   -96,    -7,A
:BE,    -2,   -96,    -7,A
:BD,        +0.17,       -0.13,       -0.01,   4.01,  0.00
:SA,   +0.00,   +0.00,  0.00
:TS,04010100304904,35.0, +30.2,   0.0,1545.9,622
:BI,   +80,   -72,    +4,    -6,A
:BS,   -72,   -80,    +4,A
:BE,   -72,   -80,    +4,A
:BD,        +0.17,       -0.14,       -0.01,   4.03,  0.00
:SA,   +0.00,   +0.00,  0.00
:TS,04010100304914,35.0, +30.2,   0.0,1545.9,623
:BI,   +87,  -105,    +0,    +2,A
:BS,  -105,   -87,    +0,A
:BE,  -105,   -87,    +0,A
:BD,        +0.16,       -0.15,       -0.01,   4.06,  0.00
:SA,   +0.00,   +0.00,  0.00
:TS,04010100304922,35.0, +30.2,   0.0,1545.9,624
:BI,   +96,  -103,    +4,    +2,A
:BS,  -103,   -96,    +4,A
:BE,  -103,   -96,    +4,A
:BD,        +0.15,       -0.15,       -0.02,   4.04,  0.00
:SA,   +0.00,   +0.00,  0.00
:TS,04010100304932,35.0, +30.2,   0.0,1545.9,621
:BI,   +84,   -87,    +0,    +5,A
:BS,   -87,   -84,    +0,A
:BE,   -87,   -84,    +0,A
:BD,        +0.14,       -0.16,       -0.02,   4.13,  0.00
:SA,   +0.00,   +0.00,  0.00
:TS,04010100304943,35.0, +30.2,   0.0,1545.9,627
:BI,  +100,    +0,   -10,    +3,A
:BS,    +0,  -100,   -10,A
:BE,    +0,  -100,   -10,A
:BD,        +0.14,       -0.17,       -0.02,   4.11,  0.00
:SA,   +0.00,   +0.00,  0.00
:TS,04010100304954,35.0, +30.2,   0.0,1545.9,628
:BI,   +81,   -90,    -5,   +14,A
:BS,   -90,   -81,    -5,A
:BE,   -90,   -81,    -5,A
:BD,        +0.13,       -0.18,       -0.02,   4.11,  0.00
:SA,   +0.00,   +0.00,  0.00
:TS,04010100304964,35.0, +30.2,   0.0,1545.9,622
:BI,   +85,   -73,   -11,   -13,A
:BS,   -73,   -85,   -11,A
:BE,   -73,   -85,   -11,A
:BD,        +0.12,       -0.19,       -0.02,   4.15,  0.00
:SA,   +0.00,   +0.00,  0.00
:TS,04010100304972,35.0, +30.2,   0.0,1545.9,623
:BI,   +44,   -70,   -10,   +12,A
:BS,   -70,   -44,   -10,A
:BE,   -70,   -44,   -10,A
:BD,        +0.11,       -0.19,       -0.02,   4.18,  0.00
:SA,   +0.00,   +0.00,  0.00
:TS,04010100304982,35.0, +30.2,   0.0,1545.9,624
:BI,   +13,    +0,    +0,   -31,A
:BS,    +0,   -13,    +0,A
:BE,    +0,   -13,    +0,A
:BD,        +0.11,       -0.20,       -0.02,   4.57,  0.00
:SA,   +0.00,   +0.00,  0.00
:TS,04010100304990,35.0, +30.2,   0.0,1545.9,621
:BI,    +6,    +0,    +7,   -14,A
:BS,    +0,    -6,    +7,A
:BE,    +0,    -6,    +7,A
:BD,        +0.11,       -0.20,       -0.02,   4.13,  0.00
:SA,   +0.00,   +0.00,  0.00
:TS,04010100305000,35.0, +30.2,   0.0,1545.9,627
:BI,   -20,    -1,   +18,    +7,A
:BS,    -1,   +20,   +18,A
:BE,    -1,   +20,   +18,A
:BD,        +0.10,       -0.21,       -0.02,   4.55,  0.00
:SA,   +0.00,   +0.00,  0.00
:TS,04010100305008,35.0, +30.2,   0.0,1545.9,628
:BI,    -4,   -23,   +14,    -9,A
:BS,   -23,    +4,   +14,A
:BE,   -23,    +4,   +14,A
:BD,        +0.10,       -0.21,       -0.02,   4.08,  0.00
:SA,   +0.00,   +0.00,  0.00
:TS,04010100305018,35.0, +30.2,   0.0,1545.9,622
:BI,   +16,   -36,    +6,   -12,A
:BS,   -36,   -16,    +6,A
:BE,   -36,   -16,    +6,A
:BD,        +0.10,       -0.21,       -0.02,   4.53,  0.00
:SA,   +0.00,   +0.00,  0.00
:TS,04010100305026,35.0, +30.2,   0.0,1545.9,623
:BI,   +12,   -29,   +14,    -1,A
:BS,   -29,   -12,   +14,A
:BE,   -29,   -12,   +14,A
:BD,        +0.10,       -0.21,       -0.02,   4.10,  0.00
:SA,   +0.00,   +0.00,  0.00
:TS,04010100305036,35.0, +30.2,   0.0,1545.9,624
:BI,    +3,   -24,    +7,    -5,A
:BS,   -24,    -3,    +7,A
:BE,   -24,    -3,    +7,A
:BD,        +0.09,       -0.21,       -0.02,   4.11,  0.00
:SA,   +0.00,   +0.00,  0.00
:TS,04010100305045,35.0, +30.2,   0.0,1545.9,621
:BI,   -18,    +0,    -1,    +0,A
:BS,    +0,   +18,    -1,A
:BE,    +0,   +18,    -1,A
:BD,        +0.09,       -0.21,       -0.02,   4.11,  0.00
:SA,   +0.00,   +0.00,  0.00
:TS,04010100305057,35.0, +30.2,   0.0,1545.9,627
:BI,   -50,   -44,    -8,    -4,A
:BS,   -44,   +50,    -8,A
:BE,   -44,   +50,    -8,A
:BD,        +0.09,       -0.21,       -0.02,   4.10,  0.00
:SA,   +0.00,   +0.00,  0.00
:TS,04010100305068,35.0, +30.2,   0.0,1545.9,628
:BI,   -78,    +0,    +8,    +4,A
:BS,    +0,   +78,    +8,A
:BE,    +0,   +78,    +8,A
:BD,        +0.09,       -0.21,       -0.01,   4.51,  0.00
:SA,   +0.00,   +0.00,  0.00
:TS,04010100305076,35.0, +30.2,   0.0,1545.9,622
:BI,    -2,    -1,   -21,   -54,A
:BS,    -1,    +2,   -21,A
:BE,    -1,    +2,   -21,A
:BD,        +0.08,       -0.21,       -0.02,   4.51,  0.00
:SA,   +0.00,   +0.00,  0.00
:TS,04010100305086,35.0, +30.2,   0.0,1545.9,623
:BI,   -83,    -1,    +3,   -25,A
:BS,    -1,   +83,    +3,A
:BE,    -1,   +83,    +3,A
:BD,        +0.08,       -0.21,       -0.02,   4.50,  0.00
:SA,   +0.00,   +0.00,  0.00
:TS,04010100305094,35.0, +30.2,   0.0,1545.9,624
:BI,   -53,    +0,    -8,   -14,A
:BS,    +0,   +53,    -8,A
:BE,    +0,   +53,    -8,A
:BD,        +0.08,       -0.20,       -0.02,   4.03,  0.00
:SA,   +0.00,   +0.00,  0.00
:TS,04010100305104,35.0, +30.2,   0.0,1545.9,621
:BI,   -61,   -33,   -11,    +1,A
:BS,   -33,   +61,   -11,A
:BE,   -33,   +61,   -11,A
:BD,        +0.08,       -0.20,       -0.02,   4.04,  0.00
:SA,   +0.00,   +0.00,  0.00
:TS,04010100305112,35.0, +30.2,   0.0,1545.9,627
:BI,   -52,   -24,   -14,    +2,A
:BS,   -24,   +52,   -14,A
:BE,   -24,   +52,   -14,A
:BD,        +0.08,       -0.19,       -0.02,   4.04,  0.00
:SA,   +0.00,   +0.00,  0.00
:TS,04010100305122,35.0, +30.2,   0.0,1545.9,628
:BI,   -85,   -14,   -15,    +2,A
:BS,   -14,   +85,   -15,A
:BE,   -14,   +85,   -15,A
:BD,        +0.08,       -0.19,       -0.02,   4.06,  0.00
:SA,   +0.00,   +0.00,  0.00
:TS,04010100305130,35.0, +30.2,   0.0,1545.9,622
:BI,   -83,    +0,   -11,    +0,A
:BS,    +0,   +83,   -11,A
:BE,    +0,   +83,   -11,A
:BD,        +0.08,       -0.18,       -0.02,   4.04,  0.00
:SA,   +0.00,   +0.00,  0.00
:TS,04010100305140,35.0, +30.2,   0.0,1545.9,623
:BI,   -79,    -2,    -7,   -13,A
:BS,    -2,   +79,    -7,A
:BE,    -2,   +79,    -7,A
:BD,        +0.08,       -0.18,       -0.02,   4.04,  0.00
:SA,   +0.00,   +0.00,  0.00
:TS,04010100305148,35.0, +30.2,   0.0,1545.9,624
:BI,   -67,   -13,    -8,   +15,A
:BS,   -13,   +67,    -8,A
:BE,   -13,   +67,    -8,A
:BD,        +0.08,       -0.17,       -0.02,   4.04,  0.00
:SA,   +0.00,   +0.00,  0.00
:TS,04010100305158,35.0, +30.2,   0.0,1545.9,621
:BI,  -102,   -15,    +5,    -4,A
:BS,   -15,  +102,    +5,A
:BE,   -15,  +102,    +5,A
:BD,        +0.07,       -0.16,       -0.02,   4.03,  0.00
:SA,   +0.00,   +0.00,  0.00
:TS,04010100305167,35.0, +30.2,   0.0,1545.9,627
:BI,   -90,    -1,   +19,    -2,A
:BS,    -1,   +90,   +19,A
:BE,    -1,   +90,   +19,A
:BD,        +0.07,       -0.16,       -0.02,   4.03,  0.00
:SA,   +0.00,   +0.00,  0.00
:TS,04010100305179,35.0, +30.1,   0.0,1545.8,628
:BI,  -101,    -9,   +42,   -10,A
:BS,    -9,  +101,   +42,A
:BE,    -9,  +101,   +42,A
:BD,        +0.07,       -0.15,       -0.02,   4.08,  0.00
:SA,   +0.00,   +0.00,  0.00
:TS,04010100305190,35.0, +30.1,   0.0,1545.8,622
:BI,   -92,   -13,   +51,    +0,A
:BS,   -13,   +92,   +51,A
:BE,   -13,   +92,   +51,A
:BD,        +0.07,       -0.14,       -0.02,   4.06,  0.00
:SA,   +0.00,   +0.00,  0.00
:TS,04010100305198,35.0, +30.1,   0.0,1545.8,623
:BI,  -130,    +0,   +45,    +3,A
:BS,    +0,  +130,   +45,A
:BE,    +0,  +130,   +45,A
:BD,        +0.07,       -0.13,       -0.01,   4.06,  0.00
:SA,   +0.00,   +0.00,  0.00
:TS,04010100305208,35.0, +30.1,   0.0,1545.8,624
:BI,  -132,   -13,   +38,    +9,A
:BS,   -13,  +132,   +38,A
:BE,   -13,  +132,   +38,A
:BD,        +0.07,       -0.12,       -0.01,   4.06,  0.00
:SA,   +0.00,   +0.00,  0.00
:TS,04010100305216,35.0, +30.1,   0.0,1545.8,621
:BI,  -144,    +0,   +23,   +14,A
:BS,    +0,  +144,   +23,A
:BE,    +0,  +144,   +23,A
:BD,        +0.07,       -0.11,       -0.01,   4.03,  0.00
:SA,   +0.00,   +0.00,  0.00
:TS,04010100305226,35.0, +30.1,   0.0,1545.8,627
:BI,  -140,    +1,    +8,   +14,A
:BS,    +1,  +140,    +8,A
:BE,    +1,  +140,    +8,A
:BD,        +0.07,       -0.10,       -0.01,   4.06,  0.00
:SA,   +0.00,   +0.00,  0.00
:TS,04010100305234,35.0, +30.1,   0.0,1545.8,628
:BI,  -142,    -5,   -11,    -9,A
:BS,    -5,  +142,   -11,A
:BE,    -5,  +142,   -11,A
:BD,        +0.07,       -0.09,       -0.01,   4.06,  0.00
:SA,   +0.00,   +0.00,  0.00
:TS,04010100305244,35.0, +30.1,   0.0,1545.8,622
:BI,  -143,    +0,   -18,    -2,A
:BS,    +0,  +143,   -18,A
:BE,    +0,  +143,   -18,A
:BD,        +0.07,       -0.07,       -0.01,   4.06,  0.00
:SA,   +0.00,   +0.00,  0.00
:TS,04010100305252,35.0, +30.1,   0.0,1545.8,623
:BI,  -131,    -2,   -32,    -8,A
:BS,    -2,  +131,   -32,A
:BE,    -2,  +131,   -32,A
:BD,        +0.07,       -0.06,       -0.01,   4.10,  0.00
:SA,   +0.00,   +0.00,  0.00
:TS,04010100305262,35.0, +30.1,   0.0,1545.8,624
:BI,  -140,    +0,   -26,   +20,A
:BS,    +0,  +140,   -26,A
:BE,    +0,  +140,   -26,A
:BD,        +0.07,       -0.05,       -0.01,   4.08,  0.00
:SA,   +0.00,   +0.00,  0.00
:TS,04010100305271,35.0, +30.1,   0.0,1545.8,621
:BI,  -153,    +9,   -12,   +15,A
:BS,    +9,  +153,   -12,A
:BE,    +9,  +153,   -12,A
:BD,        +0.07,       -0.04,       -0.01,   4.53,  0.00
:SA,   +0.00,   +0.00,  0.00
:TS,04010100305281,35.0, +30.1,   0.0,1545.8,627
:BI,  -138,    +0,   -10,    -4,A
:BS,    +0,  +138,   -10,A
:BE,    +0,  +138,   -10,A
:BD,        +0.07,       -0.02,       -0.01,   4.06,  0.00
:SA,   +0.00,   +0.00,  0.00
:TS,04010100305292,35.0, +30.1,   0.0,1545.8,628
:BI,  -108,    +0,    -9,    -1,A
:BS,    +0,  +108,    -9,A
:BE,    +0,  +108,    -9,A
:BD,        +0.07,       -0.01,       -0.01,   4.57,  0.00
:SA,   +0.00,   +0.00,  0.00
:TS,04010100305303,35.0, +30.1,   0.0,1545.8,622
:BI,  -122,    -9,    +5,    -9,A
:BS,    -9,  +122,    +5,A
:BE,    -9,  +122,    +5,A
:BD,        +0.07,        +0.00,       -0.01,   4.03,  0.00
:SA,   +0.00,   +0.00,  0.00
:TS,04010100305312,35.0, +30.1,   0.0,1545.8,623
:BI,  -123,    +0,   +12,    -1,A
:BS,    +0,  +123,   +12,A
:BE,    +0,  +123,   +12,A
:BD,        +0.07,        +0.02,       -0.01,   4.06,  0.00
:SA,   +0.00,   +0.00,  0.00
:TS,04010100305322,35.0, +30.1,   0.0,1545.8,624
:BI,  -144,    +2,   +20,   -32,A
:BS,    +2,  +144,   +20,A
:BE,    +2,  +144,   +20,A
:BD,        +0.07,        +0.03,       -0.01,   4.03,  0.00
:SA,   +0.00,   +0.00,  0.00
:TS,04010100305330,35.0, +30.1,   0.0,1545.8,621
:BI,  -135,    -8,   +43,    +0,A
:BS,    -8,  +135,   +43,A
:BE,    -8,  +135,   +43,A
:BD,        +0.07,        +0.04,       -0.01,   4.03,  0.00
:SA,   +0.00,   +0.00,  0.00
:TS,04010100305340,35.0, +30.1,   0.0,1545.8,627
:BI,  -126,    -3,   +55,    -4,A
:BS,    -3,  +126,   +55,A
:BE,    -3,  +126,   +55,A
:BD,        +0.07,        +0.05,       -0.01,   4.04,  0.00
:SA,   +0.00,   +0.00,  0.00
:TS,04010100305349,35.0, +30.1,   0.0,1545.8,628
:BI,  -112,    +2,   +69,    +5,A
:BS,    +2,  +112,   +69,A
:BE,    +2,  +112,   +69,A
:BD,        +0.07,        +0.06,       -0.00,   4.03,  0.00
:SA,   +0.00,   +0.00,  0.00
:TS,04010100305359,35.0, +30.1,   0.0,1545.8,622
:BI,  -106,    +0,   +65,   -10,A
:BS,    +0,  +106,   +65,A
:BE,    +0,  +106,   +65,A
:BD,        +0.07,        +0.08,        +0.00,   4.06,  0.00
:SA,   +0.00,   +0.00,  0.00
:TS,04010100305367,35.0, +30.1,   0.0,1545.8,623
:BI,   -93,   -22,   +61,    +0,A
:BS,   -22,   +93,   +61,A
:BE,   -22,   +93,   +61,A
:BD,        +0.07,        +0.09,        +0.01,   4.08,  0.00
:SA,   +0.00,   +0.00,  0.00
:TS,04010100305377,35.0, +30.1,   0.0,1545.8,624
:BI,   -82,    -2,   +68,   -13,A
:BS,    -2,   +82,   +68,A
:BE,    -2,   +82,   +68,A
:BD,        +0.07,        +0.10,        +0.01,   4.10,  0.00
:SA,   +0.00,   +0.00,  0.00
:TS,04010100305385,35.0, +30.1,   0.0,1545.8,621
:BI,   -63,   -21,   +57,   -12,A
:BS,   -21,   +63,   +57,A
:BE,   -21,   +63,   +57,A
:BD,        +0.06,        +0.10,        +0.01,   4.08,  0.00
:SA,   +0.00,   +0.00,  0.00
:TS,04010100305395,35.0, +30.1,   0.0,1545.8,627
:BI,   -48,    +1,   +45,   -16,A
:BS,    +1,   +48,   +45,A
:BE,    +1,   +48,   +45,A
:BD,        +0.06,        +0.11,        +0.02,   4.15,  0.00
:SA,   +0.00,   +0.00,  0.00
:TS,04010100305406,35.0, +30.2,   0.0,1545.9,628
:BI,   -57,   -18,   +21,    -8,A
:BS,   -18,   +57,   +21,A
:BE,   -18,   +57,   +21,A
:BD,        +0.06,        +0.12,        +0.02,   4.13,  0.00
:SA,   +0.00,   +0.00,  0.00
:TS,04010100305417,35.0, +30.2,   0.0,1545.9,622
:BI,   -62,   -19,    +2,    +5,A
:BS,   -19,   +62,    +2,A
:BE,   -19,   +62,    +2,A
:BD,        +0.06,        +0.13,        +0.03,   4.15,  0.00
:SA,   +0.00,   +0.00,  0.00
:TS,04010100305426,35.0, +30.2,   0.0,1545.9,623
:BI,   -73,   -18,   -14,    +3,A
:BS,   -18,   +73,   -14,A
:BE,   -18,   +73,   -14,A
:BD,        +0.06,        +0.14,        +0.03,   4.20,  0.00
:SA,   +0.00,   +0.00,  0.00
:TS,04010100305436,35.0, +30.2,   0.0,1545.9,624
:BI,   -82,   -12,   -27,    -6,A
:BS,   -12,   +82,   -27,A
:BE,   -12,   +82,   -27,A
:BD,        +0.06,        +0.14,        +0.03,   4.15,  0.00
:SA,   +0.00,   +0.00,  0.00
:TS,04010100305444,35.0, +30.2,   0.0,1545.9,621
:BI,  -103,    +0,   -28,   -12,A
:BS,    +0,  +103,   -28,A
:BE,    +0,  +103,   -28,A
:BD,        +0.06,        +0.15,        +0.03,   4.15,  0.00
:SA,   +0.00,   +0.00,  0.00
:TS,04010100305454,35.0, +30.2,   0.0,1545.9,627
:BI,   -91,    +0,   -35,    -9,A
:BS,    +0,   +91,   -35,A
:BE,    +0,   +91,   -35,A
:BD,        +0.06,        +0.16,        +0.03,   4.15,  0.00
:SA,   +0.00,   +0.00,  0.00
:TS,04010100305462,35.0, +30.2,   0.0,1545.9,628
:BI,   -74,   +18,   -44,    +1,A
:BS,   +18,   +74,   -44,A
:BE,   +18,   +74,   -44,A
:BD,        +0.06,        +0.16,        +0.03,   4.11,  0.00
:SA,   +0.00,   +0.00,  0.00
:TS,04010100305472,35.0, +30.2,   0.0,1545.9,622
:BI,   -54,   +35,   -40,   -11,A
:BS,   +35,   +54,   -40,A
:BE,   +35,   +54,   -40,A
:BD,        +0.06,        +0.17,        +0.03,   4.08,  0.00
:SA,   +0.00,   +0.00,  0.00
:TS,04010100305480,35.0, +30.2,   0.0,1545.9,623
:BI,   -57,   +31,   -37,    -7,A
:BS,   +31,   +57,   -37,A
:BE,   +31,   +57,   -37,A
:BD,        +0.06,        +0.18,        +0.02,   4.11,  0.00
:SA,   +0.00,   +0.00,  0.00
:TS,04010100305490,35.0, +30.2,   0.0,1545.9,624
:BI,   -64,   +16,    -9,    +0,A
:BS,   +16,   +64,    -9,A
:BE,   +16,   +64,    -9,A
:BD,        +0.06,        +0.18,        +0.02,   4.11,  0.00
:SA,   +0.00,   +0.00,  0.00
:TS,04010100305498,35.0, +30.2,   0.0,1545.9,621
:BI,   -78,    +4,   +20,    +5,A
:BS,    +4,   +78,   +20,A
:BE,    +4,   +78,   +20,A
:BD,        +0.06,        +0.19,        +0.02,   4.13,  0.00
:SA,   +0.00,   +0.00,  0.00
:TS,04010100305508,35.0, +30.2,   0.0,1545.9,627
:BI,   -86,    -9,   +50,    +9,A
:BS,    -9,   +86,   +50,A
:BE,    -9,   +86,   +50,A
:BD,        +0.06,        +0.20,        +0.02,   4.08,  0.00
:SA,   +0.00,   +0.00,  0.00
:TS,04010100305519,35.0, +30.1,   0.0,1545.8,628
:BI,   -95,    +2,   +66,    +2,A
:BS,    +2,   +95,   +66,A
:BE,    +2,   +95,   +66,A
:BD,        +0.06,        +0.21,        +0.02,   4.13,  0.00
:SA,   +0.00,   +0.00,  0.00
:TS,04010100305530,35.0, +30.1,   0.0,1545.8,622
:BI,   -92,   -12,   +54,    +1,A
:BS,   -12,   +92,   +54,A
:BE,   -12,   +92,   +54,A
:BD,        +0.06,        +0.22,        +0.03,   4.11,  0.00
:SA,   +0.00,   +0.00,  0.00
:TS,04010100305539,35.0, +30.1,   0.0,1545.8,623
:BI,   -97,    +0,   +43,    +2,A
:BS,    +0,   +97,   +43,A
:BE,    +0,   +97,   +43,A
:BD,        +0.06,        +0.22,        +0.03,   4.11,  0.00
:SA,   +0.00,   +0.00,  0.00
:TS,04010100305549,35.0, +30.1,   0.0,1545.8,624
:BI,   -94,    +9,   +22,    +0,A
:BS,    +9,   +94,   +22,A
:BE,    +9,   +94,   +22,A
:BD,        +0.06,        +0.23,        +0.03,   4.11,  0.00
:SA,   +0.00,   +0.00,  0.00
:TS,04010100305557,35.0, +30.1,   0.0,1545.8,621
:BI,   -75,    +1,   +11,   +10,A
:BS,    +1,   +75,   +11,A
:BE,    +1,   +75,   +11,A
:BD,        +0.06,        +0.24,        +0.03,   4.15,  0.00
:SA,   +0.00,   +0.00,  0.00
:TS,04010100305567,35.0, +30.1,   0.0,1545.8,627
:BI,   -80,    +2,    +2,   -20,A
:BS,    +2,   +80,    +2,A
:BE,    +2,   +80,    +2,A
:BD,        +0.06,        +0.25,        +0.04,   4.17,  0.00
:SA,   +0.00,   +0.00,  0.00
:TS,04010100305575,35.0, +30.1,   0.0,1545.8,628
:BI,   -69,   +10,    +0,    -9,A
:BS,   +10,   +69,    +0,A
:BE,   +10,   +69,    +0,A
:BD,        +0.06,        +0.25,        +0.04,   4.15,  0.00
:SA,   +0.00,   +0.00,  0.00
:TS,04010100305585,35.0, +30.1,   0.0,1545.8,622
:BI,   -84,   -13,    -1,   +17,A
:BS,   -13,   +84,    -1,A
:BE,   -13,   +84,    -1,A
:BD,        +0.06,        +0.26,        +0.04,   4.17,  0.00
:SA,   +0.00,   +0.00,  0.00
:TS,04010100305593,35.0, +30.1,   0.0,1545.8,623
:BI,  -141,   -24,    +6,   +59,A
:BS,   -24,  +141,    +6,A
:BE,   -24,  +141,    +6,A
:BD,        +0.06,        +0.27,        +0.04,   4.17,  0.00
:SA,   +0.00,   +0.00,  0.00
:TS,04010100305603,35.0, +30.1,   0.0,1545.8,624
:BI,   +14,    -2,   -37,   -77,A
:BS,    -2,   -14,   -37,A
:BE,    -2,   -14,   -37,A
:BD,        +0.06,        +0.28,        +0.04,   4.50,  0.00
:SA,   +0.00,   +0.00,  0.00
:TS,04010100305611,35.0, +30.1,   0.0,1545.8,621
:BI,   -79,   -33,   -20,    +9,A
:BS,   -33,   +79,   -20,A
:BE,   -33,   +79,   -20,A
:BD,        +0.06,        +0.28,        +0.04,   4.17,  0.00
:SA,   +0.00,   +0.00,  0.00
:TS,04010100305621,35.0, +30.1,   0.0,1545.8,627
:BI,   -59,   -34,   -18,    +7,A
:BS,   -34,   +59,   -18,A
:BE,   -34,   +59,   -18,A
:BD,        +0.06,        +0.29,        +0.04,   4.17,  0.00
:SA,   +0.00,   +0.00,  0.00
:TS,04010100305632,35.0, +30.2,   0.0,1545.9,628
:BI,   -39,   -23,   -11,   -12,A
:BS,   -23,   +39,   -11,A
:BE,   -23,   +39,   -11,A
:BD,        +0.06,        +0.30,        +0.04,   4.17,  0.00
:SA,   +0.00,   +0.00,  0.00
:TS,04010100305643,35.0, +30.2,   0.0,1545.9,622
:BI,   -32,   -17,    +4,    -7,A
:BS,   -17,   +32,    +4,A
:BE,   -17,   +32,    +4,A
:BD,        +0.06,        +0.30,        +0.04,   4.15,  0.00
:SA,   +0.00,   +0.00,  0.00
:TS,04010100305652,35.0, +30.2,   0.0,1545.9,623
:BI,   -29,   -14,    +6,    +1,A
:BS,   -14,   +29,    +6,A
:BE,   -14,   +29,    +6,A
:BD,        +0.05,        +0.31,        +0.04,   4.13,  0.00
:SA,   +0.00,   +0.00,  0.00
:TS,04010100305662,35.0, +30.2,   0.0,1545.9,624
:BI,   -23,   -10,   +14,   +14,A
:BS,   -10,   +23,   +14,A
:BE,   -10,   +23,   +14,A
:BD,        +0.05,        +0.31,        +0.04,   4.15,  0.00
:SA,   +0.00,   +0.00,  0.00
:TS,04010100305670,35.0, +30.2,   0.0,1545.9,621
:BI,   -24,    -6,   +12,    +7,A
:BS,    -6,   +24,   +12,A
:BE,    -6,   +24,   +12,A
:BD,        +0.05,        +0.31,        +0.04,   4.13,  0.00
:SA,   +0.00,   +0.00,  0.00
:TS,04010100305680,35.0, +30.2,   0.0,1545.9,627
:BI,   -13,    +0,   +11,    -8,A
:BS,    +0,   +13,   +11,A
:BE,    +0,   +13,   +11,A
:BD,        +0.05,        +0.32,        +0.04,   4.17,  0.00
:SA,   +0.00,   +0.00,  0.00
:TS,04010100305688,35.0, +30.2,   0.0,1545.9,628
:BI,   -60,    +9,   +22,    +6,A
:BS,    +9,   +60,   +22,A
:BE,    +9,   +60,   +22,A
:BD,        +0.05,        +0.32,        +0.04,   4.15,  0.00
:SA,   +0.00,   +0.00,  0.00
:TS,04010100305698,35.0, +30.2,   0.0,1545.9,622
:BI,   -78,   +21,   +23,    -2,A
:BS,   +21,   +78,   +23,A
:BE,   +21,   +78,   +23,A
:BD,        +0.05,        +0.32,        +0.04,   4.15,  0.00
:SA,   +0.00,   +0.00,  0.00
:TS,04010100305706,35.0, +30.2,   0.0,1545.9,623
:BI,   -90,   +15,   +23,    +5,A
:BS,   +15,   +90,   +23,A
:BE,   +15,   +90,   +23,A
:BD,        +0.05,        +0.33,        +0.04,   4.20,  0.00
:SA,   +0.00,   +0.00,  0.00
:TS,04010100305716,35.0, +30.2,   0.0,1545.9,624
:BI,   -82,    +0,   +20,   +15,A
:BS,    +0,   +82,   +20,A
:BE,    +0,   +82,   +20,A
:BD,        +0.05,        +0.33,        +0.04,   4.17,  0.00
:SA,   +0.00,   +0.00,  0.00
:TS,04010100305724,35.0, +30.2,   0.0,1545.9,621
:BI,   -90,   +45,   +37,   -11,A
:BS,   +45,   +90,   +37,A
:BE,   +45,   +90,   +37,A
:BD,        +0.05,        +0.34,        +0.04,   4.17,  0.00
:SA,   +0.00,   +0.00,  0.00
:TS,04010100305734,35.0, +30.2,   0.0,1545.9,627
:BI,   -79,    +9,   +18,   -12,A
:BS,    +9,   +79,   +18,A
:BE,    +9,   +79,   +18,A
:BD,        +0.05,        +0.35,        +0.05,   4.18,  0.00
:SA,   +0.00,   +0.00,  0.00
:TS,04010100305745,35.0, +30.2,   0.0,1545.9,628
:BI,  -107,    +3,   +18,    +8,A
:BS,    +3,  +107,   +18,A
:BE,    +3,  +107,   +18,A
:BD,        +0.06,        +0.36,        +0.05,   4.18,  0.00
:SA,   +0.00,   +0.00,  0.00
:TS,04010100305756,35.0, +30.2,   0.0,1545.9,622
:BI,   -82,   -20,    +6,    -1,A
:BS,   -20,   +82,    +6,A
:BE,   -20,   +82,    +6,A
:BD,        +0.06,        +0.37,        +0.05,   4.17,  0.00
:SA,   +0.00,   +0.00,  0.00
:TS,04010100305765,35.0, +30.2,   0.0,1545.9,623
:BI,   -66,   -32,    +0,    -4,A
:BS,   -32,   +66,    +0,A
:BE,   -32,   +66,    +0,A
:BD,        +0.05,        +0.37,        +0.05,   4.18,  0.00
:SA,   +0.00,   +0.00,  0.00
:TS,04010100305775,35.0, +30.2,   0.0,1545.9,624
:BI,   -61,    -1,    +5,   -11,A
:BS,    -1,   +61,    +5,A
:BE,    -1,   +61,    +5,A
:BD,        +0.05,        +0.38,        +0.05,   4.20,  0.00
:SA,   +0.00,   +0.00,  0.00
:TS,04010100305783,35.0, +30.2,   0.0,1545.9,621
:BI,   -25,   -51,   -15,   -18,A
:BS,   -51,   +25,   -15,A
:BE,   -51,   +25,   -15,A
:BD,        +0.05,        +0.38,        +0.05,   4.18,  0.00
:SA,   +0.00,   +0.00,  0.00
:TS,04010100305793,35.0, +30.2,   0.0,1545.9,627
:BI,   -33,   -38,    -7,    -2,A
:BS,   -38,   +33,    -7,A
:BE,   -38,   +33,    -7,A
:BD,        +0.05,        +0.39,        +0.05,   4.22,  0.00
:SA,   +0.00,   +0.00,  0.00
:TS,04010100305801,35.0, +30.2,   0.0,1545.9,628
:BI,    +1,    +0,    -6,   -23,A
:BS,    +0,    -1,    -6,A
:BE,    +0,    -1,    -6,A
:BD,        +0.05,        +0.39,        +0.05,   4.22,  0.00
:SA,   +0.00,   +0.00,  0.00
:TS,04010100305811,35.0, +30.2,   0.0,1545.9,622
:BI,    -6,    -4,    -9,    -8,A
:BS,    -4,    +6,    -9,A
:BE,    -4,    +6,    -9,A
:BD,        +0.05,        +0.40,        +0.05,   4.24,  0.00
:SA,   +0.00,   +0.00,  0.00
:TS,04010100305819,35.0, +30.2,   0.0,1545.9,623
:BI,   -24,    +8,    -2,    -2,A
:BS,    +8,   +24,    -2,A
:BE,    +8,   +24,    -2,A
:BD,        +0.05,        +0.40,        +0.05,   4.24,  0.00
:SA,   +0.00,   +0.00,  0.00
:TS,04010100305829,35.0, +30.2,   0.0,1545.9,624
:BI,   -74,    +0,    +4,   +32,A
:BS,    +0,   +74,    +4,A
:BE,    +0,   +74,    +4,A
:BD,        +0.05,        +0.40,        +0.05,   4.53,  0.00
:SA,   +0.00,   +0.00,  0.00
:TS,04010100305837,35.0, +30.2,   0.0,1545.9,621
:BI,   -59,    +0,    +6,    +5,A
:BS,    +0,   +59,    +6,A
:BE,    +0,   +59,    +6,A
:BD,        +0.05,        +0.41,        +0.05,   4.55,  0.00
:SA,   +0.00,   +0.00,  0.00
:TS,04010100305847,35.0, +30.2,   0.0,1545.9,627
:BI,   -54,   +32,   +13,   -21,A
:BS,   +32,   +54,   +13,A
:BE,   +32,   +54,   +13,A
:BD,        +0.05,        +0.41,        +0.05,   4.20,  0.00
:SA,   +0.00,   +0.00,  0.00
:TS,04010100305858,35.0, +30.2,   0.0,1545.9,628
:BI,   -67,   +20,   +24,   +20,A
:BS,   +20,   +67,   +24,A
:BE,   +20,   +67,   +24,A
:BD,        +0.05,        +0.42,        +0.05,   4.18,  0.00
:SA,   +0.00,   +0.00,  0.00
:TS,04010100305869,35.0, +30.2,   0.0,1545.9,622
:BI,   -67,    +2,   +13,    -2,A
:BS,    +2,   +67,   +13,A
:BE,    +2,   +67,   +13,A
:BD,        +0.05,        +0.42,        +0.05,   4.15,  0.00
:SA,   +0.00,   +0.00,  0.00
:TS,04010100305878,35.0, +30.2,   0.0,1545.9,623
:BI,   -42,    +0,    +3,    -4,A
:BS,    +0,   +42,    +3,A
:BE,    +0,   +42,    +3,A
:BD,        +0.05,        +0.43,        +0.05,   4.17,  0.00
:SA,   +0.00,   +0.00,  0.00
:TS,04010100305888,35.0, +30.2,   0.0,1545.9,624
:BI,   -27,   +12,    -7,   -11,A
:BS,   +12,   +27,    -7,A
:BE,   +12,   +27,    -7,A
:BD,        +0.05,        +0.43,        +0.06,   4.18,  0.00
:SA,   +0.00,   +0.00,  0.00
:TS,04010100305896,35.0, +30.2,   0.0,1545.9,621
:BI,   -14,    +0,   -11,   -12,A
:BS,    +0,   +14,   -11,A
:BE,    +0,   +14,   -11,A
:BD,        +0.05,        +0.44,        +0.06,   4.20,  0.00
:SA,   +0.00,   +0.00,  0.00
:TS,04010100305906,35.0, +30.2,   0.0,1545.9,627
:BI,   -30,   -10,    -7,    -9,A
:BS,   -10,   +30,    -7,A
:BE,   -10,   +30,    -7,A
:BD,        +0.05,        +0.44,        +0.06,   4.18,  0.00
:SA,   +0.00,   +0.00,  0.00
:TS,04010100305914,35.0, +30.2,   0.0,1545.9,628
:BI,   -31,    +0,    +7,    -6,A
:BS,    +0,   +31,    +7,A
:BE,    +0,   +31,    +7,A
:BD,        +0.05,        +0.44,        +0.06,   4.22,  0.00
:SA,   +0.00,   +0.00,  0.00
:TS,04010100305924,35.0, +30.2,   0.0,1545.9,622
:BI,   -61,    +0,   +13,   -15,A
:BS,    +0,   +61,   +13,A
:BE,    +0,   +61,   +13,A
:BD,        +0.05,        +0.45,        +0.06,   4.27,  0.00
:SA,   +0.00,   +0.00,  0.00
:TS,04010100305934,35.0, +30.2,   0.0,1545.9,623
:BI,   -69,    -7,   +16,   -16,A
:BS,    -7,   +69,   +16,A
:BE,    -7,   +69,   +16,A
:BD,        +0.05,        +0.45,        +0.06,   4.22,  0.00
:SA,   +0.00,   +0.00,  0.00
:TS,04010100305942,35.0, +30.2,   0.0,1545.9,624
:BI,   -52,   -13,   +23,   +19,A
:BS,   -13,   +52,   +23,A
:BE,   -13,   +52,   +23,A
:BD,        +0.05,        +0.46,        +0.06,   4.22,  0.00
:SA,   +0.00,   +0.00,  0.00
:TS,04010100305952,35.0, +30.2,   0.0,1545.9,621
:BI,   -50,    +0,    +8,   -17,A
:BS,    +0,   +50,    +8,A
:BE,    +0,   +50,    +8,A
:BD,        +0.05,        +0.46,        +0.06,   4.22,  0.00
:SA,   +0.00,   +0.00,  0.00
:TS,04010100305960,35.0, +30.2,   0.0,1545.9,627
:BI,   -75,   +13,    +8,    -7,A
:BS,   +13,   +75,    +8,A
:BE,   +13,   +75,    +8,A
:BD,        +0.05,        +0.46,        +0.06,   4.20,  0.00
:SA,   +0.00,   +0.00,  0.00
:TS,04010100305972,35.0, +30.2,   0.0,1545.9,628
:BI,   -67,    +4,    -1,    -4,A
:BS,    +4,   +67,    -1,A
:BE,    +4,   +67,    -1,A
:BD,        +0.05,        +0.47,        +0.06,   4.22,  0.00
:SA,   +0.00,   +0.00,  0.00
:TS,04010100305983,35.0, +30.2,   0.0,1545.9,622
:BI,   -69,    +6,    +6,    -8,A
:BS,    +6,   +69,    +6,A
:BE,    +6,   +69,    +6,A
:BD,        +0.05,        +0.48,        +0.06,   4.20,  0.00
:SA,   +0.00,   +0.00,  0.00
:TS,04010100305991,35.0, +30.2,   0.0,1545.9,623
:BI,   -43,    +3,   +17,    +3,A
:BS,    +3,   +43,   +17,A
:BE,    +3,   +43,   +17,A
:BD,        +0.05,        +0.48,        +0.06,   4.20,  0.00
:SA,   +0.00,   +0.00,  0.00
:TS,04010100310001,35.0, +30.2,   0.0,1545.9,624
:BI,   -47,    +0,   +32,   +26,A
:BS,    +0,   +47,   +32,A
:BE,    +0,   +47,   +32,A
:BD,        +0.05,        +0.49,        +0.06,   4.20,  0.00
:SA,   +0.00,   +0.00,  0.00
:TS,04010100310009,35.0, +30.2,   0.0,1545.9,621
:BI,   -14,   +11,   +26,   -13,A
:BS,   +11,   +14,   +26,A
:BE,   +11,   +14,   +26,A
:BD,        +0.05,        +0.49,        +0.06,   4.22,  0.00
:SA,   +0.00,   +0.00,  0.00
:TS,04010100310019,35.0, +30.2,   0.0,1545.9,627
:BI,   -19,   +11,   +19,   -14,A
:BS,   +11,   +19,   +19,A
:BE,   +11,   +19,   +19,A
:BD,        +0.05,        +0.50,        +0.07,   4.25,  0.00
:SA,   +0.00,   +0.00,  0.00
:TS,04010100310029,35.0, +30.2,   0.0,1545.9,628
:BI,    -7,    +2,    +0,   -10,A
:BS,    +2,    +7,    +0,A
:BE,    +2,    +7,    +0,A
:BD,        +0.05,        +0.50,        +0.07,   4.25,  0.00
:SA,   +0.00,   +0.00,  0.00
:TS,04010100310037,35.0, +30.2,   0.0,1545.9,622
:BI,   -31,    +5,    -3,    +2,A
:BS,    +5,   +31,    -3,A
:BE,    +5,   +31,    -3,A
:BD,        +0.05,        +0.50,        +0.07,   4.20,  0.00
:SA,   +0.00,   +0.00,  0.00
:TS,04010100310047,35.0, +30.2,   0.0,1545.9,623
:BI,   -38,    -5,   -15,   -11,A
:BS,    -5,   +38,   -15,A
:BE,    -5,   +38,   -15,A
:BD,        +0.05,        +0.50,        +0.07,   4.22,  0.00
:SA,   +0.00,   +0.00,  0.00
