>BP001
>BX00060
>EA09000
>ES35
>TE00:00:00.00
>TP00:00.00
>PD6
>CK
[Parameters saved as USER defaults]

>CS
:SA,   +0.00,   +0.00,  0.00
:TS,04010100135415,35.0, +21.0,   0.0,1524.2,621
:BI,-32768,-32768,-32768,-32768,V
:BS,-32768,-32768,-32768,V
:BE,-32768,-32768,-32768,V
:BD,        +0.00,        +0.00,        +0.00,   0.00,  0.00
:SA,   +0.00,   +0.00,  0.00
:TS,04010100135424,35.0, +21.0,   0.0,1524.2,627
:BI,-32768,-32768,-32768,-32768,V
:BS,-32768,-32768,-32768,V
:BE,-32768,-32768,-32768,V
:BD,        +0.00,        +0.00,        +0.00,   0.00,  0.09
:SA,   +0.00,   +0.00,  0.00
:TS,04010100135433,35.0, +21.0,   0.0,1524.2,628
:BI,-32768,-32768,-32768,-32768,V
:BS,-32768,-32768,-32768,V
:BE,-32768,-32768,-32768,V
:BD,        +0.00,        +0.00,        +0.00,   0.00,  0.18
:SA,   +0.00,   +0.00,  0.00
:TS,04010100135441,35.0, +21.0,   0.0,1524.2,622
:BI,-32768,-32768,-32768,-32768,V
:BS,-32768,-32768,-32768,V
:BE,-32768,-32768,-32768,V
:BD,        +0.00,        +0.00,        +0.00,   0.00,  0.26
:SA,   +0.00,   +0.00,  0.00
:TS,04010100135451,35.0, +21.0,   0.0,1524.2,623
:BI,-32768,-32768,-32768,-32768,V
:BS,-32768,-32768,-32768,V
:BE,-32768,-32768,-32768,V
:BD,        +0.00,        +0.00,        +0.00,   0.00,  0.36
:SA,   +0.00,   +0.00,  0.00
:TS,04010100135460,35.0, +21.0,   0.0,1524.2,624
:BI,-32768,-32768,-32768,-32768,V
:BS,-32768,-32768,-32768,V
:BE,-32768,-32768,-32768,V
:BD,        +0.00,        +0.00,        +0.00,   0.00,  0.45
:SA,   +0.00,   +0.00,  0.00
:TS,04010100135469,35.0, +21.0,   0.0,1524.2,621
:BI,-32768,-32768,-32768,-32768,V
:BS,-32768,-32768,-32768,V
:BE,-32768,-32768,-32768,V
:BD,        +0.00,        +0.00,        +0.00,   0.00,  0.54
:SA,   +0.00,   +0.00,  0.00
:TS,04010100135478,35.0, +21.0,   0.0,1524.2,627
:BI,-32768,-32768,-32768,-32768,V
:BS,-32768,-32768,-32768,V
:BE,-32768,-32768,-32768,V
:BD,        +0.00,        +0.00,        +0.00,   0.00,  0.63
:SA,   +0.00,   +0.00,  0.00
:TS,04010100135487,35.0, +21.0,   0.0,1524.2,628
:BI,-32768,-32768,-32768,-32768,V
:BS,-32768,-32768,-32768,V
:BE,-32768,-32768,-32768,V
:BD,        +0.00,        +0.00,        +0.00,   0.00,  0.72
:SA,   +0.00,   +0.00,  0.00
:TS,04010100135498,35.0, +21.0,   0.0,1524.2,622
:BI,-32768,-32768,-32768,-32768,V
:BS,-32768,-32768,-32768,V
:BE,-32768,-32768,-32768,V
:BD,        +0.00,        +0.00,        +0.00,   0.00,  0.83
:SA,   +0.00,   +0.00,  0.00
:TS,04010100135507,35.0, +21.0,   0.0,1524.2,623
:BI,-32768,-32768,-32768,-32768,V
:BS,-32768,-32768,-32768,V
:BE,-32768,-32768,-32768,V
:BD,        +0.00,        +0.00,        +0.00,   0.00,  0.92
:SA,   +0.00,   +0.00,  0.00
:TS,04010100135518,35.0, +26.9,   0.0,1538.9,624
:BI,-32768,-32768,-32768,-32768,V
:BS,-32768,-32768,-32768,V
:BE,-32768,-32768,-32768,V
:BD,        +0.00,        +0.00,        +0.00,   0.00,  1.03
:SA,   +0.00,   +0.00,  0.00
:TS,04010100135528,35.0, +26.9,   0.0,1538.9,621
:BI,-32768,-32768,-32768,-32768,V
:BS,-32768,-32768,-32768,V
:BE,-32768,-32768,-32768,V
:BD,        +0.00,        +0.00,        +0.00,   0.00,  1.13
:SA,   +0.00,   +0.00,  0.00
:TS,04010100135537,35.0, +26.9,   0.0,1538.9,627
:BI,-32768,-32768,-32768,-32768,V
:BS,-32768,-32768,-32768,V
:BE,-32768,-32768,-32768,V
:BD,        +0.00,        +0.00,        +0.00,   0.00,  1.22
:SA,   +0.00,   +0.00,  0.00
:TS,04010100135547,35.0, +26.9,   0.0,1538.9,628
:BI,-32768,-32768,-32768,-32768,V
:BS,-32768,-32768,-32768,V
:BE,-32768,-32768,-32768,V
:BD,        +0.00,        +0.00,        +0.00,   0.00,  1.32
:SA,   +0.00,   +0.00,  0.00
:TS,04010100135556,35.0, +26.9,   0.0,1538.9,622
:BI,-32768,-32768,-32768,-32768,V
:BS,-32768,-32768,-32768,V
:BE,-32768,-32768,-32768,V
:BD,        +0.00,        +0.00,        +0.00,   0.00,  1.41
:SA,   +0.00,   +0.00,  0.00
:TS,04010100135565,35.0, +26.9,   0.0,1538.9,623
:BI,-32768,-32768,-32768,-32768,V
:BS,-32768,-32768,-32768,V
:BE,-32768,-32768,-32768,V
:BD,        +0.00,        +0.00,        +0.00,   0.00,  1.50
:SA,   +0.00,   +0.00,  0.00
:TS,04010100135574,35.0, +26.9,   0.0,1538.9,624
:BI,-32768,-32768,-32768,-32768,V
:BS,-32768,-32768,-32768,V
:BE,-32768,-32768,-32768,V
:BD,        +0.00,        +0.00,        +0.00,   0.00,  1.59
:SA,   +0.00,   +0.00,  0.00
:TS,04010100135583,35.0, +26.9,   0.0,1538.9,621
:BI,-32768,-32768,-32768,-32768,V
:BS,-32768,-32768,-32768,V
:BE,-32768,-32768,-32768,V
:BD,        +0.00,        +0.00,        +0.00,   0.00,  1.68
:SA,   +0.00,   +0.00,  0.00
:TS,04010100135594,35.0, +26.9,   0.0,1538.9,627
:BI,-32768,-32768,-32768,-32768,V
:BS,-32768,-32768,-32768,V
:BE,-32768,-32768,-32768,V
:BD,        +0.00,        +0.00,        +0.00,   0.00,  1.79
:SA,   +0.00,   +0.00,  0.00
:TS,04010100135603,35.0, +26.9,   0.0,1538.9,628
:BI,-32768,-32768,-32768,-32768,V
:BS,-32768,-32768,-32768,V
:BE,-32768,-32768,-32768,V
:BD,        +0.00,        +0.00,        +0.00,   0.00,  1.88
:SA,   +0.00,   +0.00,  0.00
:TS,04010100135612,35.0, +26.9,   0.0,1538.9,622
:BI,-32768,-32768,-32768,-32768,V
:BS,-32768,-32768,-32768,V
:BE,-32768,-32768,-32768,V
:BD,        +0.00,        +0.00,        +0.00,   0.00,  1.97
:SA,   +0.00,   +0.00,  0.00
:TS,04010100135621,35.0, +26.9,   0.0,1538.9,623
:BI,-32768,-32768,-32768,-32768,V
:BS,-32768,-32768,-32768,V
:BE,-32768,-32768,-32768,V
:BD,        +0.00,        +0.00,        +0.00,   0.00,  2.06
:SA,   +0.00,   +0.00,  0.00
:TS,04010100135633,35.0, +26.9,   0.0,1538.9,624
:BI,-32768,-32768,-32768,-32768,V
:BS,-32768,-32768,-32768,V
:BE,-32768,-32768,-32768,V
:BD,        +0.00,        +0.00,        +0.00,   0.00,  2.18
:SA,   +0.00,   +0.00,  0.00
:TS,04010100135644,35.0, +26.9,   0.0,1538.9,621
:BI,-32768,-32768,-32768,-32768,V
:BS,-32768,-32768,-32768,V
:BE,-32768,-32768,-32768,V
:BD,        +0.00,        +0.00,        +0.00,   0.00,  2.29
:SA,   +0.00,   +0.00,  0.00
:TS,04010100135653,35.0, +26.9,   0.0,1538.9,627
:BI,-32768,-32768,-32768,-32768,V
:BS,-32768,-32768,-32768,V
:BE,-32768,-32768,-32768,V
:BD,        +0.00,        +0.00,        +0.00,   0.00,  2.38
:SA,   +0.00,   +0.00,  0.00
:TS,04010100135662,35.0, +26.9,   0.0,1538.9,628
:BI,-32768,-32768,-32768,-32768,V
:BS,-32768,-32768,-32768,V
:BE,-32768,-32768,-32768,V
:BD,        +0.00,        +0.00,        +0.00,   0.00,  2.47
:SA,   +0.00,   +0.00,  0.00
:TS,04010100135671,35.0, +26.9,   0.0,1538.9,622
:BI,-32768,-32768,-32768,-32768,V
:BS,-32768,-32768,-32768,V
:BE,-32768,-32768,-32768,V
:BD,        +0.00,        +0.00,        +0.00,   0.00,  2.56
:SA,   +0.00,   +0.00,  0.00
:TS,04010100135680,35.0, +26.9,   0.0,1538.9,623
:BI,-32768,-32768,-32768,-32768,V
:BS,-32768,-32768,-32768,V
:BE,-32768,-32768,-32768,V
:BD,        +0.00,        +0.00,        +0.00,   0.00,  2.65
:SA,   +0.00,   +0.00,  0.00
:TS,04010100135690,35.0, +26.9,   0.0,1538.9,624
:BI,-32768,-32768,-32768,-32768,V
:BS,-32768,-32768,-32768,V
:BE,-32768,-32768,-32768,V
:BD,        +0.00,        +0.00,        +0.00,   0.00,  2.75
:SA,   +0.00,   +0.00,  0.00
:TS,04010100135699,35.0, +26.9,   0.0,1538.9,621
:BI,-32768,-32768,-32768,-32768,V
:BS,-32768,-32768,-32768,V
:BE,-32768,-32768,-32768,V
:BD,        +0.00,        +0.00,        +0.00,   0.00,  2.84
:SA,   +0.00,   +0.00,  0.00
:TS,04010100135708,35.0, +26.9,   0.0,1538.9,627
:BI,-32768,-32768,-32768,-32768,V
:BS,-32768,-32768,-32768,V
:BE,-32768,-32768,-32768,V
:BD,        +0.00,        +0.00,        +0.00,   0.00,  2.93
:SA,   +0.00,   +0.00,  0.00
:TS,04010100135717,35.0, +26.9,   0.0,1538.9,628
:BI,-32768,-32768,-32768,-32768,V
:BS,-32768,-32768,-32768,V
:BE,-32768,-32768,-32768,V
:BD,        +0.00,        +0.00,        +0.00,   0.00,  3.02
:SA,   +0.00,   +0.00,  0.00
:TS,04010100135725,35.0, +26.9,   0.0,1538.9,622
:BI,-32768,-32768,-32768,-32768,V
:BS,-32768,-32768,-32768,V
:BE,-32768,-32768,-32768,V
:BD,        +0.00,        +0.00,        +0.00,   0.00,  3.10
:SA,   +0.00,   +0.00,  0.00
:TS,04010100135735,35.0, +26.9,   0.0,1538.9,623
:BI,-32768,-32768,-32768,-32768,V
:BS,-32768,-32768,-32768,V
:BE,-32768,-32768,-32768,V
:BD,        +0.00,        +0.00,        +0.00,   0.00,  3.20
:SA,   +0.00,   +0.00,  0.00
:TS,04010100135746,35.0, +26.9,   0.0,1538.9,624
:BI,-32768,-32768,-32768,-32768,V
:BS,-32768,-32768,-32768,V
:BE,-32768,-32768,-32768,V
:BD,        +0.00,        +0.00,        +0.00,   0.00,  3.31
:SA,   +0.00,   +0.00,  0.00
:TS,04010100135757,35.0, +26.9,   0.0,1538.9,621
:BI,-32768,-32768,-32768,-32768,V
:BS,-32768,-32768,-32768,V
:BE,-32768,-32768,-32768,V
:BD,        +0.00,        +0.00,        +0.00,   0.00,  3.42
:SA,   +0.00,   +0.00,  0.00
:TS,04010100135765,35.0, +26.9,   0.0,1538.9,627
:BI,-32768,-32768,-32768,-32768,V
:BS,-32768,-32768,-32768,V
:BE,-32768,-32768,-32768,V
:BD,        +0.00,        +0.00,        +0.00,   0.00,  3.50
:SA,   +0.00,   +0.00,  0.00
:TS,04010100135773,35.0, +26.9,   0.0,1538.9,628
:BI,-32768,-32768,-32768,-32768,V
:BS,-32768,-32768,-32768,V
:BE,-32768,-32768,-32768,V
:BD,        +0.00,        +0.00,        +0.00,   0.00,  3.58
:SA,   +0.00,   +0.00,  0.00
:TS,04010100135784,35.0, +26.9,   0.0,1538.9,622
:BI,-32768,-32768,-32768,-32768,V
:BS,-32768,-32768,-32768,V
:BE,-32768,-32768,-32768,V
:BD,        +0.00,        +0.00,        +0.00,   0.00,  3.69
:SA,   +0.00,   +0.00,  0.00
:TS,04010100135793,35.0, +26.9,   0.0,1538.9,623
:BI,-32768,-32768,-32768,-32768,V
:BS,-32768,-32768,-32768,V
:BE,-32768,-32768,-32768,V
:BD,        +0.00,        +0.00,        +0.00,   0.00,  3.78
:SA,   +0.00,   +0.00,  0.00
:TS,04010100135802,35.0, +26.9,   0.0,1538.9,624
:BI,-32768,-32768,-32768,-32768,V
:BS,-32768,-32768,-32768,V
:BE,-32768,-32768,-32768,V
:BD,        +0.00,        +0.00,        +0.00,   0.00,  3.87
:SA,   +0.00,   +0.00,  0.00
:TS,04010100135811,35.0, +26.9,   0.0,1538.9,621
:BI,-32768,-32768,-32768,-32768,V
:BS,-32768,-32768,-32768,V
:BE,-32768,-32768,-32768,V
:BD,        +0.00,        +0.00,        +0.00,   0.00,  3.96
:SA,   +0.00,   +0.00,  0.00
:TS,04010100135820,35.0, +26.9,   0.0,1538.9,627
:BI,-32768,-32768,-32768,-32768,V
:BS,-32768,-32768,-32768,V
:BE,-32768,-32768,-32768,V
:BD,        +0.00,        +0.00,        +0.00,   0.00,  4.05
:SA,   +0.00,   +0.00,  0.00
:TS,04010100135831,35.0, +26.9,   0.0,1538.9,628
:BI,-32768,-32768,-32768,-32768,V
:BS,-32768,-32768,-32768,V
:BE,-32768,-32768,-32768,V
:BD,        +0.00,        +0.00,        +0.00,   0.00,  4.16
:SA,   +0.00,   +0.00,  0.00
:TS,04010100135840,35.0, +26.9,   0.0,1538.9,622
:BI,-32768,-32768,-32768,-32768,V
:BS,-32768,-32768,-32768,V
:BE,-32768,-32768,-32768,V
:BD,        +0.00,        +0.00,        +0.00,   0.00,  4.25
:SA,   +0.00,   +0.00,  0.00
:TS,04010100135849,35.0, +26.9,   0.0,1538.9,623
:BI,-32768,-32768,-32768,-32768,V
:BS,-32768,-32768,-32768,V
:BE,-32768,-32768,-32768,V
:BD,        +0.00,        +0.00,        +0.00,   0.00,  4.34
:SA,   +0.00,   +0.00,  0.00
:TS,04010100135861,35.0, +26.9,   0.0,1538.9,624
:BI,-32768,-32768,-32768,-32768,V
:BS,-32768,-32768,-32768,V
:BE,-32768,-32768,-32768,V
:BD,        +0.00,        +0.00,        +0.00,   0.00,  4.46
:SA,   +0.00,   +0.00,  0.00
:TS,04010100135870,35.0, +26.9,   0.0,1538.9,621
:BI,-32768,-32768,-32768,-32768,V
:BS,-32768,-32768,-32768,V
:BE,-32768,-32768,-32768,V
:BD,        +0.00,        +0.00,        +0.00,   0.00,  4.55
:SA,   +0.00,   +0.00,  0.00
:TS,04010100135881,35.0, +26.9,   0.0,1538.9,627
:BI,-32768,-32768,-32768,-32768,V
:BS,-32768,-32768,-32768,V
:BE,-32768,-32768,-32768,V
:BD,        +0.00,        +0.00,        +0.00,   0.00,  4.66
:SA,   +0.00,   +0.00,  0.00
:TS,04010100135890,35.0, +26.9,   0.0,1538.9,628
:BI,-32768,-32768,-32768,-32768,V
:BS,-32768,-32768,-32768,V
:BE,-32768,-32768,-32768,V
:BD,        +0.00,        +0.00,        +0.00,   0.00,  4.75
:SA,   +0.00,   +0.00,  0.00
:TS,04010100135899,35.0, +26.9,   0.0,1538.9,622
:BI,-32768,-32768,-32768,-32768,V
:BS,-32768,-32768,-32768,V
:BE,-32768,-32768,-32768,V
:BD,        +0.00,        +0.00,        +0.00,   0.00,  4.84
:SA,   +0.00,   +0.00,  0.00
:TS,04010100135908,35.0, +26.9,   0.0,1538.9,623
:BI,-32768,-32768,-32768,-32768,V
:BS,-32768,-32768,-32768,V
:BE,-32768,-32768,-32768,V
:BD,        +0.00,        +0.00,        +0.00,   0.00,  4.93
:SA,   +0.00,   +0.00,  0.00
:TS,04010100135916,35.0, +26.9,   0.0,1538.9,624
:BI,-32768,-32768,-32768,-32768,V
:BS,-32768,-32768,-32768,V
:BE,-32768,-32768,-32768,V
:BD,        +0.00,        +0.00,        +0.00,   0.00,  5.01
:SA,   +0.00,   +0.00,  0.00
:TS,04010100135927,35.0, +26.9,   0.0,1538.9,621
:BI,-32768,-32768,-32768,-32768,V
:BS,-32768,-32768,-32768,V
:BE,-32768,-32768,-32768,V
:BD,        +0.00,        +0.00,        +0.00,   0.00,  5.12
:SA,   +0.00,   +0.00,  0.00
:TS,04010100135936,35.0, +26.9,   0.0,1538.9,627
:BI,-32768,-32768,-32768,-32768,V
:BS,-32768,-32768,-32768,V
:BE,-32768,-32768,-32768,V
:BD,        +0.00,        +0.00,        +0.00,   0.00,  5.21
:SA,   +0.00,   +0.00,  0.00
:TS,04010100135945,35.0, +26.9,   0.0,1538.9,628
:BI,-32768,-32768,-32768,-32768,V
:BS,-32768,-32768,-32768,V
:BE,-32768,-32768,-32768,V
:BD,        +0.00,        +0.00,        +0.00,   0.00,  5.30
:SA,   +0.00,   +0.00,  0.00
:TS,04010100135954,35.0, +26.9,   0.0,1538.9,622
:BI,-32768,-32768,-32768,-32768,V
:BS,-32768,-32768,-32768,V
:BE,-32768,-32768,-32768,V
:BD,        +0.00,        +0.00,        +0.00,   0.00,  5.39
:SA,   +0.00,   +0.00,  0.00
:TS,04010100135963,35.0, +26.9,   0.0,1538.9,623
:BI,-32768,-32768,-32768,-32768,V
:BS,-32768,-32768,-32768,V
:BE,-32768,-32768,-32768,V
:BD,        +0.00,        +0.00,        +0.00,   0.00,  5.48
:SA,   +0.00,   +0.00,  0.00
:TS,04010100135977,35.0, +26.9,   0.0,1538.9,624
:BI,-32768,-32768,-32768,-32768,V
:BS,-32768,-32768,-32768,V
:BE,-32768,-32768,-32768,V
:BD,        +0.00,        +0.00,        +0.00,   0.00,  5.62
:SA,   +0.00,   +0.00,  0.00
:TS,04010100135987,35.0, +26.9,   0.0,1538.9,621
:BI,-32768,-32768,-32768,-32768,V
:BS,-32768,-32768,-32768,V
:BE,-32768,-32768,-32768,V
:BD,        +0.00,        +0.00,        +0.00,   0.00,  5.72
:SA,   +0.00,   +0.00,  0.00
:TS,04010100135996,35.0, +26.9,   0.0,1538.9,627
:BI,-32768,-32768,-32768,-32768,V
:BS,-32768,-32768,-32768,V
:BE,-32768,-32768,-32768,V
:BD,        +0.00,        +0.00,        +0.00,   0.00,  5.81
:SA,   +0.00,   +0.00,  0.00
:TS,04010100140005,35.0, +26.9,   0.0,1538.9,628
:BI,-32768,-32768,-32768,-32768,V
:BS,-32768,-32768,-32768,V
:BE,-32768,-32768,-32768,V
:BD,        +0.00,        +0.00,        +0.00,   0.00,  5.90
:SA,   +0.00,   +0.00,  0.00
:TS,04010100140013,35.0, +26.9,   0.0,1538.9,622
:BI,-32768,-32768,-32768,-32768,V
:BS,-32768,-32768,-32768,V
:BE,-32768,-32768,-32768,V
:BD,        +0.00,        +0.00,        +0.00,   0.00,  5.98
:SA,   +0.00,   +0.00,  0.00
:TS,04010100140024,35.0, +26.9,   0.0,1538.9,623
:BI,-32768,-32768,-32768,-32768,V
:BS,-32768,-32768,-32768,V
:BE,-32768,-32768,-32768,V
:BD,        +0.00,        +0.00,        +0.00,   0.00,  6.09
:SA,   +0.00,   +0.00,  0.00
:TS,04010100140033,35.0, +26.9,   0.0,1538.9,624
:BI,-32768,-32768,-32768,-32768,V
:BS,-32768,-32768,-32768,V
:BE,-32768,-32768,-32768,V
:BD,        +0.00,        +0.00,        +0.00,   0.00,  6.18
:SA,   +0.00,   +0.00,  0.00
:TS,04010100140042,35.0, +26.9,   0.0,1538.9,621
:BI,-32768,-32768,-32768,-32768,V
:BS,-32768,-32768,-32768,V
:BE,-32768,-32768,-32768,V
:BD,        +0.00,        +0.00,        +0.00,   0.00,  6.27
:SA,   +0.00,   +0.00,  0.00
:TS,04010100140051,35.0, +26.9,   0.0,1538.9,627
:BI,-32768,-32768,-32768,-32768,V
:BS,-32768,-32768,-32768,V
:BE,-32768,-32768,-32768,V
:BD,        +0.00,        +0.00,        +0.00,   0.00,  6.36
:SA,   +0.00,   +0.00,  0.00
:TS,04010100140060,35.0, +26.9,   0.0,1538.9,628
:BI,-32768,-32768,-32768,-32768,V
:BS,-32768,-32768,-32768,V
:BE,-32768,-32768,-32768,V
:BD,        +0.00,        +0.00,        +0.00,   0.00,  6.45
:SA,   +0.00,   +0.00,  0.00
:TS,04010100140070,35.0, +26.9,   0.0,1538.9,622
:BI,-32768,-32768,-32768,-32768,V
:BS,-32768,-32768,-32768,V
:BE,-32768,-32768,-32768,V
:BD,        +0.00,        +0.00,        +0.00,   0.00,  6.55
:SA,   +0.00,   +0.00,  0.00
:TS,04010100140079,35.0, +26.9,   0.0,1538.9,623
:BI,-32768,-32768,-32768,-32768,V
:BS,-32768,-32768,-32768,V
:BE,-32768,-32768,-32768,V
:BD,        +0.00,        +0.00,        +0.00,   0.00,  6.64
:SA,   +0.00,   +0.00,  0.00
:TS,04010100140090,35.0, +26.9,   0.0,1538.9,624
:BI,-32768,-32768,-32768,-32768,V
:BS,-32768,-32768,-32768,V
:BE,-32768,-32768,-32768,V
:BD,        +0.00,        +0.00,        +0.00,   0.00,  6.75
:SA,   +0.00,   +0.00,  0.00
:TS,04010100140100,35.0, +26.9,   0.0,1538.9,621
:BI,-32768,-32768,-32768,-32768,V
:BS,-32768,-32768,-32768,V
:BE,-32768,-32768,-32768,V
:BD,        +0.00,        +0.00,        +0.00,   0.00,  6.85
:SA,   +0.00,   +0.00,  0.00
:TS,04010100140109,35.0, +26.9,   0.0,1538.9,627
:BI,-32768,-32768,-32768,-32768,V
:BS,-32768,-32768,-32768,V
:BE,-32768,-32768,-32768,V
:BD,        +0.00,        +0.00,        +0.00,   0.00,  6.94
:SA,   +0.00,   +0.00,  0.00
:TS,04010100140120,35.0, +26.9,   0.0,1538.9,628
:BI,-32768,-32768,-32768,-32768,V
:BS,-32768,-32768,-32768,V
:BE,-32768,-32768,-32768,V
:BD,        +0.00,        +0.00,        +0.00,   0.00,  7.05
:SA,   +0.00,   +0.00,  0.00
:TS,04010100140129,35.0, +26.9,   0.0,1538.9,622
:BI,-32768,-32768,-32768,-32768,V
:BS,-32768,-32768,-32768,V
:BE,-32768,-32768,-32768,V
:BD,        +0.00,        +0.00,        +0.00,   0.00,  7.14
:SA,   +0.00,   +0.00,  0.00
:TS,04010100140138,35.0, +26.9,   0.0,1538.9,623
:BI,-32768,-32768,-32768,-32768,V
:BS,-32768,-32768,-32768,V
:BE,-32768,-32768,-32768,V
:BD,        +0.00,        +0.00,        +0.00,   0.00,  7.23
:SA,   +0.00,   +0.00,  0.00
:TS,04010100140147,35.0, +26.9,   0.0,1538.9,624
:BI,-32768,-32768,-32768,-32768,V
:BS,-32768,-32768,-32768,V
:BE,-32768,-32768,-32768,V
:BD,        +0.00,        +0.00,        +0.00,   0.00,  7.32
:SA,   +0.00,   +0.00,  0.00
:TS,04010100140156,35.0, +26.9,   0.0,1538.9,621
:BI,-32768,-32768,-32768,-32768,V
:BS,-32768,-32768,-32768,V
:BE,-32768,-32768,-32768,V
:BD,        +0.00,        +0.00,        +0.00,   0.00,  7.41
:SA,   +0.00,   +0.00,  0.00
:TS,04010100140167,35.0, +26.9,   0.0,1538.9,627
:BI,-32768,-32768,-32768,-32768,V
:BS,-32768,-32768,-32768,V
:BE,-32768,-32768,-32768,V
:BD,        +0.00,        +0.00,        +0.00,   0.00,  7.52
:SA,   +0.00,   +0.00,  0.00
:TS,04010100140176,35.0, +26.9,   0.0,1538.9,628
:BI,-32768,-32768,-32768,-32768,V
:BS,-32768,-32768,-32768,V
:BE,-32768,-32768,-32768,V
:BD,        +0.00,        +0.00,        +0.00,   0.00,  7.61
:SA,   +0.00,   +0.00,  0.00
:TS,04010100140185,35.0, +26.9,   0.0,1538.9,622
:BI,-32768,-32768,-32768,-32768,V
:BS,-32768,-32768,-32768,V
:BE,-32768,-32768,-32768,V
:BD,        +0.00,        +0.00,        +0.00,   0.00,  7.70
:SA,   +0.00,   +0.00,  0.00
:TS,04010100140194,35.0, +26.9,   0.0,1538.9,623
:BI,-32768,-32768,-32768,-32768,V
:BS,-32768,-32768,-32768,V
:BE,-32768,-32768,-32768,V
:BD,        +0.00,        +0.00,        +0.00,   0.00,  7.79
:SA,   +0.00,   +0.00,  0.00
:TS,04010100140206,35.0, +26.9,   0.0,1538.9,624
:BI,-32768,-32768,-32768,-32768,V
:BS,-32768,-32768,-32768,V
:BE,-32768,-32768,-32768,V
:BD,        +0.00,        +0.00,        +0.00,   0.00,  7.91
:SA,   +0.00,   +0.00,  0.00
:TS,04010100140217,35.0, +26.9,   0.0,1538.9,621
:BI,-32768,-32768,-32768,-32768,V
:BS,-32768,-32768,-32768,V
:BE,-32768,-32768,-32768,V
:BD,        +0.00,        +0.00,        +0.00,   0.00,  8.02
:SA,   +0.00,   +0.00,  0.00
:TS,04010100140226,35.0, +26.9,   0.0,1538.9,627
:BI,-32768,-32768,-32768,-32768,V
:BS,-32768,-32768,-32768,V
:BE,-32768,-32768,-32768,V
:BD,        +0.00,        +0.00,        +0.00,   0.00,  8.11
:SA,   +0.00,   +0.00,  0.00
:TS,04010100140235,35.0, +26.9,   0.0,1538.9,628
:BI,-32768,-32768,-32768,-32768,V
:BS,-32768,-32768,-32768,V
:BE,-32768,-32768,-32768,V
:BD,        +0.00,        +0.00,        +0.00,   0.00,  8.20
:SA,   +0.00,   +0.00,  0.00
:TS,04010100140244,35.0, +26.9,   0.0,1538.9,622
:BI,-32768,-32768,-32768,-32768,V
:BS,-32768,-32768,-32768,V
:BE,-32768,-32768,-32768,V
:BD,        +0.00,        +0.00,        +0.00,   0.00,  8.29
:SA,   +0.00,   +0.00,  0.00
:TS,04010100140252,35.0, +26.9,   0.0,1538.9,623
:BI,-32768,-32768,-32768,-32768,V
:BS,-32768,-32768,-32768,V
:BE,-32768,-32768,-32768,V
:BD,        +0.00,        +0.00,        +0.00,   0.00,  8.37
:SA,   +0.00,   +0.00,  0.00
:TS,04010100140263,35.0, +26.9,   0.0,1538.9,624
:BI,-32768,-32768,-32768,-32768,V
:BS,-32768,-32768,-32768,V
:BE,-32768,-32768,-32768,V
:BD,        +0.00,        +0.00,        +0.00,   0.00,  8.48
:SA,   +0.00,   +0.00,  0.00
:TS,04010100140272,35.0, +26.9,   0.0,1538.9,621
:BI,-32768,-32768,-32768,-32768,V
:BS,-32768,-32768,-32768,V
:BE,-32768,-32768,-32768,V
:BD,        +0.00,        +0.00,        +0.00,   0.00,  8.57
:SA,   +0.00,   +0.00,  0.00
:TS,04010100140281,35.0, +26.9,   0.0,1538.9,627
:BI,-32768,-32768,-32768,-32768,V
:BS,-32768,-32768,-32768,V
:BE,-32768,-32768,-32768,V
:BD,        +0.00,        +0.00,        +0.00,   0.00,  8.66
:SA,   +0.00,   +0.00,  0.00
:TS,04010100140290,35.0, +26.9,   0.0,1538.9,628
:BI,-32768,-32768,-32768,-32768,V
:BS,-32768,-32768,-32768,V
:BE,-32768,-32768,-32768,V
:BD,        +0.00,        +0.00,        +0.00,   0.00,  8.75
:SA,   +0.00,   +0.00,  0.00
:TS,04010100140299,35.0, +26.9,   0.0,1538.9,622
:BI,-32768,-32768,-32768,-32768,V
:BS,-32768,-32768,-32768,V
:BE,-32768,-32768,-32768,V
:BD,        +0.00,        +0.00,        +0.00,   0.00,  8.84
:SA,   +0.00,   +0.00,  0.00
:TS,04010100140310,35.0, +26.9,   0.0,1538.9,623
:BI,-32768,-32768,-32768,-32768,V
:BS,-32768,-32768,-32768,V
:BE,-32768,-32768,-32768,V
:BD,        +0.00,        +0.00,        +0.00,   0.00,  8.95
:SA,   +0.00,   +0.00,  0.00
:TS,04010100140322,35.0, +26.9,   0.0,1538.9,624
:BI,-32768,-32768,-32768,-32768,V
:BS,-32768,-32768,-32768,V
:BE,-32768,-32768,-32768,V
:BD,        +0.00,        +0.00,        +0.00,   0.00,  9.07
:SA,   +0.00,   +0.00,  0.00
:TS,04010100140332,35.0, +26.9,   0.0,1538.9,621
:BI,-32768,-32768,-32768,-32768,V
:BS,-32768,-32768,-32768,V
:BE,-32768,-32768,-32768,V
:BD,        +0.00,        +0.00,        +0.00,   0.00,  9.17
:SA,   +0.00,   +0.00,  0.00
:TS,04010100140341,35.0, +26.9,   0.0,1538.9,627
:BI,-32768,-32768,-32768,-32768,V
:BS,-32768,-32768,-32768,V
:BE,-32768,-32768,-32768,V
:BD,        +0.00,        +0.00,        +0.00,   0.00,  9.26
:SA,   +0.00,   +0.00,  0.00
:TS,04010100140349,35.0, +26.9,   0.0,1538.9,628
:BI,-32768,-32768,-32768,-32768,V
:BS,-32768,-32768,-32768,V
:BE,-32768,-32768,-32768,V
:BD,        +0.00,        +0.00,        +0.00,   0.00,  9.34
:SA,   +0.00,   +0.00,  0.00
:TS,04010100140360,35.0, +26.9,   0.0,1538.9,622
:BI,-32768,-32768,-32768,-32768,V
:BS,-32768,-32768,-32768,V
:BE,-32768,-32768,-32768,V
:BD,        +0.00,        +0.00,        +0.00,   0.00,  9.45
:SA,   +0.00,   +0.00,  0.00
:TS,04010100140369,35.0, +26.9,   0.0,1538.9,623
:BI,-32768,-32768,-32768,-32768,V
:BS,-32768,-32768,-32768,V
:BE,-32768,-32768,-32768,V
:BD,        +0.00,        +0.00,        +0.00,   0.00,  9.54
:SA,   +0.00,   +0.00,  0.00
:TS,04010100140378,35.0, +26.9,   0.0,1538.9,624
:BI,-32768,-32768,-32768,-32768,V
:BS,-32768,-32768,-32768,V
:BE,-32768,-32768,-32768,V
:BD,        +0.00,        +0.00,        +0.00,   0.00,  9.63
:SA,   +0.00,   +0.00,  0.00
:TS,04010100140387,35.0, +26.9,   0.0,1538.9,621
:BI,-32768,-32768,-32768,-32768,V
:BS,-32768,-32768,-32768,V
:BE,-32768,-32768,-32768,V
:BD,        +0.00,        +0.00,        +0.00,   0.00,  9.72
:SA,   +0.00,   +0.00,  0.00
:TS,04010100140396,35.0, +26.9,   0.0,1538.9,627
:BI,-32768,-32768,-32768,-32768,V
:BS,-32768,-32768,-32768,V
:BE,-32768,-32768,-32768,V
:BD,        +0.00,        +0.00,        +0.00,   0.00,  9.81
:SA,   +0.00,   +0.00,  0.00
:TS,04010100140407,35.0, +26.9,   0.0,1538.9,628
:BI,-32768,-32768,-32768,-32768,V
:BS,-32768,-32768,-32768,V
:BE,-32768,-32768,-32768,V
:BD,        +0.00,        +0.00,        +0.00,   0.00,  9.92
:SA,   +0.00,   +0.00,  0.00
:TS,04010100140416,35.0, +26.9,   0.0,1538.9,622
:BI,-32768,-32768,-32768,-32768,V
:BS,-32768,-32768,-32768,V
:BE,-32768,-32768,-32768,V
:BD,        +0.00,        +0.00,        +0.00,   0.00, 10.01
:SA,   +0.00,   +0.00,  0.00
:TS,04010100140425,35.0, +26.9,   0.0,1538.9,623
:BI,-32768,-32768,-32768,-32768,V
:BS,-32768,-32768,-32768,V
:BE,-32768,-32768,-32768,V
:BD,        +0.00,        +0.00,        +0.00,   0.00, 10.10
:SA,   +0.00,   +0.00,  0.00
:TS,04010100140437,35.0, +26.9,   0.0,1538.9,624
:BI,-32768,-32768,-32768,-32768,V
:BS,-32768,-32768,-32768,V
:BE,-32768,-32768,-32768,V
:BD,        +0.00,        +0.00,        +0.00,   0.00, 10.22
:SA,   +0.00,   +0.00,  0.00
:TS,04010100140447,35.0, +26.9,   0.0,1538.9,621
:BI,-32768,-32768,-32768,-32768,V
:BS,-32768,-32768,-32768,V
:BE,-32768,-32768,-32768,V
:BD,        +0.00,        +0.00,        +0.00,   0.00, 10.32
:SA,   +0.00,   +0.00,  0.00
:TS,04010100140457,35.0, +26.9,   0.0,1538.9,627
:BI,-32768,-32768,-32768,-32768,V
:BS,-32768,-32768,-32768,V
:BE,-32768,-32768,-32768,V
:BD,        +0.00,        +0.00,        +0.00,   0.00, 10.42
:SA,   +0.00,   +0.00,  0.00
:TS,04010100140466,35.0, +26.9,   0.0,1538.9,628
:BI,-32768,-32768,-32768,-32768,V
:BS,-32768,-32768,-32768,V
:BE,-32768,-32768,-32768,V
:BD,        +0.00,        +0.00,        +0.00,   0.00, 10.51
:SA,   +0.00,   +0.00,  0.00
:TS,04010100140475,35.0, +26.9,   0.0,1538.9,622
:BI,-32768,-32768,-32768,-32768,V
:BS,-32768,-32768,-32768,V
:BE,-32768,-32768,-32768,V
:BD,        +0.00,        +0.00,        +0.00,   0.00, 10.60
:SA,   +0.00,   +0.00,  0.00
:TS,04010100140484,35.0, +26.9,   0.0,1538.9,623
:BI,-32768,-32768,-32768,-32768,V
:BS,-32768,-32768,-32768,V
:BE,-32768,-32768,-32768,V
:BD,        +0.00,        +0.00,        +0.00,   0.00, 10.69
:SA,   +0.00,   +0.00,  0.00
:TS,04010100140492,35.0, +26.9,   0.0,1538.9,624
:BI,-32768,-32768,-32768,-32768,V
:BS,-32768,-32768,-32768,V
:BE,-32768,-32768,-32768,V
:BD,        +0.00,        +0.00,        +0.00,   0.00, 10.77
:SA,   +0.00,   +0.00,  0.00
:TS,04010100140503,35.0, +26.9,   0.0,1538.9,621
:BI,-32768,-32768,-32768,-32768,V
:BS,-32768,-32768,-32768,V
:BE,-32768,-32768,-32768,V
:BD,        +0.00,        +0.00,        +0.00,   0.00, 10.88
:SA,   +0.00,   +0.00,  0.00
:TS,04010100140512,35.0, +26.9,   0.0,1538.9,627
:BI,-32768,-32768,-32768,-32768,V
:BS,-32768,-32768,-32768,V
:BE,-32768,-32768,-32768,V
:BD,        +0.00,        +0.00,        +0.00,   0.00, 10.97
:SA,   +0.00,   +0.00,  0.00
:TS,04010100140521,35.0, +26.9,   0.0,1538.9,628
:BI,-32768,-32768,-32768,-32768,V
:BS,-32768,-32768,-32768,V
:BE,-32768,-32768,-32768,V
:BD,        +0.00,        +0.00,        +0.00,   0.00, 11.06
:SA,   +0.00,   +0.00,  0.00
:TS,04010100140530,35.0, +26.9,   0.0,1538.9,622
:BI,-32768,-32768,-32768,-32768,V
:BS,-32768,-32768,-32768,V
:BE,-32768,-32768,-32768,V
:BD,        +0.00,        +0.00,        +0.00,   0.00, 11.15
:SA,   +0.00,   +0.00,  0.00
:TS,04010100140539,35.0, +26.9,   0.0,1538.9,623
:BI,-32768,-32768,-32768,-32768,V
:BS,-32768,-32768,-32768,V
:BE,-32768,-32768,-32768,V
:BD,        +0.00,        +0.00,        +0.00,   0.00, 11.24
:SA,   +0.00,   +0.00,  0.00
:TS,04010100140553,35.0, +26.9,   0.0,1538.9,624
:BI,-32768,-32768,-32768,-32768,V
:BS,-32768,-32768,-32768,V
:BE,-32768,-32768,-32768,V
:BD,        +0.00,        +0.00,        +0.00,   0.00, 11.38
:SA,   +0.00,   +0.00,  0.00
:TS,04010100140563,35.0, +26.9,   0.0,1538.9,621
:BI,-32768,-32768,-32768,-32768,V
:BS,-32768,-32768,-32768,V
:BE,-32768,-32768,-32768,V
:BD,        +0.00,        +0.00,        +0.00,   0.00, 11.48
:SA,   +0.00,   +0.00,  0.00
:TS,04010100140572,35.0, +26.9,   0.0,1538.9,627
:BI,-32768,-32768,-32768,-32768,V
:BS,-32768,-32768,-32768,V
:BE,-32768,-32768,-32768,V
:BD,        +0.00,        +0.00,        +0.00,   0.00, 11.57
:SA,   +0.00,   +0.00,  0.00
:TS,04010100140581,35.0, +26.9,   0.0,1538.9,628
:BI,-32768,-32768,-32768,-32768,V
:BS,-32768,-32768,-32768,V
:BE,-32768,-32768,-32768,V
:BD,        +0.00,        +0.00,        +0.00,   0.00, 11.66
:SA,   +0.00,   +0.00,  0.00
:TS,04010100140589,35.0, +26.9,   0.0,1538.9,622
:BI,-32768,-32768,-32768,-32768,V
:BS,-32768,-32768,-32768,V
:BE,-32768,-32768,-32768,V
:BD,        +0.00,        +0.00,        +0.00,   0.00, 11.74
:SA,   +0.00,   +0.00,  0.00
:TS,04010100140599,35.0, +26.9,   0.0,1538.9,623
:BI,-32768,-32768,-32768,-32768,V
:BS,-32768,-32768,-32768,V
:BE,-32768,-32768,-32768,V
:BD,        +0.00,        +0.00,        +0.00,   0.00, 11.84
:SA,   +0.00,   +0.00,  0.00
:TS,04010100140608,35.0, +26.9,   0.0,1538.9,624
:BI,-32768,-32768,-32768,-32768,V
:BS,-32768,-32768,-32768,V
:BE,-32768,-32768,-32768,V
:BD,        +0.00,        +0.00,        +0.00,   0.00, 11.93
:SA,   +0.00,   +0.00,  0.00
:TS,04010100140617,35.0, +26.9,   0.0,1538.9,621
:BI,-32768,-32768,-32768,-32768,V
:BS,-32768,-32768,-32768,V
:BE,-32768,-32768,-32768,V
:BD,        +0.00,        +0.00,        +0.00,   0.00, 12.02
:SA,   +0.00,   +0.00,  0.00
:TS,04010100140626,35.0, +26.9,   0.0,1538.9,627
:BI,-32768,-32768,-32768,-32768,V
:BS,-32768,-32768,-32768,V
:BE,-32768,-32768,-32768,V
:BD,        +0.00,        +0.00,        +0.00,   0.00, 12.11
:SA,   +0.00,   +0.00,  0.00
:TS,04010100140635,35.0, +26.9,   0.0,1538.9,628
:BI,-32768,-32768,-32768,-32768,V
:BS,-32768,-32768,-32768,V
:BE,-32768,-32768,-32768,V
:BD,        +0.00,        +0.00,        +0.00,   0.00, 12.20
:SA,   +0.00,   +0.00,  0.00
:TS,04010100140646,35.0, +26.9,   0.0,1538.9,622
:BI,-32768,-32768,-32768,-32768,V
:BS,-32768,-32768,-32768,V
:BE,-32768,-32768,-32768,V
:BD,        +0.00,        +0.00,        +0.00,   0.00, 12.31
:SA,   +0.00,   +0.00,  0.00
:TS,04010100140655,35.0, +26.9,   0.0,1538.9,623
:BI,-32768,-32768,-32768,-32768,V
:BS,-32768,-32768,-32768,V
:BE,-32768,-32768,-32768,V
:BD,        +0.00,        +0.00,        +0.00,   0.00, 12.40
:SA,   +0.00,   +0.00,  0.00
:TS,04010100140666,35.0, +26.9,   0.0,1538.9,624
:BI,-32768,-32768,-32768,-32768,V
:BS,-32768,-32768,-32768,V
:BE,-32768,-32768,-32768,V
:BD,        +0.00,        +0.00,        +0.00,   0.00, 12.51
:SA,   +0.00,   +0.00,  0.00
:TS,04010100140676,35.0, +26.9,   0.0,1538.9,621
:BI,-32768,-32768,-32768,-32768,V
:BS,-32768,-32768,-32768,V
:BE,-32768,-32768,-32768,V
:BD,        +0.00,        +0.00,        +0.00,   0.00, 12.61
:SA,   +0.00,   +0.00,  0.00
:TS,04010100140685,35.0, +26.9,   0.0,1538.9,627
:BI,-32768,-32768,-32768,-32768,V
:BS,-32768,-32768,-32768,V
:BE,-32768,-32768,-32768,V
:BD,        +0.00,        +0.00,        +0.00,   0.00, 12.70
:SA,   +0.00,   +0.00,  0.00
:TS,04010100140695,35.0, +26.9,   0.0,1538.9,628
:BI,-32768,-32768,-32768,-32768,V
:BS,-32768,-32768,-32768,V
:BE,-32768,-32768,-32768,V
:BD,        +0.00,        +0.00,        +0.00,   0.00, 12.80
:SA,   +0.00,   +0.00,  0.00
:TS,04010100140704,35.0, +26.9,   0.0,1538.9,622
:BI,-32768,-32768,-32768,-32768,V
:BS,-32768,-32768,-32768,V
:BE,-32768,-32768,-32768,V
:BD,        +0.00,        +0.00,        +0.00,   0.00, 12.89
:SA,   +0.00,   +0.00,  0.00
:TS,04010100140713,35.0, +26.9,   0.0,1538.9,623
:BI,-32768,-32768,-32768,-32768,V
:BS,-32768,-32768,-32768,V
:BE,-32768,-32768,-32768,V
:BD,        +0.00,        +0.00,        +0.00,   0.00, 12.98
:SA,   +0.00,   +0.00,  0.00
:TS,04010100140722,35.0, +26.9,   0.0,1538.9,624
:BI,-32768,-32768,-32768,-32768,V
:BS,-32768,-32768,-32768,V
:BE,-32768,-32768,-32768,V
:BD,        +0.00,        +0.00,        +0.00,   0.00, 13.07
:SA,   +0.00,   +0.00,  0.00
:TS,04010100140731,35.0, +26.9,   0.0,1538.9,621
:BI,-32768,-32768,-32768,-32768,V
:BS,-32768,-32768,-32768,V
:BE,-32768,-32768,-32768,V
:BD,        +0.00,        +0.00,        +0.00,   0.00, 13.16
:SA,   +0.00,   +0.00,  0.00
:TS,04010100140742,35.0, +26.9,   0.0,1538.9,627
:BI,-32768,-32768,-32768,-32768,V
:BS,-32768,-32768,-32768,V
:BE,-32768,-32768,-32768,V
:BD,        +0.00,        +0.00,        +0.00,   0.00, 13.27
:SA,   +0.00,   +0.00,  0.00
:TS,04010100140751,35.0, +26.9,   0.0,1538.9,628
:BI,-32768,-32768,-32768,-32768,V
:BS,-32768,-32768,-32768,V
:BE,-32768,-32768,-32768,V
:BD,        +0.00,        +0.00,        +0.00,   0.00, 13.36
:SA,   +0.00,   +0.00,  0.00
:TS,04010100140760,35.0, +26.9,   0.0,1538.9,622
:BI,-32768,-32768,-32768,-32768,V
:BS,-32768,-32768,-32768,V
:BE,-32768,-32768,-32768,V
:BD,        +0.00,        +0.00,        +0.00,   0.00, 13.45
:SA,   +0.00,   +0.00,  0.00
:TS,04010100140769,35.0, +26.9,   0.0,1538.9,623
:BI,-32768,-32768,-32768,-32768,V
:BS,-32768,-32768,-32768,V
:BE,-32768,-32768,-32768,V
:BD,        +0.00,        +0.00,        +0.00,   0.00, 13.54
:SA,   +0.00,   +0.00,  0.00
:TS,04010100140781,35.0, +26.9,   0.0,1538.9,624
:BI,-32768,-32768,-32768,-32768,V
:BS,-32768,-32768,-32768,V
:BE,-32768,-32768,-32768,V
:BD,        +0.00,        +0.00,        +0.00,   0.00, 13.66
:SA,   +0.00,   +0.00,  0.00
:TS,04010100140792,35.0, +26.9,   0.0,1538.9,621
:BI,-32768,-32768,-32768,-32768,V
:BS,-32768,-32768,-32768,V
:BE,-32768,-32768,-32768,V
:BD,        +0.00,        +0.00,        +0.00,   0.00, 13.77
:SA,   +0.00,   +0.00,  0.00
:TS,04010100140801,35.0, +26.9,   0.0,1538.9,627
:BI,-32768,-32768,-32768,-32768,V
:BS,-32768,-32768,-32768,V
:BE,-32768,-32768,-32768,V
:BD,        +0.00,        +0.00,        +0.00,   0.00, 13.86
:SA,   +0.00,   +0.00,  0.00
:TS,04010100140810,35.0, +26.9,   0.0,1538.9,628
:BI,-32768,-32768,-32768,-32768,V
:BS,-32768,-32768,-32768,V
:BE,-32768,-32768,-32768,V
:BD,        +0.00,        +0.00,        +0.00,   0.00, 13.95
:SA,   +0.00,   +0.00,  0.00
:TS,04010100140819,35.0, +26.9,   0.0,1538.9,622
:BI,-32768,-32768,-32768,-32768,V
:BS,-32768,-32768,-32768,V
:BE,-32768,-32768,-32768,V
:BD,        +0.00,        +0.00,        +0.00,   0.00, 14.04
:SA,   +0.00,   +0.00,  0.00
:TS,04010100140828,35.0, +26.9,   0.0,1538.9,623
:BI,-32768,-32768,-32768,-32768,V
:BS,-32768,-32768,-32768,V
:BE,-32768,-32768,-32768,V
:BD,        +0.00,        +0.00,        +0.00,   0.00, 14.13
:SA,   +0.00,   +0.00,  0.00
:TS,04010100140839,35.0, +26.9,   0.0,1538.9,624
:BI,-32768,-32768,-32768,-32768,V
:BS,-32768,-32768,-32768,V
:BE,-32768,-32768,-32768,V
:BD,        +0.00,        +0.00,        +0.00,   0.00, 14.24
:SA,   +0.00,   +0.00,  0.00
:TS,04010100140848,35.0, +26.9,   0.0,1538.9,621
:BI,-32768,-32768,-32768,-32768,V
:BS,-32768,-32768,-32768,V
:BE,-32768,-32768,-32768,V
:BD,        +0.00,        +0.00,        +0.00,   0.00, 14.33
:SA,   +0.00,   +0.00,  0.00
:TS,04010100140857,35.0, +26.9,   0.0,1538.9,627
:BI,-32768,-32768,-32768,-32768,V
:BS,-32768,-32768,-32768,V
:BE,-32768,-32768,-32768,V
:BD,        +0.00,        +0.00,        +0.00,   0.00, 14.42
:SA,   +0.00,   +0.00,  0.00
:TS,04010100140866,35.0, +26.9,   0.0,1538.9,628
:BI,-32768,-32768,-32768,-32768,V
:BS,-32768,-32768,-32768,V
:BE,-32768,-32768,-32768,V
:BD,        +0.00,        +0.00,        +0.00,   0.00, 14.51
:SA,   +0.00,   +0.00,  0.00
:TS,04010100140875,35.0, +26.9,   0.0,1538.9,622
:BI,-32768,-32768,-32768,-32768,V
:BS,-32768,-32768,-32768,V
:BE,-32768,-32768,-32768,V
:BD,        +0.00,        +0.00,        +0.00,   0.00, 14.60
:SA,   +0.00,   +0.00,  0.00
:TS,04010100140886,35.0, +26.9,   0.0,1538.9,623
:BI,-32768,-32768,-32768,-32768,V
:BS,-32768,-32768,-32768,V
:BE,-32768,-32768,-32768,V
:BD,        +0.00,        +0.00,        +0.00,   0.00, 14.71
:SA,   +0.00,   +0.00,  0.00
:TS,04010100140897,35.0, +26.9,   0.0,1538.9,624
:BI,-32768,-32768,-32768,-32768,V
:BS,-32768,-32768,-32768,V
:BE,-32768,-32768,-32768,V
:BD,        +0.00,        +0.00,        +0.00,   0.00, 14.82
:SA,   +0.00,   +0.00,  0.00
:TS,04010100140908,35.0, +26.9,   0.0,1538.9,621
:BI,-32768,-32768,-32768,-32768,V
:BS,-32768,-32768,-32768,V
:BE,-32768,-32768,-32768,V
:BD,        +0.00,        +0.00,        +0.00,   0.00, 14.93
:SA,   +0.00,   +0.00,  0.00
:TS,04010100140916,35.0, +26.9,   0.0,1538.9,627
:BI,-32768,-32768,-32768,-32768,V
:BS,-32768,-32768,-32768,V
:BE,-32768,-32768,-32768,V
:BD,        +0.00,        +0.00,        +0.00,   0.00, 15.01
:SA,   +0.00,   +0.00,  0.00
:TS,04010100140924,35.0, +26.9,   0.0,1538.9,628
:BI,-32768,-32768,-32768,-32768,V
:BS,-32768,-32768,-32768,V
:BE,-32768,-32768,-32768,V
:BD,        +0.00,        +0.00,        +0.00,   0.00, 15.09
:SA,   +0.00,   +0.00,  0.00
:TS,04010100140935,35.0, +26.9,   0.0,1538.9,622
:BI,-32768,-32768,-32768,-32768,V
:BS,-32768,-32768,-32768,V
:BE,-32768,-32768,-32768,V
:BD,        +0.00,        +0.00,        +0.00,   0.00, 15.20
:SA,   +0.00,   +0.00,  0.00
:TS,04010100140944,35.0, +26.9,   0.0,1538.9,623
:BI,-32768,-32768,-32768,-32768,V
:BS,-32768,-32768,-32768,V
:BE,-32768,-32768,-32768,V
:BD,        +0.00,        +0.00,        +0.00,   0.00, 15.29
:SA,   +0.00,   +0.00,  0.00
:TS,04010100140953,35.0, +26.9,   0.0,1538.9,624
:BI,-32768,-32768,-32768,-32768,V
:BS,-32768,-32768,-32768,V
:BE,-32768,-32768,-32768,V
:BD,        +0.00,        +0.00,        +0.00,   0.00, 15.38
:SA,   +0.00,   +0.00,  0.00
:TS,04010100140962,35.0, +26.9,   0.0,1538.9,621
:BI,-32768,-32768,-32768,-32768,V
:BS,-32768,-32768,-32768,V
:BE,-32768,-32768,-32768,V
:BD,        +0.00,        +0.00,        +0.00,   0.00, 15.47
:SA,   +0.00,   +0.00,  0.00
:TS,04010100140971,35.0, +26.9,   0.0,1538.9,627
:BI,-32768,-32768,-32768,-32768,V
:BS,-32768,-32768,-32768,V
:BE,-32768,-32768,-32768,V
:BD,        +0.00,        +0.00,        +0.00,   0.00, 15.56
:SA,   +0.00,   +0.00,  0.00
:TS,04010100140982,35.0, +26.9,   0.0,1538.9,628
:BI,-32768,-32768,-32768,-32768,V
:BS,-32768,-32768,-32768,V
:BE,-32768,-32768,-32768,V
:BD,        +0.00,        +0.00,        +0.00,   0.00, 15.67
:SA,   +0.00,   +0.00,  0.00
:TS,04010100140991,35.0, +26.9,   0.0,1538.9,622
:BI,-32768,-32768,-32768,-32768,V
:BS,-32768,-32768,-32768,V
:BE,-32768,-32768,-32768,V
:BD,        +0.00,        +0.00,        +0.00,   0.00, 15.76
:SA,   +0.00,   +0.00,  0.00
:TS,04010100141000,35.0, +26.9,   0.0,1538.9,623
:BI,-32768,-32768,-32768,-32768,V
:BS,-32768,-32768,-32768,V
:BE,-32768,-32768,-32768,V
:BD,        +0.00,        +0.00,        +0.00,   0.00, 15.85
:SA,   +0.00,   +0.00,  0.00
:TS,04010100141012,35.0, +26.9,   0.0,1538.9,624
:BI,-32768,-32768,-32768,-32768,V
:BS,-32768,-32768,-32768,V
:BE,-32768,-32768,-32768,V
:BD,        +0.00,        +0.00,        +0.00,   0.00, 15.97
:SA,   +0.00,   +0.00,  0.00
:TS,04010100141021,35.0, +26.9,   0.0,1538.9,621
:BI,-32768,-32768,-32768,-32768,V
:BS,-32768,-32768,-32768,V
:BE,-32768,-32768,-32768,V
:BD,        +0.00,        +0.00,        +0.00,   0.00, 16.06
:SA,   +0.00,   +0.00,  0.00
:TS,04010100141032,35.0, +26.9,   0.0,1538.9,627
:BI,-32768,-32768,-32768,-32768,V
:BS,-32768,-32768,-32768,V
:BE,-32768,-32768,-32768,V
:BD,        +0.00,        +0.00,        +0.00,   0.00, 16.17
:SA,   +0.00,   +0.00,  0.00
:TS,04010100141041,35.0, +26.9,   0.0,1538.9,628
:BI,-32768,-32768,-32768,-32768,V
:BS,-32768,-32768,-32768,V
:BE,-32768,-32768,-32768,V
:BD,        +0.00,        +0.00,        +0.00,   0.00, 16.26
:SA,   +0.00,   +0.00,  0.00
:TS,04010100141050,35.0, +26.9,   0.0,1538.9,622
:BI,-32768,-32768,-32768,-32768,V
:BS,-32768,-32768,-32768,V
:BE,-32768,-32768,-32768,V
:BD,        +0.00,        +0.00,        +0.00,   0.00, 16.35
:SA,   +0.00,   +0.00,  0.00
:TS,04010100141059,35.0, +26.9,   0.0,1538.9,623
:BI,-32768,-32768,-32768,-32768,V
:BS,-32768,-32768,-32768,V
:BE,-32768,-32768,-32768,V
:BD,        +0.00,        +0.00,        +0.00,   0.00, 16.44
:SA,   +0.00,   +0.00,  0.00
:TS,04010100141067,35.0, +26.9,   0.0,1538.9,624
:BI,-32768,-32768,-32768,-32768,V
:BS,-32768,-32768,-32768,V
:BE,-32768,-32768,-32768,V
:BD,        +0.00,        +0.00,        +0.00,   0.00, 16.52
:SA,   +0.00,   +0.00,  0.00
:TS,04010100141078,35.0, +26.9,   0.0,1538.9,621
:BI,-32768,-32768,-32768,-32768,V
:BS,-32768,-32768,-32768,V
:BE,-32768,-32768,-32768,V
:BD,        +0.00,        +0.00,        +0.00,   0.00, 16.63
:SA,   +0.00,   +0.00,  0.00
:TS,04010100141087,35.0, +26.9,   0.0,1538.9,627
:BI,-32768,-32768,-32768,-32768,V
:BS,-32768,-32768,-32768,V
:BE,-32768,-32768,-32768,V
:BD,        +0.00,        +0.00,        +0.00,   0.00, 16.72
:SA,   +0.00,   +0.00,  0.00
:TS,04010100141096,35.0, +26.9,   0.0,1538.9,628
:BI,-32768,-32768,-32768,-32768,V
:BS,-32768,-32768,-32768,V
:BE,-32768,-32768,-32768,V
:BD,        +0.00,        +0.00,        +0.00,   0.00, 16.81
:SA,   +0.00,   +0.00,  0.00
:TS,04010100141105,35.0, +26.9,   0.0,1538.9,622
:BI,-32768,-32768,-32768,-32768,V
:BS,-32768,-32768,-32768,V
:BE,-32768,-32768,-32768,V
:BD,        +0.00,        +0.00,        +0.00,   0.00, 16.90
:SA,   +0.00,   +0.00,  0.00
:TS,04010100141114,35.0, +26.9,   0.0,1538.9,623
:BI,-32768,-32768,-32768,-32768,V
:BS,-32768,-32768,-32768,V
:BE,-32768,-32768,-32768,V
:BD,        +0.00,        +0.00,        +0.00,   0.00, 16.99
:SA,   +0.00,   +0.00,  0.00
:TS,04010100141128,35.0, +26.9,   0.0,1538.9,624
:BI,-32768,-32768,-32768,-32768,V
:BS,-32768,-32768,-32768,V
:BE,-32768,-32768,-32768,V
:BD,        +0.00,        +0.00,        +0.00,   0.00, 17.13
:SA,   +0.00,   +0.00,  0.00
:TS,04010100141138,35.0, +26.9,   0.0,1538.9,621
:BI,-32768,-32768,-32768,-32768,V
:BS,-32768,-32768,-32768,V
:BE,-32768,-32768,-32768,V
:BD,        +0.00,        +0.00,        +0.00,   0.00, 17.23
:SA,   +0.00,   +0.00,  0.00
:TS,04010100141147,35.0, +26.9,   0.0,1538.9,627
:BI,-32768,-32768,-32768,-32768,V
:BS,-32768,-32768,-32768,V
:BE,-32768,-32768,-32768,V
:BD,        +0.00,        +0.00,        +0.00,   0.00, 17.32
:SA,   +0.00,   +0.00,  0.00
:TS,04010100141156,35.0, +26.9,   0.0,1538.9,628
:BI,-32768,-32768,-32768,-32768,V
:BS,-32768,-32768,-32768,V
:BE,-32768,-32768,-32768,V
:BD,        +0.00,        +0.00,        +0.00,   0.00, 17.41
:SA,   +0.00,   +0.00,  0.00
:TS,04010100141164,35.0, +26.9,   0.0,1538.9,622
:BI,-32768,-32768,-32768,-32768,V
:BS,-32768,-32768,-32768,V
:BE,-32768,-32768,-32768,V
:BD,        +0.00,        +0.00,        +0.00,   0.00, 17.49
:SA,   +0.00,   +0.00,  0.00
:TS,04010100141174,35.0, +26.9,   0.0,1538.9,623
:BI,-32768,-32768,-32768,-32768,V
:BS,-32768,-32768,-32768,V
:BE,-32768,-32768,-32768,V
:BD,        +0.00,        +0.00,        +0.00,   0.00, 17.59
:SA,   +0.00,   +0.00,  0.00
:TS,04010100141183,35.0, +26.9,   0.0,1538.9,624
:BI,-32768,-32768,-32768,-32768,V
:BS,-32768,-32768,-32768,V
:BE,-32768,-32768,-32768,V
:BD,        +0.00,        +0.00,        +0.00,   0.00, 17.68
:SA,   +0.00,   +0.00,  0.00
:TS,04010100141192,35.0, +26.9,   0.0,1538.9,621
:BI,-32768,-32768,-32768,-32768,V
:BS,-32768,-32768,-32768,V
:BE,-32768,-32768,-32768,V
:BD,        +0.00,        +0.00,        +0.00,   0.00, 17.77
:SA,   +0.00,   +0.00,  0.00
:TS,04010100141201,35.0, +26.9,   0.0,1538.9,627
:BI,-32768,-32768,-32768,-32768,V
:BS,-32768,-32768,-32768,V
:BE,-32768,-32768,-32768,V
:BD,        +0.00,        +0.00,        +0.00,   0.00, 17.86
:SA,   +0.00,   +0.00,  0.00
:TS,04010100141210,35.0, +26.9,   0.0,1538.9,628
:BI,-32768,-32768,-32768,-32768,V
:BS,-32768,-32768,-32768,V
:BE,-32768,-32768,-32768,V
:BD,        +0.00,        +0.00,        +0.00,   0.00, 17.95
:SA,   +0.00,   +0.00,  0.00
:TS,04010100141221,35.0, +26.9,   0.0,1538.9,622
:BI,-32768,-32768,-32768,-32768,V
:BS,-32768,-32768,-32768,V
:BE,-32768,-32768,-32768,V
:BD,        +0.00,        +0.00,        +0.00,   0.00, 18.06
:SA,   +0.00,   +0.00,  0.00
:TS,04010100141230,35.0, +26.9,   0.0,1538.9,623
:BI,-32768,-32768,-32768,-32768,V
:BS,-32768,-32768,-32768,V
:BE,-32768,-32768,-32768,V
:BD,        +0.00,        +0.00,        +0.00,   0.00, 18.15
:SA,   +0.00,   +0.00,  0.00
:TS,04010100141241,35.0, +26.9,   0.0,1538.9,624
:BI,-32768,-32768,-32768,-32768,V
:BS,-32768,-32768,-32768,V
:BE,-32768,-32768,-32768,V
:BD,        +0.00,        +0.00,        +0.00,   0.00, 18.26
:SA,   +0.00,   +0.00,  0.00
:TS,04010100141251,35.0, +26.9,   0.0,1538.9,621
:BI,-32768,-32768,-32768,-32768,V
:BS,-32768,-32768,-32768,V
:BE,-32768,-32768,-32768,V
:BD,        +0.00,        +0.00,        +0.00,   0.00, 18.36
:SA,   +0.00,   +0.00,  0.00
:TS,04010100141260,35.0, +26.9,   0.0,1538.9,627
:BI,-32768,-32768,-32768,-32768,V
:BS,-32768,-32768,-32768,V
:BE,-32768,-32768,-32768,V
:BD,        +0.00,        +0.00,        +0.00,   0.00, 18.45
:SA,   +0.00,   +0.00,  0.00
:TS,04010100141271,35.0, +26.9,   0.0,1538.9,628
:BI,-32768,-32768,-32768,-32768,V
:BS,-32768,-32768,-32768,V
:BE,-32768,-32768,-32768,V
:BD,        +0.00,        +0.00,        +0.00,   0.00, 18.56
:SA,   +0.00,   +0.00,  0.00
:TS,04010100141280,35.0, +26.9,   0.0,1538.9,622
:BI,-32768,-32768,-32768,-32768,V
:BS,-32768,-32768,-32768,V
:BE,-32768,-32768,-32768,V
:BD,        +0.00,        +0.00,        +0.00,   0.00, 18.65
:SA,   +0.00,   +0.00,  0.00
:TS,04010100141289,35.0, +26.9,   0.0,1538.9,623
:BI,-32768,-32768,-32768,-32768,V
:BS,-32768,-32768,-32768,V
:BE,-32768,-32768,-32768,V
:BD,        +0.00,        +0.00,        +0.00,   0.00, 18.74
:SA,   +0.00,   +0.00,  0.00
:TS,04010100141298,35.0, +26.9,   0.0,1538.9,624
:BI,-32768,-32768,-32768,-32768,V
:BS,-32768,-32768,-32768,V
:BE,-32768,-32768,-32768,V
:BD,        +0.00,        +0.00,        +0.00,   0.00, 18.83
:SA,   +0.00,   +0.00,  0.00
:TS,04010100141307,35.0, +26.9,   0.0,1538.9,621
:BI,-32768,-32768,-32768,-32768,V
:BS,-32768,-32768,-32768,V
:BE,-32768,-32768,-32768,V
:BD,        +0.00,        +0.00,        +0.00,   0.00, 18.92
:SA,   +0.00,   +0.00,  0.00
:TS,04010100141317,35.0, +26.9,   0.0,1538.9,627
:BI,-32768,-32768,-32768,-32768,V
:BS,-32768,-32768,-32768,V
:BE,-32768,-32768,-32768,V
:BD,        +0.00,        +0.00,        +0.00,   0.00, 19.02
:SA,   +0.00,   +0.00,  0.00
:TS,04010100141326,35.0, +26.9,   0.0,1538.9,628
:BI,-32768,-32768,-32768,-32768,V
:BS,-32768,-32768,-32768,V
:BE,-32768,-32768,-32768,V
:BD,        +0.00,        +0.00,        +0.00,   0.00, 19.11
:SA,   +0.00,   +0.00,  0.00
:TS,04010100141335,35.0, +26.9,   0.0,1538.9,622
:BI,-32768,-32768,-32768,-32768,V
:BS,-32768,-32768,-32768,V
:BE,-32768,-32768,-32768,V
:BD,        +0.00,        +0.00,        +0.00,   0.00, 19.20
:SA,   +0.00,   +0.00,  0.00
:TS,04010100141344,35.0, +26.9,   0.0,1538.9,623
:BI,-32768,-32768,-32768,-32768,V
:BS,-32768,-32768,-32768,V
:BE,-32768,-32768,-32768,V
:BD,        +0.00,        +0.00,        +0.00,   0.00, 19.29
:SA,   +0.00,   +0.00,  0.00
:TS,04010100141356,35.0, +26.9,   0.0,1538.9,624
:BI,-32768,-32768,-32768,-32768,V
:BS,-32768,-32768,-32768,V
:BE,-32768,-32768,-32768,V
:BD,        +0.00,        +0.00,        +0.00,   0.00, 19.41
:SA,   +0.00,   +0.00,  0.00
:TS,04010100141367,35.0, +26.9,   0.0,1538.9,621
:BI,-32768,-32768,-32768,-32768,V
:BS,-32768,-32768,-32768,V
:BE,-32768,-32768,-32768,V
:BD,        +0.00,        +0.00,        +0.00,   0.00, 19.52
:SA,   +0.00,   +0.00,  0.00
:TS,04010100141376,35.0, +26.9,   0.0,1538.9,627
:BI,-32768,-32768,-32768,-32768,V
:BS,-32768,-32768,-32768,V
:BE,-32768,-32768,-32768,V
:BD,        +0.00,        +0.00,        +0.00,   0.00, 19.61
:SA,   +0.00,   +0.00,  0.00
:TS,04010100141385,35.0, +26.9,   0.0,1538.9,628
:BI,-32768,-32768,-32768,-32768,V
:BS,-32768,-32768,-32768,V
:BE,-32768,-32768,-32768,V
:BD,        +0.00,        +0.00,        +0.00,   0.00, 19.70
:SA,   +0.00,   +0.00,  0.00
:TS,04010100141394,35.0, +26.9,   0.0,1538.9,622
:BI,-32768,-32768,-32768,-32768,V
:BS,-32768,-32768,-32768,V
:BE,-32768,-32768,-32768,V
:BD,        +0.00,        +0.00,        +0.00,   0.00, 19.79
:SA,   +0.00,   +0.00,  0.00
:TS,04010100141403,35.0, +26.9,   0.0,1538.9,623
:BI,-32768,-32768,-32768,-32768,V
:BS,-32768,-32768,-32768,V
:BE,-32768,-32768,-32768,V
:BD,        +0.00,        +0.00,        +0.00,   0.00, 19.88
:SA,   +0.00,   +0.00,  0.00
:TS,04010100141414,35.0, +26.9,   0.0,1538.9,624
:BI,-32768,-32768,-32768,-32768,V
:BS,-32768,-32768,-32768,V
:BE,-32768,-32768,-32768,V
:BD,        +0.00,        +0.00,        +0.00,   0.00, 19.99
:SA,   +0.00,   +0.00,  0.00
:TS,04010100141423,35.0, +26.9,   0.0,1538.9,621
:BI,-32768,-32768,-32768,-32768,V
:BS,-32768,-32768,-32768,V
:BE,-32768,-32768,-32768,V
:BD,        +0.00,        +0.00,        +0.00,   0.00, 20.08
:SA,   +0.00,   +0.00,  0.00
:TS,04010100141432,35.0, +26.9,   0.0,1538.9,627
:BI,-32768,-32768,-32768,-32768,V
:BS,-32768,-32768,-32768,V
:BE,-32768,-32768,-32768,V
:BD,        +0.00,        +0.00,        +0.00,   0.00, 20.17
:SA,   +0.00,   +0.00,  0.00
:TS,04010100141441,35.0, +26.9,   0.0,1538.9,628
:BI,-32768,-32768,-32768,-32768,V
:BS,-32768,-32768,-32768,V
:BE,-32768,-32768,-32768,V
:BD,        +0.00,        +0.00,        +0.00,   0.00, 20.26
:SA,   +0.00,   +0.00,  0.00
:TS,04010100141450,35.0, +26.9,   0.0,1538.9,622
:BI,-32768,-32768,-32768,-32768,V
:BS,-32768,-32768,-32768,V
:BE,-32768,-32768,-32768,V
:BD,        +0.00,        +0.00,        +0.00,   0.00, 20.35
:SA,   +0.00,   +0.00,  0.00
:TS,04010100141461,35.0, +26.9,   0.0,1538.9,623
:BI,-32768,-32768,-32768,-32768,V
:BS,-32768,-32768,-32768,V
:BE,-32768,-32768,-32768,V
:BD,        +0.00,        +0.00,        +0.00,   0.00, 20.46
:SA,   +0.00,   +0.00,  0.00
:TS,04010100141472,35.0, +26.9,   0.0,1538.9,624
:BI,-32768,-32768,-32768,-32768,V
:BS,-32768,-32768,-32768,V
:BE,-32768,-32768,-32768,V
:BD,        +0.00,        +0.00,        +0.00,   0.00, 20.57
:SA,   +0.00,   +0.00,  0.00
:TS,04010100141483,35.0, +26.9,   0.0,1538.9,621
:BI,-32768,-32768,-32768,-32768,V
:BS,-32768,-32768,-32768,V
:BE,-32768,-32768,-32768,V
:BD,        +0.00,        +0.00,        +0.00,   0.00, 20.68
:SA,   +0.00,   +0.00,  0.00
:TS,04010100141491,35.0, +26.9,   0.0,1538.9,627
:BI,-32768,-32768,-32768,-32768,V
:BS,-32768,-32768,-32768,V
:BE,-32768,-32768,-32768,V
:BD,        +0.00,        +0.00,        +0.00,   0.00, 20.76
:SA,   +0.00,   +0.00,  0.00
:TS,04010100141499,35.0, +26.9,   0.0,1538.9,628
:BI,-32768,-32768,-32768,-32768,V
:BS,-32768,-32768,-32768,V
:BE,-32768,-32768,-32768,V
:BD,        +0.00,        +0.00,        +0.00,   0.00, 20.84
:SA,   +0.00,   +0.00,  0.00
:TS,04010100141509,35.0, +26.9,   0.0,1538.9,622
:BI,-32768,-32768,-32768,-32768,V
:BS,-32768,-32768,-32768,V
:BE,-32768,-32768,-32768,V
:BD,        +0.00,        +0.00,        +0.00,   0.00, 20.94
:SA,   +0.00,   +0.00,  0.00
:TS,04010100141518,35.0, +26.9,   0.0,1538.9,623
:BI,-32768,-32768,-32768,-32768,V
:BS,-32768,-32768,-32768,V
:BE,-32768,-32768,-32768,V
:BD,        +0.00,        +0.00,        +0.00,   0.00, 21.03
:SA,   +0.00,   +0.00,  0.00
:TS,04010100141527,35.0, +26.9,   0.0,1538.9,624
:BI,-32768,-32768,-32768,-32768,V
:BS,-32768,-32768,-32768,V
:BE,-32768,-32768,-32768,V
:BD,        +0.00,        +0.00,        +0.00,   0.00, 21.12
:SA,   +0.00,   +0.00,  0.00
:TS,04010100141536,35.0, +26.9,   0.0,1538.9,621
:BI,-32768,-32768,-32768,-32768,V
:BS,-32768,-32768,-32768,V
:BE,-32768,-32768,-32768,V
:BD,        +0.00,        +0.00,        +0.00,   0.00, 21.21
:SA,   +0.00,   +0.00,  0.00
:TS,04010100141544,35.0, +26.9,   0.0,1538.9,627
:BI,-32768,-32768,-32768,-32768,V
:BS,-32768,-32768,-32768,V
:BE,-32768,-32768,-32768,V
:BD,        +0.00,        +0.00,        +0.00,   0.00, 21.29
:SA,   +0.00,   +0.00,  0.00
:TS,04010100141554,35.0, +26.9,   0.0,1538.9,628
:BI,-32768,-32768,-32768,-32768,V
:BS,-32768,-32768,-32768,V
:BE,-32768,-32768,-32768,V
:BD,        +0.00,        +0.00,        +0.00,   0.00, 21.39
:SA,   +0.00,   +0.00,  0.00
:TS,04010100141563,35.0, +26.9,   0.0,1538.9,622
:BI,-32768,-32768,-32768,-32768,V
:BS,-32768,-32768,-32768,V
:BE,-32768,-32768,-32768,V
:BD,        +0.00,        +0.00,        +0.00,   0.00, 21.48
:SA,   +0.00,   +0.00,  0.00
:TS,04010100141572,35.0, +26.9,   0.0,1538.9,623
:BI,-32768,-32768,-32768,-32768,V
:BS,-32768,-32768,-32768,V
:BE,-32768,-32768,-32768,V
:BD,        +0.00,        +0.00,        +0.00,   0.00, 21.57
:SA,   +0.00,   +0.00,  0.00
:TS,04010100141581,35.0, +26.9,   0.0,1538.9,624
:BI,-32768,-32768,-32768,-32768,V
:BS,-32768,-32768,-32768,V
:BE,-32768,-32768,-32768,V
:BD,        +0.00,        +0.00,        +0.00,   0.00, 21.66
:SA,   +0.00,   +0.00,  0.00
:TS,04010100141593,35.0, +26.9,   0.0,1538.9,621
:BI,-32768,-32768,-32768,-32768,V
:BS,-32768,-32768,-32768,V
:BE,-32768,-32768,-32768,V
:BD,        +0.00,        +0.00,        +0.00,   0.00, 21.78
:SA,   +0.00,   +0.00,  0.00
:TS,04010100141604,35.0, +26.9,   0.0,1538.9,627
:BI,-32768,-32768,-32768,-32768,V
:BS,-32768,-32768,-32768,V
:BE,-32768,-32768,-32768,V
:BD,        +0.00,        +0.00,        +0.00,   0.00, 21.89
:SA,   +0.00,   +0.00,  0.00
:TS,04010100141613,35.0, +26.9,   0.0,1538.9,628
:BI,-32768,-32768,-32768,-32768,V
:BS,-32768,-32768,-32768,V
:BE,-32768,-32768,-32768,V
:BD,        +0.00,        +0.00,        +0.00,   0.00, 21.98
:SA,   +0.00,   +0.00,  0.00
:TS,04010100141622,35.0, +26.9,   0.0,1538.9,622
:BI,-32768,-32768,-32768,-32768,V
:BS,-32768,-32768,-32768,V
:BE,-32768,-32768,-32768,V
:BD,        +0.00,        +0.00,        +0.00,   0.00, 22.07
:SA,   +0.00,   +0.00,  0.00
:TS,04010100141631,35.0, +26.9,   0.0,1538.9,623
:BI,-32768,-32768,-32768,-32768,V
:BS,-32768,-32768,-32768,V
:BE,-32768,-32768,-32768,V
:BD,        +0.00,        +0.00,        +0.00,   0.00, 22.16
:SA,   +0.00,   +0.00,  0.00
:TS,04010100141640,35.0, +26.9,   0.0,1538.9,624
:BI,-32768,-32768,-32768,-32768,V
:BS,-32768,-32768,-32768,V
:BE,-32768,-32768,-32768,V
:BD,        +0.00,        +0.00,        +0.00,   0.00, 22.25
:SA,   +0.00,   +0.00,  0.00
:TS,04010100141651,35.0, +26.9,   0.0,1538.9,621
:BI,-32768,-32768,-32768,-32768,V
:BS,-32768,-32768,-32768,V
:BE,-32768,-32768,-32768,V
:BD,        +0.00,        +0.00,        +0.00,   0.00, 22.36
:SA,   +0.00,   +0.00,  0.00
:TS,04010100141660,35.0, +26.9,   0.0,1538.9,627
:BI,-32768,-32768,-32768,-32768,V
:BS,-32768,-32768,-32768,V
:BE,-32768,-32768,-32768,V
:BD,        +0.00,        +0.00,        +0.00,   0.00, 22.45
:SA,   +0.00,   +0.00,  0.00
:TS,04010100141669,35.0, +26.9,   0.0,1538.9,628
:BI,-32768,-32768,-32768,-32768,V
:BS,-32768,-32768,-32768,V
:BE,-32768,-32768,-32768,V
:BD,        +0.00,        +0.00,        +0.00,   0.00, 22.54
:SA,   +0.00,   +0.00,  0.00
:TS,04010100141678,35.0, +26.9,   0.0,1538.9,622
:BI,-32768,-32768,-32768,-32768,V
:BS,-32768,-32768,-32768,V
:BE,-32768,-32768,-32768,V
:BD,        +0.00,        +0.00,        +0.00,   0.00, 22.63
:SA,   +0.00,   +0.00,  0.00
:TS,04010100141686,35.0, +26.9,   0.0,1538.9,623
:BI,-32768,-32768,-32768,-32768,V
:BS,-32768,-32768,-32768,V
:BE,-32768,-32768,-32768,V
:BD,        +0.00,        +0.00,        +0.00,   0.00, 22.71
:SA,   +0.00,   +0.00,  0.00
:TS,04010100141697,35.0, +26.9,   0.0,1538.9,624
:BI,-32768,-32768,-32768,-32768,V
:BS,-32768,-32768,-32768,V
:BE,-32768,-32768,-32768,V
:BD,        +0.00,        +0.00,        +0.00,   0.00, 22.82
:SA,   +0.00,   +0.00,  0.00
:TS,04010100141709,35.0, +26.9,   0.0,1538.9,621
:BI,-32768,-32768,-32768,-32768,V
:BS,-32768,-32768,-32768,V
:BE,-32768,-32768,-32768,V
:BD,        +0.00,        +0.00,        +0.00,   0.00, 22.94
:SA,   +0.00,   +0.00,  0.00
:TS,04010100141719,35.0, +26.9,   0.0,1538.9,627
:BI,-32768,-32768,-32768,-32768,V
:BS,-32768,-32768,-32768,V
:BE,-32768,-32768,-32768,V
:BD,        +0.00,        +0.00,        +0.00,   0.00, 23.04
:SA,   +0.00,   +0.00,  0.00
:TS,04010100141728,35.0, +26.9,   0.0,1538.9,628
:BI,-32768,-32768,-32768,-32768,V
:BS,-32768,-32768,-32768,V
:BE,-32768,-32768,-32768,V
:BD,        +0.00,        +0.00,        +0.00,   0.00, 23.13
:SA,   +0.00,   +0.00,  0.00
:TS,04010100141736,35.0, +26.9,   0.0,1538.9,622
:BI,-32768,-32768,-32768,-32768,V
:BS,-32768,-32768,-32768,V
:BE,-32768,-32768,-32768,V
:BD,        +0.00,        +0.00,        +0.00,   0.00, 23.21
:SA,   +0.00,   +0.00,  0.00
:TS,04010100141747,35.0, +26.9,   0.0,1538.9,623
:BI,-32768,-32768,-32768,-32768,V
:BS,-32768,-32768,-32768,V
:BE,-32768,-32768,-32768,V
:BD,        +0.00,        +0.00,        +0.00,   0.00, 23.32
:SA,   +0.00,   +0.00,  0.00
:TS,04010100141756,35.0, +26.9,   0.0,1538.9,624
:BI,-32768,-32768,-32768,-32768,V
:BS,-32768,-32768,-32768,V
:BE,-32768,-32768,-32768,V
:BD,        +0.00,        +0.00,        +0.00,   0.00, 23.41
:SA,   +0.00,   +0.00,  0.00
:TS,04010100141765,35.0, +26.9,   0.0,1538.9,621
:BI,-32768,-32768,-32768,-32768,V
:BS,-32768,-32768,-32768,V
:BE,-32768,-32768,-32768,V
:BD,        +0.00,        +0.00,        +0.00,   0.00, 23.50
:SA,   +0.00,   +0.00,  0.00
:TS,04010100141774,35.0, +26.9,   0.0,1538.9,627
:BI,-32768,-32768,-32768,-32768,V
:BS,-32768,-32768,-32768,V
:BE,-32768,-32768,-32768,V
:BD,        +0.00,        +0.00,        +0.00,   0.00, 23.59
:SA,   +0.00,   +0.00,  0.00
:TS,04010100141783,35.0, +26.9,   0.0,1538.9,628
:BI,-32768,-32768,-32768,-32768,V
:BS,-32768,-32768,-32768,V
:BE,-32768,-32768,-32768,V
:BD,        +0.00,        +0.00,        +0.00,   0.00, 23.68
:SA,   +0.00,   +0.00,  0.00
:TS,04010100141794,35.0, +26.9,   0.0,1538.9,622
:BI,-32768,-32768,-32768,-32768,V
:BS,-32768,-32768,-32768,V
:BE,-32768,-32768,-32768,V
:BD,        +0.00,        +0.00,        +0.00,   0.00, 23.79
:SA,   +0.00,   +0.00,  0.00
:TS,04010100141803,35.0, +26.9,   0.0,1538.9,623
:BI,-32768,-32768,-32768,-32768,V
:BS,-32768,-32768,-32768,V
:BE,-32768,-32768,-32768,V
:BD,        +0.00,        +0.00,        +0.00,   0.00, 23.88
:SA,   +0.00,   +0.00,  0.00
:TS,04010100141812,35.0, +26.9,   0.0,1538.9,624
:BI,-32768,-32768,-32768,-32768,V
:BS,-32768,-32768,-32768,V
:BE,-32768,-32768,-32768,V
:BD,        +0.00,        +0.00,        +0.00,   0.00, 23.97
:SA,   +0.00,   +0.00,  0.00
:TS,04010100141824,35.0, +26.9,   0.0,1538.9,621
:BI,-32768,-32768,-32768,-32768,V
:BS,-32768,-32768,-32768,V
:BE,-32768,-32768,-32768,V
:BD,        +0.00,        +0.00,        +0.00,   0.00, 24.09
:SA,   +0.00,   +0.00,  0.00
:TS,04010100141833,35.0, +26.9,   0.0,1538.9,627
:BI,-32768,-32768,-32768,-32768,V
:BS,-32768,-32768,-32768,V
:BE,-32768,-32768,-32768,V
:BD,        +0.00,        +0.00,        +0.00,   0.00, 24.18
:SA,   +0.00,   +0.00,  0.00
:TS,04010100141844,35.0, +26.9,   0.0,1538.9,628
:BI,-32768,-32768,-32768,-32768,V
:BS,-32768,-32768,-32768,V
:BE,-32768,-32768,-32768,V
:BD,        +0.00,        +0.00,        +0.00,   0.00, 24.29
:SA,   +0.00,   +0.00,  0.00
:TS,04010100141853,35.0, +26.9,   0.0,1538.9,622
:BI,-32768,-32768,-32768,-32768,V
:BS,-32768,-32768,-32768,V
:BE,-32768,-32768,-32768,V
:BD,        +0.00,        +0.00,        +0.00,   0.00, 24.38
:SA,   +0.00,   +0.00,  0.00
:TS,04010100141862,35.0, +26.9,   0.0,1538.9,623
:BI,-32768,-32768,-32768,-32768,V
:BS,-32768,-32768,-32768,V
:BE,-32768,-32768,-32768,V
:BD,        +0.00,        +0.00,        +0.00,   0.00, 24.47
:SA,   +0.00,   +0.00,  0.00
:TS,04010100141871,35.0, +26.9,   0.0,1538.9,624
:BI,-32768,-32768,-32768,-32768,V
:BS,-32768,-32768,-32768,V
:BE,-32768,-32768,-32768,V
:BD,        +0.00,        +0.00,        +0.00,   0.00, 24.56
:SA,   +0.00,   +0.00,  0.00
:TS,04010100141879,35.0, +26.9,   0.0,1538.9,621
:BI,-32768,-32768,-32768,-32768,V
:BS,-32768,-32768,-32768,V
:BE,-32768,-32768,-32768,V
:BD,        +0.00,        +0.00,        +0.00,   0.00, 24.64
:SA,   +0.00,   +0.00,  0.00
:TS,04010100141890,35.0, +26.9,   0.0,1538.9,627
:BI,-32768,-32768,-32768,-32768,V
:BS,-32768,-32768,-32768,V
:BE,-32768,-32768,-32768,V
:BD,        +0.00,        +0.00,        +0.00,   0.00, 24.75
:SA,   +0.00,   +0.00,  0.00
:TS,04010100141899,35.0, +26.9,   0.0,1538.9,628
:BI,-32768,-32768,-32768,-32768,V
:BS,-32768,-32768,-32768,V
:BE,-32768,-32768,-32768,V
:BD,        +0.00,        +0.00,        +0.00,   0.00, 24.84
:SA,   +0.00,   +0.00,  0.00
:TS,04010100141908,35.0, +26.9,   0.0,1538.9,622
:BI,-32768,-32768,-32768,-32768,V
:BS,-32768,-32768,-32768,V
:BE,-32768,-32768,-32768,V
:BD,        +0.00,        +0.00,        +0.00,   0.00, 24.93
:SA,   +0.00,   +0.00,  0.00
:TS,04010100141917,35.0, +26.9,   0.0,1538.9,623
:BI,-32768,-32768,-32768,-32768,V
:BS,-32768,-32768,-32768,V
:BE,-32768,-32768,-32768,V
:BD,        +0.00,        +0.00,        +0.00,   0.00, 25.02
:SA,   +0.00,   +0.00,  0.00
:TS,04010100141926,35.0, +26.9,   0.0,1538.9,624
:BI,-32768,-32768,-32768,-32768,V
:BS,-32768,-32768,-32768,V
:BE,-32768,-32768,-32768,V
:BD,        +0.00,        +0.00,        +0.00,   0.00, 25.11
:SA,   +0.00,   +0.00,  0.00
:TS,04010100141940,35.0, +26.9,   0.0,1538.9,621
:BI,-32768,-32768,-32768,-32768,V
:BS,-32768,-32768,-32768,V
:BE,-32768,-32768,-32768,V
:BD,        +0.00,        +0.00,        +0.00,   0.00, 25.25
:SA,   +0.00,   +0.00,  0.00
:TS,04010100141951,35.0, +26.9,   0.0,1538.9,627
:BI,-32768,-32768,-32768,-32768,V
:BS,-32768,-32768,-32768,V
:BE,-32768,-32768,-32768,V
:BD,        +0.00,        +0.00,        +0.00,   0.00, 25.36
:SA,   +0.00,   +0.00,  0.00
:TS,04010100141960,35.0, +26.9,   0.0,1538.9,628
:BI,-32768,-32768,-32768,-32768,V
:BS,-32768,-32768,-32768,V
:BE,-32768,-32768,-32768,V
:BD,        +0.00,        +0.00,        +0.00,   0.00, 25.45
:SA,   +0.00,   +0.00,  0.00
:TS,04010100141969,35.0, +26.9,   0.0,1538.9,622
:BI,-32768,-32768,-32768,-32768,V
:BS,-32768,-32768,-32768,V
:BE,-32768,-32768,-32768,V
:BD,        +0.00,        +0.00,        +0.00,   0.00, 25.54
:SA,   +0.00,   +0.00,  0.00
:TS,04010100141977,35.0, +26.9,   0.0,1538.9,623
:BI,-32768,-32768,-32768,-32768,V
:BS,-32768,-32768,-32768,V
:BE,-32768,-32768,-32768,V
:BD,        +0.00,        +0.00,        +0.00,   0.00, 25.62
:SA,   +0.00,   +0.00,  0.00
:TS,04010100141987,35.0, +26.9,   0.0,1538.9,624
:BI,-32768,-32768,-32768,-32768,V
:BS,-32768,-32768,-32768,V
:BE,-32768,-32768,-32768,V
:BD,        +0.00,        +0.00,        +0.00,   0.00, 25.72
:SA,   +0.00,   +0.00,  0.00
:TS,04010100141996,35.0, +26.9,   0.0,1538.9,621
:BI,-32768,-32768,-32768,-32768,V
:BS,-32768,-32768,-32768,V
:BE,-32768,-32768,-32768,V
:BD,        +0.00,        +0.00,        +0.00,   0.00, 25.81
:SA,   +0.00,   +0.00,  0.00
:TS,04010100142005,35.0, +26.9,   0.0,1538.9,627
:BI,-32768,-32768,-32768,-32768,V
:BS,-32768,-32768,-32768,V
:BE,-32768,-32768,-32768,V
:BD,        +0.00,        +0.00,        +0.00,   0.00, 25.90
:SA,   +0.00,   +0.00,  0.00
:TS,04010100142014,35.0, +26.9,   0.0,1538.9,628
:BI,-32768,-32768,-32768,-32768,V
:BS,-32768,-32768,-32768,V
:BE,-32768,-32768,-32768,V
:BD,        +0.00,        +0.00,        +0.00,   0.00, 25.99
:SA,   +0.00,   +0.00,  0.00
:TS,04010100142023,35.0, +26.9,   0.0,1538.9,622
:BI,-32768,-32768,-32768,-32768,V
:BS,-32768,-32768,-32768,V
:BE,-32768,-32768,-32768,V
:BD,        +0.00,        +0.00,        +0.00,   0.00, 26.08
:SA,   +0.00,   +0.00,  0.00
:TS,04010100142034,35.0, +26.9,   0.0,1538.9,623
:BI,-32768,-32768,-32768,-32768,V
:BS,-32768,-32768,-32768,V
:BE,-32768,-32768,-32768,V
:BD,        +0.00,        +0.00,        +0.00,   0.00, 26.19
:SA,   +0.00,   +0.00,  0.00
:TS,04010100142043,35.0, +26.9,   0.0,1538.9,624
:BI,-32768,-32768,-32768,-32768,V
:BS,-32768,-32768,-32768,V
:BE,-32768,-32768,-32768,V
:BD,        +0.00,        +0.00,        +0.00,   0.00, 26.28
:SA,   +0.00,   +0.00,  0.00
:TS,04010100142054,35.0, +26.9,   0.0,1538.9,621
