>BP001
>BX00060
>EA09000
>ES35
>TE00:00:00.00
>TP00:00.00
>PD6
>CK
[Parameters saved as USER defaults]

>CS
:SA,   +0.00,   +0.00,  0.00
:TS,04010101155620,35.0, +21.0,   0.0,1524.2,621
:BI,-32768,-32768,-32768,-32768,V
:BS,-32768,-32768,-32768,V
:BE,-32768,-32768,-32768,V
:BD,        +0.00,        +0.00,        +0.00,   0.00,  0.00
:SA,   +0.00,   +0.00,  0.00
:TS,04010101155630,35.0, +21.0,   0.0,1524.2,627
:BI,-32768,-32768,-32768,-32768,V
:BS,-32768,-32768,-32768,V
:BE,-32768,-32768,-32768,V
:BD,        +0.00,        +0.00,        +0.00,   0.00,  0.10
:SA,   +0.00,   +0.00,  0.00
:TS,04010101155639,35.0, +21.0,   0.0,1524.2,628
:BI,-32768,-32768,-32768,-32768,V
:BS,-32768,-32768,-32768,V
:BE,-32768,-32768,-32768,V
:BD,        +0.00,        +0.00,        +0.00,   0.00,  0.19
:SA,   +0.00,   +0.00,  0.00
:TS,04010101155647,35.0, +21.0,   0.0,1524.2,622
:BI,-32768,-32768,-32768,-32768,V
:BS,-32768,-32768,-32768,V
:BE,-32768,-32768,-32768,V
:BD,        +0.00,        +0.00,        +0.00,   4.62,  0.27
:SA,   +0.00,   +0.00,  0.00
:TS,04010101155657,35.0, +21.0,   0.0,1524.2,623
:BI,   +11,    +1,   +10,    +4,A
:BS,    +1,   -11,   +10,A
:BE,    +1,   -11,   +10,A
:BD,        +0.00,        +0.00,        +0.00,   4.71,  0.27
:SA,   +0.00,   +0.00,  0.00
:TS,04010101155667,35.0, +21.0,   0.0,1524.2,624
:BI,   +13,   -21,   +26,    -4,A
:BS,   -21,   -13,   +26,A
:BE,   -21,   -13,   +26,A
:BD,       -0.00,       -0.00,        +0.00,   4.66,  0.00
:SA,   +0.00,   +0.00,  0.00
:TS,04010101155677,35.0, +21.0,   0.0,1524.2,621
:BI,   +11,   -22,   +40,    +2,A
:BS,   -22,   -11,   +40,A
:BE,   -22,   -11,   +40,A
:BD,       -0.00,       -0.00,        +0.00,   4.68,  0.00
:SA,   +0.00,   +0.00,  0.00
:TS,04010101155686,35.0, +21.0,   0.0,1524.2,627
:BI,   +13,   -30,   +48,    +0,A
:BS,   -30,   -13,   +48,A
:BE,   -30,   -13,   +48,A
:BD,       -0.00,       -0.00,        +0.01,   4.68,  0.00
:SA,   +0.00,   +0.00,  0.00
:TS,04010101155695,35.0, +21.0,   0.0,1524.2,628
:BI,    +4,   -22,   +46,    +7,A
:BS,   -22,    -4,   +46,A
:BE,   -22,    -4,   +46,A
:BD,       -0.00,       -0.00,        +0.01,   4.68,  0.00
:SA,   +0.00,   +0.00,  0.00
:TS,04010101155704,35.0, +21.0,   0.0,1524.2,622
:BI,   +14,   -36,   +39,    -4,A
:BS,   -36,   -14,   +39,A
:BE,   -36,   -14,   +39,A
:BD,       -0.01,       -0.01,        +0.01,   4.68,  0.00
:SA,   +0.00,   +0.00,  0.00
:TS,04010101155713,35.0, +21.0,   0.0,1524.2,623
:BI,    +4,   -30,   +32,    -4,A
:BS,   -30,    -4,   +32,A
:BE,   -30,    -4,   +32,A
:BD,       -0.01,       -0.01,        +0.01,   4.68,  0.00
:SA,   +0.00,   +0.00,  0.00
:TS,04010101155724,35.0, +30.9,   0.0,1547.5,624
:BI,   -14,   -13,   +16,   +22,A
:BS,   -13,   +14,   +16,A
:BE,   -13,   +14,   +16,A
:BD,       -0.01,       -0.01,        +0.02,   4.71,  0.00
:SA,   +0.00,   +0.00,  0.00
:TS,04010101155735,35.0, +30.9,   0.0,1547.5,621
:BI,   -33,    -6,    +3,   +30,A
:BS,    -6,   +33,    +3,A
:BE,    -6,   +33,    +3,A
:BD,       -0.01,       -0.01,        +0.02,   4.71,  0.00
:SA,   +0.00,   +0.00,  0.00
:TS,04010101155745,35.0, +30.9,   0.0,1547.5,627
:BI,   -24,   -20,   -11,   +17,A
:BS,   -20,   +24,   -11,A
:BE,   -20,   +24,   -11,A
:BD,       -0.01,       -0.00,        +0.02,   4.71,  0.00
:SA,   +0.00,   +0.00,  0.00
:TS,04010101155755,35.0, +30.9,   0.0,1547.5,628
:BI,    -4,   -12,   -24,   +14,A
:BS,   -12,    +4,   -24,A
:BE,   -12,    +4,   -24,A
:BD,       -0.02,       -0.00,        +0.02,   4.73,  0.00
:SA,   +0.00,   +0.00,  0.00
:TS,04010101155764,35.0, +30.9,   0.0,1547.5,622
:BI,    -9,    -2,   -27,    +3,A
:BS,    -2,    +9,   -27,A
:BE,    -2,    +9,   -27,A
:BD,       -0.02,       -0.00,        +0.02,   4.67,  0.00
:SA,   +0.00,   +0.00,  0.00
:TS,04010101155773,35.0, +30.9,   0.0,1547.5,623
:BI,    +9,   -18,   -43,    -4,A
:BS,   -18,    -9,   -43,A
:BE,   -18,    -9,   -43,A
:BD,       -0.02,       -0.00,        +0.02,   4.69,  0.00
:SA,   +0.00,   +0.00,  0.00
:TS,04010101155782,35.0, +30.9,   0.0,1547.5,624
:BI,   +22,   -30,   -47,    -3,A
:BS,   -30,   -22,   -47,A
:BE,   -30,   -22,   -47,A
:BD,       -0.02,       -0.00,        +0.02,   4.71,  0.00
:SA,   +0.00,   +0.00,  0.00
:TS,04010101155791,35.0, +30.9,   0.0,1547.5,621
:BI,    +3,   -26,   -41,    -2,A
:BS,   -26,    -3,   -41,A
:BE,   -26,    -3,   -41,A
:BD,       -0.02,       -0.00,        +0.02,   4.71,  0.00
:SA,   +0.00,   +0.00,  0.00
:TS,04010101155800,35.0, +30.9,   0.0,1547.5,627
:BI,    +1,   -35,   -33,    -2,A
:BS,   -35,    -1,   -33,A
:BE,   -35,    -1,   -33,A
:BD,       -0.02,       -0.00,        +0.01,   4.69,  0.00
:SA,   +0.00,   +0.00,  0.00
:TS,04010101155809,35.0, +30.9,   0.0,1547.5,628
:BI,    -3,    +0,   -29,   +14,A
:BS,    +0,    +3,   -29,A
:BE,    +0,    +3,   -29,A
:BD,       -0.03,       -0.00,        +0.01,   4.67,  0.00
:SA,   +0.00,   +0.00,  0.00
:TS,04010101155817,35.0, +30.9,   0.0,1547.5,622
:BI,   -24,   -30,   -16,   +20,A
:BS,   -30,   +24,   -16,A
:BE,   -30,   +24,   -16,A
:BD,       -0.03,       -0.00,        +0.01,   4.69,  0.00
:SA,   +0.00,   +0.00,  0.00
:TS,04010101155827,35.0, +30.9,   0.0,1547.5,623
:BI,    -8,   -22,    -3,    +3,A
:BS,   -22,    +8,    -3,A
:BE,   -22,    +8,    -3,A
:BD,       -0.03,       -0.00,        +0.01,   4.69,  0.00
:SA,   +0.00,   +0.00,  0.00
:TS,04010101155838,35.0, +31.0,   0.0,1547.6,624
:BI,   +13,    +0,   +13,    +5,A
:BS,    +0,   -13,   +13,A
:BE,    +0,   -13,   +13,A
:BD,       -0.03,       -0.00,        +0.01,   4.69,  0.00
:SA,   +0.00,   +0.00,  0.00
:TS,04010101155849,35.0, +31.0,   0.0,1547.6,621
:BI,   +13,    -2,   +31,   +13,A
:BS,    -2,   -13,   +31,A
:BE,    -2,   -13,   +31,A
:BD,       -0.03,       -0.00,        +0.01,   4.71,  0.00
:SA,   +0.00,   +0.00,  0.00
:TS,04010101155859,35.0, +31.0,   0.0,1547.6,627
:BI,    -2,    +0,   +37,    +5,A
:BS,    +0,    +2,   +37,A
:BE,    +0,    +2,   +37,A
:BD,       -0.03,       -0.00,        +0.01,   4.71,  0.00
:SA,   +0.00,   +0.00,  0.00
:TS,04010101155868,35.0, +31.0,   0.0,1547.6,628
:BI,   -14,   -23,   +50,   +13,A
:BS,   -23,   +14,   +50,A
:BE,   -23,   +14,   +50,A
:BD,       -0.03,       -0.00,        +0.01,   4.67,  0.00
:SA,   +0.00,   +0.00,  0.00
:TS,04010101155877,35.0, +31.0,   0.0,1547.6,622
:BI,   -13,    -9,   +40,   +24,A
:BS,    -9,   +13,   +40,A
:BE,    -9,   +13,   +40,A
:BD,       -0.04,       -0.00,        +0.01,   4.66,  0.00
:SA,   +0.00,   +0.00,  0.00
:TS,04010101155886,35.0, +31.0,   0.0,1547.6,623
:BI,   -17,    +0,   +26,   +26,A
:BS,    +0,   +17,   +26,A
:BE,    +0,   +17,   +26,A
:BD,       -0.04,       -0.00,        +0.01,   4.67,  0.00
:SA,   +0.00,   +0.00,  0.00
:TS,04010101155895,35.0, +31.0,   0.0,1547.6,624
:BI,    +0,   -38,   +14,    -4,A
:BS,   -38,    +0,   +14,A
:BE,   -38,    +0,   +14,A
:BD,       -0.04,       -0.00,        +0.02,   4.71,  0.00
:SA,   +0.00,   +0.00,  0.00
:TS,04010101155904,35.0, +31.0,   0.0,1547.6,621
:BI,   -10,   -31,    +2,   +13,A
:BS,   -31,   +10,    +2,A
:BE,   -31,   +10,    +2,A
:BD,       -0.04,        +0.00,        +0.02,   4.71,  0.00
:SA,   +0.00,   +0.00,  0.00
:TS,04010101155913,35.0, +31.0,   0.0,1547.6,627
:BI,   -11,   -36,   -14,    +0,A
:BS,   -36,   +11,   -14,A
:BE,   -36,   +11,   -14,A
:BD,       -0.04,        +0.00,        +0.02,   4.71,  0.00
:SA,   +0.00,   +0.00,  0.00
:TS,04010101155922,35.0, +31.0,   0.0,1547.6,628
:BI,   -15,   -28,   -23,    -4,A
:BS,   -28,   +15,   -23,A
:BE,   -28,   +15,   -23,A
:BD,       -0.04,        +0.00,        +0.02,   4.69,  0.00
:SA,   +0.00,   +0.00,  0.00
:TS,04010101155931,35.0, +31.0,   0.0,1547.6,622
:BI,   -24,   -19,   -24,    +2,A
:BS,   -19,   +24,   -24,A
:BE,   -19,   +24,   -24,A
:BD,       -0.05,        +0.00,        +0.02,   4.71,  0.00
:SA,   +0.00,   +0.00,  0.00
:TS,04010101155940,35.0, +31.0,   0.0,1547.6,623
:BI,    -8,    -5,   -21,   +18,A
:BS,    -5,    +8,   -21,A
:BE,    -5,    +8,   -21,A
:BD,       -0.05,        +0.00,        +0.02,   4.71,  0.00
:SA,   +0.00,   +0.00,  0.00
:TS,04010101155951,35.0, +31.0,   0.0,1547.6,624
:BI,    +0,    +0,   -10,   +18,A
:BS,    +0,    +0,   -10,A
:BE,    +0,    +0,   -10,A
:BD,       -0.05,        +0.00,        +0.02,   4.74,  0.00
:SA,   +0.00,   +0.00,  0.00
:TS,04010101155962,35.0, +31.0,   0.0,1547.6,621
:BI,    +5,    +5,    -3,    -1,A
:BS,    +5,    -5,    -3,A
:BE,    +5,    -5,    -3,A
:BD,       -0.05,        +0.01,        +0.01,   4.74,  0.00
:SA,   +0.00,   +0.00,  0.00
:TS,04010101155971,35.0, +31.0,   0.0,1547.6,627
:BI,    +2,    -3,   +12,    -1,A
:BS,    -3,    -2,   +12,A
:BE,    -3,    -2,   +12,A
:BD,       -0.05,        +0.01,        +0.01,   4.67,  0.00
:SA,   +0.00,   +0.00,  0.00
:TS,04010101155980,35.0, +31.0,   0.0,1547.6,628
:BI,    +0,   -17,   +23,   -10,A
:BS,   -17,    +0,   +23,A
:BE,   -17,    +0,   +23,A
:BD,       -0.05,        +0.01,        +0.01,   4.67,  0.00
:SA,   +0.00,   +0.00,  0.00
:TS,04010101155989,35.0, +31.0,   0.0,1547.6,622
:BI,    +6,   -23,   +27,   -11,A
:BS,   -23,    -6,   +27,A
:BE,   -23,    -6,   +27,A
:BD,       -0.05,        +0.01,        +0.02,   4.69,  0.00
:SA,   +0.00,   +0.00,  0.00
:TS,04010101155998,35.0, +31.0,   0.0,1547.6,623
:BI,    +0,   -14,   +27,   +10,A
:BS,   -14,    +0,   +27,A
:BE,   -14,    +0,   +27,A
:BD,       -0.05,        +0.01,        +0.02,   4.73,  0.00
:SA,   +0.00,   +0.00,  0.00
:TS,04010101160007,35.0, +31.0,   0.0,1547.6,624
:BI,    +8,   -28,   +21,    +0,A
:BS,   -28,    -8,   +21,A
:BE,   -28,    -8,   +21,A
:BD,       -0.06,        +0.01,        +0.02,   4.74,  0.00
:SA,   +0.00,   +0.00,  0.00
:TS,04010101160016,35.0, +31.0,   0.0,1547.6,621
:BI,    -7,    -1,    -5,   +58,A
:BS,    -1,    +7,    -5,A
:BE,    -1,    +7,    -5,A
:BD,       -0.06,        +0.01,        +0.02,   4.64,  0.00
:SA,   +0.00,   +0.00,  0.00
:TS,04010101160025,35.0, +31.0,   0.0,1547.6,627
:BI,   -33,   -25,    +0,   +24,A
:BS,   -25,   +33,    +0,A
:BE,   -25,   +33,    +0,A
:BD,       -0.06,        +0.01,        +0.02,   4.71,  0.00
:SA,   +0.00,   +0.00,  0.00
:TS,04010101160034,35.0, +31.0,   0.0,1547.6,628
:BI,   -13,   -55,   -17,    -2,A
:BS,   -55,   +13,   -17,A
:BE,   -55,   +13,   -17,A
:BD,       -0.06,        +0.01,        +0.02,   4.71,  0.00
:SA,   +0.00,   +0.00,  0.00
:TS,04010101160043,35.0, +31.0,   0.0,1547.6,622
:BI,   -23,   -53,   -24,    +4,A
:BS,   -53,   +23,   -24,A
:BE,   -53,   +23,   -24,A
:BD,       -0.06,        +0.01,        +0.02,   4.69,  0.00
:SA,   +0.00,   +0.00,  0.00
:TS,04010101160052,35.0, +31.0,   0.0,1547.6,623
:BI,   -32,    -1,   -36,    +3,A
:BS,    -1,   +32,   -36,A
:BE,    -1,   +32,   -36,A
:BD,       -0.07,        +0.01,        +0.02,   4.67,  0.00
:SA,   +0.00,   +0.00,  0.00
:TS,04010101160061,35.0, +31.0,   0.0,1547.6,624
:BI,   -59,    -3,   -40,   +47,A
:BS,    -3,   +59,   -40,A
:BE,    -3,   +59,   -40,A
:BD,       -0.07,        +0.01,        +0.02,   4.69,  0.00
:SA,   +0.00,   +0.00,  0.00
:TS,04010101160072,35.0, +31.0,   0.0,1547.6,621
:BI,   -23,   -28,   -31,    +0,A
:BS,   -28,   +23,   -31,A
:BE,   -28,   +23,   -31,A
:BD,       -0.07,        +0.02,        +0.01,   4.69,  0.00
:SA,   +0.00,   +0.00,  0.00
:TS,04010101160083,35.0, +31.0,   0.0,1547.6,627
:BI,    +0,   -11,   -17,    -2,A
:BS,   -11,    +0,   -17,A
:BE,   -11,    +0,   -17,A
:BD,       -0.07,        +0.02,        +0.01,   4.69,  0.00
:SA,   +0.00,   +0.00,  0.00
:TS,04010101160092,35.0, +31.0,   0.0,1547.6,628
:BI,   +18,    +0,    +1,    -8,A
:BS,    +0,   -18,    +1,A
:BE,    +0,   -18,    +1,A
:BD,       -0.07,        +0.02,        +0.01,   4.67,  0.00
:SA,   +0.00,   +0.00,  0.00
:TS,04010101160101,35.0, +31.0,   0.0,1547.6,622
:BI,    -9,    +0,   +33,   +14,A
:BS,    +0,    +9,   +33,A
:BE,    +0,    +9,   +33,A
:BD,       -0.07,        +0.02,        +0.01,   4.71,  0.00
:SA,   +0.00,   +0.00,  0.00
:TS,04010101160110,35.0, +31.0,   0.0,1547.6,623
:BI,    -3,    -4,   +53,   +15,A
:BS,    -4,    +3,   +53,A
:BE,    -4,    +3,   +53,A
:BD,       -0.07,        +0.02,        +0.01,   4.71,  0.00
:SA,   +0.00,   +0.00,  0.00
:TS,04010101160119,35.0, +31.0,   0.0,1547.6,624
:BI,   +31,    -4,   +60,    -4,A
:BS,    -4,   -31,   +60,A
:BE,    -4,   -31,   +60,A
:BD,       -0.08,        +0.02,        +0.01,   4.69,  0.00
:SA,   +0.00,   +0.00,  0.00
:TS,04010101160128,35.0, +31.0,   0.0,1547.6,621
:BI,   +34,    -5,   +62,    +3,A
:BS,    -5,   -34,   +62,A
:BE,    -5,   -34,   +62,A
:BD,       -0.08,        +0.02,        +0.02,   4.66,  0.00
:SA,   +0.00,   +0.00,  0.00
:TS,04010101160137,35.0, +31.0,   0.0,1547.6,627
:BI,   +31,   -17,   +39,    -2,A
:BS,   -17,   -31,   +39,A
:BE,   -17,   -31,   +39,A
:BD,       -0.08,        +0.02,        +0.02,   4.73,  0.00
:SA,   +0.00,   +0.00,  0.00
:TS,04010101160146,35.0, +31.0,   0.0,1547.6,628
:BI,   +11,    -3,   +51,   -79,A
:BS,    -3,   -11,   +51,A
:BE,    -3,   -11,   +51,A
:BD,       -0.08,        +0.02,        +0.02,   4.60,  0.00
:SA,   +0.00,   +0.00,  0.00
:TS,04010101160155,35.0, +31.0,   0.0,1547.6,622
:BI,   -13,   -46,    -2,    -8,A
:BS,   -46,   +13,    -2,A
:BE,   -46,   +13,    -2,A
:BD,       -0.08,        +0.02,        +0.03,   4.71,  0.00
:SA,   +0.00,   +0.00,  0.00
:TS,04010101160164,35.0, +31.0,   0.0,1547.6,623
:BI,   -10,    -1,   -40,   +34,A
:BS,    -1,   +10,   -40,A
:BE,    -1,   +10,   -40,A
:BD,       -0.08,        +0.02,        +0.03,   4.69,  0.00
:SA,   +0.00,   +0.00,  0.00
:TS,04010101160173,35.0, +31.0,   0.0,1547.6,624
:BI,   -14,   -40,   -49,    +6,A
:BS,   -40,   +14,   -49,A
:BE,   -40,   +14,   -49,A
:BD,       -0.08,        +0.02,        +0.03,   4.69,  0.00
:SA,   +0.00,   +0.00,  0.00
:TS,04010101160182,35.0, +31.0,   0.0,1547.6,621
:BI,    -6,   -56,   -57,    -3,A
:BS,   -56,    +6,   -57,A
:BE,   -56,    +6,   -57,A
:BD,       -0.08,        +0.02,        +0.02,   4.71,  0.00
:SA,   +0.00,   +0.00,  0.00
:TS,04010101160193,35.0, +30.9,   0.0,1547.5,627
:BI,    +5,   -51,   -54,    -2,A
:BS,   -51,    -5,   -54,A
:BE,   -51,    -5,   -54,A
:BD,       -0.09,        +0.02,        +0.02,   4.73,  0.00
:SA,   +0.00,   +0.00,  0.00
:TS,04010101160204,35.0, +30.9,   0.0,1547.5,628
:BI,    +3,   -44,   -32,   +11,A
:BS,   -44,    -3,   -32,A
:BE,   -44,    -3,   -32,A
:BD,       -0.09,        +0.02,        +0.02,   4.71,  0.00
:SA,   +0.00,   +0.00,  0.00
:TS,04010101160213,35.0, +30.9,   0.0,1547.5,622
:BI,   +14,   -34,    -8,    +0,A
:BS,   -34,   -14,    -8,A
:BE,   -34,   -14,    -8,A
:BD,       -0.10,        +0.02,        +0.02,   4.69,  0.00
:SA,   +0.00,   +0.00,  0.00
:TS,04010101160222,35.0, +30.9,   0.0,1547.5,623
:BI,   +22,   -26,   +21,    -2,A
:BS,   -26,   -22,   +21,A
:BE,   -26,   -22,   +21,A
:BD,       -0.10,        +0.02,        +0.02,   4.71,  0.00
:SA,   +0.00,   +0.00,  0.00
:TS,04010101160231,35.0, +30.9,   0.0,1547.5,624
:BI,   +18,   -13,   +39,    +4,A
:BS,   -13,   -18,   +39,A
:BE,   -13,   -18,   +39,A
:BD,       -0.10,        +0.01,        +0.02,   4.69,  0.00
:SA,   +0.00,   +0.00,  0.00
:TS,04010101160240,35.0, +30.9,   0.0,1547.5,621
:BI,    +9,   -15,   +46,   +11,A
:BS,   -15,    -9,   +46,A
:BE,   -15,    -9,   +46,A
:BD,       -0.10,        +0.01,        +0.02,   4.71,  0.00
:SA,   +0.00,   +0.00,  0.00
:TS,04010101160249,35.0, +30.9,   0.0,1547.5,627
:BI,    +9,    -6,   +44,    +3,A
:BS,    -6,    -9,   +44,A
:BE,    -6,    -9,   +44,A
:BD,       -0.11,        +0.01,        +0.02,   4.69,  0.00
:SA,   +0.00,   +0.00,  0.00
:TS,04010101160258,35.0, +30.9,   0.0,1547.5,628
:BI,   +12,    +3,   +37,   -15,A
:BS,    +3,   -12,   +37,A
:BE,    +3,   -12,   +37,A
:BD,       -0.11,        +0.01,        +0.02,   4.71,  0.00
:SA,   +0.00,   +0.00,  0.00
:TS,04010101160267,35.0, +30.9,   0.0,1547.5,622
:BI,   -12,    -8,   +27,    +2,A
:BS,    -8,   +12,   +27,A
:BE,    -8,   +12,   +27,A
:BD,       -0.11,        +0.01,        +0.02,   4.73,  0.00
:SA,   +0.00,   +0.00,  0.00
:TS,04010101160276,35.0, +30.9,   0.0,1547.5,623
:BI,   -16,   -19,    +8,    +0,A
:BS,   -19,   +16,    +8,A
:BE,   -19,   +16,    +8,A
:BD,       -0.11,        +0.01,        +0.02,   4.73,  0.00
:SA,   +0.00,   +0.00,  0.00
:TS,04010101160285,35.0, +30.9,   0.0,1547.5,624
:BI,   -15,    -4,    -8,    +4,A
:BS,    -4,   +15,    -8,A
:BE,    -4,   +15,    -8,A
:BD,       -0.11,        +0.01,        +0.03,   4.71,  0.00
:SA,   +0.00,   +0.00,  0.00
:TS,04010101160294,35.0, +30.9,   0.0,1547.5,621
:BI,   -15,   -34,   -19,    +0,A
:BS,   -34,   +15,   -19,A
:BE,   -34,   +15,   -19,A
:BD,       -0.11,        +0.01,        +0.03,   4.71,  0.00
:SA,   +0.00,   +0.00,  0.00
:TS,04010101160303,35.0, +30.9,   0.0,1547.5,627
:BI,   -31,    +0,   -19,   +26,A
:BS,    +0,   +31,   -19,A
:BE,    +0,   +31,   -19,A
:BD,       -0.11,        +0.01,        +0.03,   4.71,  0.00
:SA,   +0.00,   +0.00,  0.00
:TS,04010101160314,35.0, +30.9,   0.0,1547.5,628
:BI,   +25,   -30,   -21,    -5,A
:BS,   -30,   -25,   -21,A
:BE,   -30,   -25,   -21,A
:BD,       -0.12,        +0.01,        +0.03,   4.69,  0.00
:SA,   +0.00,   +0.00,  0.00
:TS,04010101160325,35.0, +30.9,   0.0,1547.5,622
:BI,   +15,   -23,    -5,   +13,A
:BS,   -23,   -15,    -5,A
:BE,   -23,   -15,    -5,A
:BD,       -0.12,        +0.01,        +0.02,   4.69,  0.00
:SA,   +0.00,   +0.00,  0.00
:TS,04010101160334,35.0, +30.9,   0.0,1547.5,623
:BI,   -12,   -26,    +8,   +24,A
:BS,   -26,   +12,    +8,A
:BE,   -26,   +12,    +8,A
:BD,       -0.12,        +0.01,        +0.02,   4.69,  0.00
:SA,   +0.00,   +0.00,  0.00
:TS,04010101160343,35.0, +30.9,   0.0,1547.5,624
:BI,    +0,   -22,   +11,    +6,A
:BS,   -22,    +0,   +11,A
:BE,   -22,    +0,   +11,A
:BD,       -0.12,        +0.01,        +0.02,   4.67,  0.00
:SA,   +0.00,   +0.00,  0.00
:TS,04010101160352,35.0, +30.9,   0.0,1547.5,621
:BI,    +6,   -20,    +5,    +4,A
:BS,   -20,    -6,    +5,A
:BE,   -20,    -6,    +5,A
:BD,       -0.12,        +0.01,        +0.02,   4.71,  0.00
:SA,   +0.00,   +0.00,  0.00
:TS,04010101160361,35.0, +30.9,   0.0,1547.5,627
:BI,    -6,   -13,    -1,    +5,A
:BS,   -13,    +6,    -1,A
:BE,   -13,    +6,    -1,A
:BD,       -0.12,        +0.01,        +0.03,   4.69,  0.00
:SA,   +0.00,   +0.00,  0.00
:TS,04010101160370,35.0, +30.9,   0.0,1547.5,628
:BI,   -13,   -22,    -7,    -2,A
:BS,   -22,   +13,    -7,A
:BE,   -22,   +13,    -7,A
:BD,       -0.13,        +0.01,        +0.02,   4.69,  0.00
:SA,   +0.00,   +0.00,  0.00
:TS,04010101160379,35.0, +30.9,   0.0,1547.5,622
:BI,   -22,   -22,   -12,    -8,A
:BS,   -22,   +22,   -12,A
:BE,   -22,   +22,   -12,A
:BD,       -0.13,        +0.02,        +0.02,   4.69,  0.00
:SA,   +0.00,   +0.00,  0.00
:TS,04010101160388,35.0, +30.9,   0.0,1547.5,623
:BI,   -19,   -35,   -14,    +9,A
:BS,   -35,   +19,   -14,A
:BE,   -35,   +19,   -14,A
:BD,       -0.13,        +0.02,        +0.02,   4.69,  0.00
:SA,   +0.00,   +0.00,  0.00
:TS,04010101160397,35.0, +30.9,   0.0,1547.5,624
:BI,   -22,   -37,    -8,    +0,A
:BS,   -37,   +22,    -8,A
:BE,   -37,   +22,    -8,A
:BD,       -0.13,        +0.02,        +0.02,   4.69,  0.00
:SA,   +0.00,   +0.00,  0.00
:TS,04010101160406,35.0, +30.9,   0.0,1547.5,621
:BI,    -3,   -36,    -2,    +7,A
:BS,   -36,    +3,    -2,A
:BE,   -36,    +3,    -2,A
:BD,       -0.14,        +0.02,        +0.02,   4.69,  0.00
:SA,   +0.00,   +0.00,  0.00
:TS,04010101160415,35.0, +30.9,   0.0,1547.5,627
:BI,    +4,   -30,    +6,    -3,A
:BS,   -30,    -4,    +6,A
:BE,   -30,    -4,    +6,A
:BD,       -0.14,        +0.02,        +0.02,   4.69,  0.00
:SA,   +0.00,   +0.00,  0.00
:TS,04010101160424,35.0, +30.9,   0.0,1547.5,628
:BI,    -6,   -27,   +20,   +10,A
:BS,   -27,    +6,   +20,A
:BE,   -27,    +6,   +20,A
:BD,       -0.14,        +0.02,        +0.02,   4.67,  0.00
:SA,   +0.00,   +0.00,  0.00
:TS,04010101160435,35.0, +31.0,   0.0,1547.6,622
:BI,   +15,   -22,   +31,    +0,A
:BS,   -22,   -15,   +31,A
:BE,   -22,   -15,   +31,A
:BD,       -0.14,        +0.02,        +0.02,   4.69,  0.00
:SA,   +0.00,   +0.00,  0.00
:TS,04010101160446,35.0, +31.0,   0.0,1547.6,623
:BI,   -23,    -4,   +40,    +2,A
:BS,    -4,   +23,   +40,A
:BE,    -4,   +23,   +40,A
:BD,       -0.15,        +0.02,        +0.03,   4.71,  0.00
:SA,   +0.00,   +0.00,  0.00
:TS,04010101160455,35.0, +31.0,   0.0,1547.6,624
:BI,   -28,    +4,   +37,    +6,A
:BS,    +4,   +28,   +37,A
:BE,    +4,   +28,   +37,A
:BD,       -0.15,        +0.02,        +0.03,   4.69,  0.00
:SA,   +0.00,   +0.00,  0.00
:TS,04010101160464,35.0, +31.0,   0.0,1547.6,621
:BI,   -25,    +4,   +32,   +11,A
:BS,    +4,   +25,   +32,A
:BE,    +4,   +25,   +32,A
:BD,       -0.15,        +0.02,        +0.03,   4.69,  0.00
:SA,   +0.00,   +0.00,  0.00
:TS,04010101160473,35.0, +31.0,   0.0,1547.6,627
:BI,    -5,   +11,   +16,    +8,A
:BS,   +11,    +5,   +16,A
:BE,   +11,    +5,   +16,A
:BD,       -0.15,        +0.02,        +0.03,   4.71,  0.00
:SA,   +0.00,   +0.00,  0.00
:TS,04010101160482,35.0, +31.0,   0.0,1547.6,628
:BI,    +7,    +0,    +5,   +11,A
:BS,    +0,    -7,    +5,A
:BE,    +0,    -7,    +5,A
:BD,       -0.15,        +0.03,        +0.03,   4.69,  0.00
:SA,   +0.00,   +0.00,  0.00
:TS,04010101160491,35.0, +31.0,   0.0,1547.6,622
:BI,    +1,    +0,    -7,    +6,A
:BS,    +0,    -1,    -7,A
:BE,    +0,    -1,    -7,A
:BD,       -0.15,        +0.03,        +0.04,   4.71,  0.00
:SA,   +0.00,   +0.00,  0.00
:TS,04010101160500,35.0, +31.0,   0.0,1547.6,623
:BI,   +26,    +0,   -22,    -3,A
:BS,    +0,   -26,   -22,A
:BE,    +0,   -26,   -22,A
:BD,       -0.15,        +0.03,        +0.04,   4.71,  0.00
:SA,   +0.00,   +0.00,  0.00
:TS,04010101160509,35.0, +31.0,   0.0,1547.6,624
:BI,   +23,   -15,   -30,   +15,A
:BS,   -15,   -23,   -30,A
:BE,   -15,   -23,   -30,A
:BD,       -0.15,        +0.02,        +0.03,   4.74,  0.00
:SA,   +0.00,   +0.00,  0.00
:TS,04010101160518,35.0, +31.0,   0.0,1547.6,621
:BI,    +3,   -10,   -30,   +15,A
:BS,   -10,    -3,   -30,A
:BE,   -10,    -3,   -30,A
:BD,       -0.15,        +0.02,        +0.03,   4.71,  0.00
:SA,   +0.00,   +0.00,  0.00
:TS,04010101160527,35.0, +31.0,   0.0,1547.6,627
:BI,   -21,   -26,   -22,   +18,A
:BS,   -26,   +21,   -22,A
:BE,   -26,   +21,   -22,A
:BD,       -0.15,        +0.02,        +0.03,   4.71,  0.00
:SA,   +0.00,   +0.00,  0.00
:TS,04010101160536,35.0, +31.0,   0.0,1547.6,628
:BI,   -35,   -32,   -15,   +19,A
:BS,   -32,   +35,   -15,A
:BE,   -32,   +35,   -15,A
:BD,       -0.15,        +0.03,        +0.03,   4.73,  0.00
:SA,   +0.00,   +0.00,  0.00
:TS,04010101160545,35.0, +31.0,   0.0,1547.6,622
:BI,   -45,   -45,    +0,   +20,A
:BS,   -45,   +45,    +0,A
:BE,   -45,   +45,    +0,A
:BD,       -0.16,        +0.03,        +0.03,   4.71,  0.00
:SA,   +0.00,   +0.00,  0.00
:TS,04010101160556,35.0, +31.0,   0.0,1547.6,623
:BI,    +2,   +13,   -11,   +15,A
:BS,   +13,    -2,   -11,A
:BE,   +13,    -2,   -11,A
:BD,       -0.16,        +0.03,        +0.03,   4.67,  0.00
:SA,   +0.00,   +0.00,  0.00
:TS,04010101160567,35.0, +31.0,   0.0,1547.6,624
:BI,   +30,   -40,    +7,   -15,A
:BS,   -40,   -30,    +7,A
:BE,   -40,   -30,    +7,A
:BD,       -0.16,        +0.03,        +0.03,   4.71,  0.00
:SA,   +0.00,   +0.00,  0.00
:TS,04010101160576,35.0, +31.0,   0.0,1547.6,621
:BI,   +19,   -39,   +18,   -16,A
:BS,   -39,   -19,   +18,A
:BE,   -39,   -19,   +18,A
:BD,       -0.16,        +0.03,        +0.03,   4.71,  0.00
:SA,   +0.00,   +0.00,  0.00
:TS,04010101160585,35.0, +31.0,   0.0,1547.6,627
:BI,    +7,   -21,   +30,    +5,A
:BS,   -21,    -7,   +30,A
:BE,   -21,    -7,   +30,A
:BD,       -0.16,        +0.03,        +0.03,   4.69,  0.00
:SA,   +0.00,   +0.00,  0.00
:TS,04010101160594,35.0, +31.0,   0.0,1547.6,628
:BI,   +20,   -12,   +32,    +7,A
:BS,   -12,   -20,   +32,A
:BE,   -12,   -20,   +32,A
:BD,       -0.17,        +0.03,        +0.03,   4.67,  0.00
:SA,   +0.00,   +0.00,  0.00
:TS,04010101160603,35.0, +31.0,   0.0,1547.6,622
:BI,   +17,    -2,   +25,    -4,A
:BS,    -2,   -17,   +25,A
:BE,    -2,   -17,   +25,A
:BD,       -0.17,        +0.03,        +0.03,   4.69,  0.00
:SA,   +0.00,   +0.00,  0.00
:TS,04010101160612,35.0, +31.0,   0.0,1547.6,623
:BI,    -2,    -7,   +19,    +0,A
:BS,    -7,    +2,   +19,A
:BE,    -7,    +2,   +19,A
:BD,       -0.17,        +0.03,        +0.03,   4.71,  0.00
:SA,   +0.00,   +0.00,  0.00
:TS,04010101160621,35.0, +31.0,   0.0,1547.6,624
:BI,   -22,    +2,   +15,   +14,A
:BS,    +2,   +22,   +15,A
:BE,    +2,   +22,   +15,A
:BD,       -0.17,        +0.03,        +0.03,   4.71,  0.00
:SA,   +0.00,   +0.00,  0.00
:TS,04010101160630,35.0, +31.0,   0.0,1547.6,621
:BI,   -36,    +2,    +3,   +25,A
:BS,    +2,   +36,    +3,A
:BE,    +2,   +36,    +3,A
:BD,       -0.17,        +0.03,        +0.04,   4.71,  0.00
:SA,   +0.00,   +0.00,  0.00
:TS,04010101160639,35.0, +31.0,   0.0,1547.6,627
:BI,   -16,    -2,   -14,   +13,A
:BS,    -2,   +16,   -14,A
:BE,    -2,   +16,   -14,A
:BD,       -0.17,        +0.03,        +0.04,   4.73,  0.00
:SA,   +0.00,   +0.00,  0.00
:TS,04010101160648,35.0, +31.0,   0.0,1547.6,628
:BI,   -24,   -16,   -23,   +12,A
:BS,   -16,   +24,   -23,A
:BE,   -16,   +24,   -23,A
:BD,       -0.17,        +0.03,        +0.04,   4.71,  0.00
:SA,   +0.00,   +0.00,  0.00
:TS,04010101160657,35.0, +31.0,   0.0,1547.6,622
:BI,   -25,    -4,   -20,    -5,A
:BS,    -4,   +25,   -20,A
:BE,    -4,   +25,   -20,A
:BD,       -0.17,        +0.03,        +0.04,   4.69,  0.00
:SA,   +0.00,   +0.00,  0.00
:TS,04010101160666,35.0, +31.0,   0.0,1547.6,623
:BI,    -8,   -39,   -36,    -6,A
:BS,   -39,    +8,   -36,A
:BE,   -39,    +8,   -36,A
:BD,       -0.17,        +0.03,        +0.03,   4.67,  0.00
:SA,   +0.00,   +0.00,  0.00
:TS,04010101160677,35.0, +31.0,   0.0,1547.6,624
:BI,   +20,   -46,   -43,   -10,A
:BS,   -46,   -20,   -43,A
:BE,   -46,   -20,   -43,A
:BD,       -0.18,        +0.03,        +0.03,   4.69,  0.00
:SA,   +0.00,   +0.00,  0.00
:TS,04010101160688,35.0, +31.0,   0.0,1547.6,621
:BI,    -2,   -32,   -31,    -6,A
:BS,   -32,    +2,   -31,A
:BE,   -32,    +2,   -31,A
:BD,       -0.18,        +0.03,        +0.03,   4.69,  0.00
:SA,   +0.00,   +0.00,  0.00
:TS,04010101160696,35.0, +31.0,   0.0,1547.6,627
:BI,   +11,   -33,   -15,    -6,A
:BS,   -33,   -11,   -15,A
:BE,   -33,   -11,   -15,A
:BD,       -0.18,        +0.03,        +0.03,   4.67,  0.00
:SA,   +0.00,   +0.00,  0.00
:TS,04010101160706,35.0, +31.0,   0.0,1547.6,628
:BI,   +10,   -20,    +0,    +2,A
:BS,   -20,   -10,    +0,A
:BE,   -20,   -10,    +0,A
:BD,       -0.18,        +0.03,        +0.03,   4.66,  0.00
:SA,   +0.00,   +0.00,  0.00
:TS,04010101160714,35.0, +31.0,   0.0,1547.6,622
:BI,    +1,   -16,   +19,    +2,A
:BS,   -16,    -1,   +19,A
:BE,   -16,    -1,   +19,A
:BD,       -0.18,        +0.03,        +0.03,   4.67,  0.00
:SA,   +0.00,   +0.00,  0.00
:TS,04010101160724,35.0, +31.0,   0.0,1547.6,623
:BI,   +11,   -19,   +31,    +0,A
:BS,   -19,   -11,   +31,A
:BE,   -19,   -11,   +31,A
:BD,       -0.19,        +0.03,        +0.03,   4.67,  0.00
:SA,   +0.00,   +0.00,  0.00
:TS,04010101160732,35.0, +31.0,   0.0,1547.6,624
:BI,   +12,   -21,   +46,   -10,A
:BS,   -21,   -12,   +46,A
:BE,   -21,   -12,   +46,A
:BD,       -0.19,        +0.03,        +0.03,   4.67,  0.00
:SA,   +0.00,   +0.00,  0.00
:TS,04010101160742,35.0, +31.0,   0.0,1547.6,621
:BI,    +4,    -7,   +50,    -1,A
:BS,    -7,    -4,   +50,A
:BE,    -7,    -4,   +50,A
:BD,       -0.19,        +0.03,        +0.03,   4.67,  0.00
:SA,   +0.00,   +0.00,  0.00
:TS,04010101160750,35.0, +31.0,   0.0,1547.6,627
:BI,   +17,    +2,   +47,    +4,A
:BS,    +2,   -17,   +47,A
:BE,    +2,   -17,   +47,A
:BD,       -0.19,        +0.03,        +0.03,   4.71,  0.00
:SA,   +0.00,   +0.00,  0.00
:TS,04010101160760,35.0, +31.0,   0.0,1547.6,628
:BI,   -14,    -9,   +49,   +21,A
:BS,    -9,   +14,   +49,A
:BE,    -9,   +14,   +49,A
:BD,       -0.19,        +0.03,        +0.04,   4.71,  0.00
:SA,   +0.00,   +0.00,  0.00
:TS,04010101160768,35.0, +31.0,   0.0,1547.6,622
:BI,   +15,   -20,   +29,    -1,A
:BS,   -20,   -15,   +29,A
:BE,   -20,   -15,   +29,A
:BD,       -0.19,        +0.03,        +0.04,   4.69,  0.00
:SA,   +0.00,   +0.00,  0.00
:TS,04010101160778,35.0, +31.0,   0.0,1547.6,623
:BI,   +16,    +0,   +10,    +0,A
:BS,    +0,   -16,   +10,A
:BE,    +0,   -16,   +10,A
:BD,       -0.19,        +0.03,        +0.04,   4.74,  0.00
:SA,   +0.00,   +0.00,  0.00
:TS,04010101160786,35.0, +31.0,   0.0,1547.6,624
:BI,   +28,    -5,    -7,    -8,A
:BS,    -5,   -28,    -7,A
:BE,    -5,   -28,    -7,A
:BD,       -0.20,        +0.03,        +0.04,   4.69,  0.00
:SA,   +0.00,   +0.00,  0.00
:TS,04010101160798,35.0, +31.0,   0.0,1547.6,621
:BI,   +15,   -46,   -19,   -30,A
:BS,   -46,   -15,   -19,A
:BE,   -46,   -15,   -19,A
:BD,       -0.20,        +0.03,        +0.04,   4.73,  0.00
:SA,   +0.00,   +0.00,  0.00
:TS,04010101160809,35.0, +31.0,   0.0,1547.6,627
:BI,   -21,   -36,   -26,    -8,A
:BS,   -36,   +21,   -26,A
:BE,   -36,   +21,   -26,A
:BD,       -0.20,        +0.03,        +0.04,   4.69,  0.00
:SA,   +0.00,   +0.00,  0.00
:TS,04010101160817,35.0, +31.0,   0.0,1547.6,628
:BI,    +5,    -2,   -50,    +6,A
:BS,    -2,    -5,   -50,A
:BE,    -2,    -5,   -50,A
:BD,       -0.20,        +0.03,        +0.04,   4.71,  0.00
:SA,   +0.00,   +0.00,  0.00
:TS,04010101160827,35.0, +31.0,   0.0,1547.6,622
:BI,   +11,   -35,   -43,   -14,A
:BS,   -35,   -11,   -43,A
:BE,   -35,   -11,   -43,A
:BD,       -0.20,        +0.02,        +0.04,   4.69,  0.00
:SA,   +0.00,   +0.00,  0.00
:TS,04010101160835,35.0, +31.0,   0.0,1547.6,623
:BI,    +4,    +0,   -34,   -19,A
:BS,    +0,    -4,   -34,A
:BE,    +0,    -4,   -34,A
:BD,       -0.21,        +0.02,        +0.04,   4.67,  0.00
:SA,   +0.00,   +0.00,  0.00
:TS,04010101160845,35.0, +31.0,   0.0,1547.6,624
:BI,    -2,   -26,   -29,    +3,A
:BS,   -26,    +2,   -29,A
:BE,   -26,    +2,   -29,A
:BD,       -0.21,        +0.02,        +0.04,   4.71,  0.00
:SA,   +0.00,   +0.00,  0.00
:TS,04010101160854,35.0, +31.0,   0.0,1547.6,621
:BI,    -1,    -2,   -10,    -4,A
:BS,    -2,    +1,   -10,A
:BE,    -2,    +1,   -10,A
:BD,       -0.21,        +0.02,        +0.03,   4.74,  0.00
:SA,   +0.00,   +0.00,  0.00
:TS,04010101160864,35.0, +31.0,   0.0,1547.6,627
:BI,    -4,    +4,    +3,    +6,A
:BS,    +4,    +4,    +3,A
:BE,    +4,    +4,    +3,A
:BD,       -0.21,        +0.02,        +0.03,   4.66,  0.00
:SA,   +0.00,   +0.00,  0.00
:TS,04010101160873,35.0, +31.0,   0.0,1547.6,628
:BI,   +13,    +8,   +11,    +5,A
:BS,    +8,   -13,   +11,A
:BE,    +8,   -13,   +11,A
:BD,       -0.21,        +0.02,        +0.03,   4.69,  0.00
:SA,   +0.00,   +0.00,  0.00
:TS,04010101160882,35.0, +31.0,   0.0,1547.6,622
:BI,    +9,   +12,   +19,    -6,A
:BS,   +12,    -9,   +19,A
:BE,   +12,    -9,   +19,A
:BD,       -0.21,        +0.02,        +0.03,   4.67,  0.00
:SA,   +0.00,   +0.00,  0.00
:TS,04010101160891,35.0, +31.0,   0.0,1547.6,623
:BI,    +9,    +0,   +22,    -9,A
:BS,    +0,    -9,   +22,A
:BE,    +0,    -9,   +22,A
:BD,       -0.21,        +0.02,        +0.03,   4.67,  0.00
:SA,   +0.00,   +0.00,  0.00
:TS,04010101160900,35.0, +31.0,   0.0,1547.6,624
:BI,   +12,    -1,   +17,   -10,A
:BS,    -1,   -12,   +17,A
:BE,    -1,   -12,   +17,A
:BD,       -0.21,        +0.02,        +0.03,   4.71,  0.00
:SA,   +0.00,   +0.00,  0.00
:TS,04010101160911,35.0, +31.0,   0.0,1547.6,621
:BI,   +18,   -12,    +4,   -16,A
:BS,   -12,   -18,    +4,A
:BE,   -12,   -18,    +4,A
:BD,       -0.21,        +0.02,        +0.03,   4.74,  0.00
:SA,   +0.00,   +0.00,  0.00
:TS,04010101160922,35.0, +31.0,   0.0,1547.6,627
:BI,   +19,   -37,    -5,   -18,A
:BS,   -37,   -19,    -5,A
:BE,   -37,   -19,    -5,A
:BD,       -0.21,        +0.02,        +0.03,   4.73,  0.00
:SA,   +0.00,   +0.00,  0.00
:TS,04010101160932,35.0, +31.0,   0.0,1547.6,628
:BI,    +9,   -24,   -16,   -13,A
:BS,   -24,    -9,   -16,A
:BE,   -24,    -9,   -16,A
:BD,       -0.21,        +0.02,        +0.03,   4.73,  0.00
:SA,   +0.00,   +0.00,  0.00
:TS,04010101160941,35.0, +31.0,   0.0,1547.6,622
:BI,    -3,   -28,   -14,    -9,A
:BS,   -28,    +3,   -14,A
:BE,   -28,    +3,   -14,A
:BD,       -0.22,        +0.02,        +0.03,   4.73,  0.00
:SA,   +0.00,   +0.00,  0.00
:TS,04010101160949,35.0, +31.0,   0.0,1547.6,623
:BI,    -5,   -30,   -17,    +9,A
:BS,   -30,    +5,   -17,A
:BE,   -30,    +5,   -17,A
:BD,       -0.22,        +0.02,        +0.03,   4.67,  0.00
:SA,   +0.00,   +0.00,  0.00
:TS,04010101160959,35.0, +31.0,   0.0,1547.6,624
:BI,    -6,   -28,   -15,    +2,A
:BS,   -28,    +6,   -15,A
:BE,   -28,    +6,   -15,A
:BD,       -0.22,        +0.02,        +0.03,   4.69,  0.00
:SA,   +0.00,   +0.00,  0.00
:TS,04010101160967,35.0, +31.0,   0.0,1547.6,621
:BI,    -4,   -32,   -11,    -3,A
:BS,   -32,    +4,   -11,A
:BE,   -32,    +4,   -11,A
:BD,       -0.22,        +0.02,        +0.03,   4.67,  0.00
:SA,   +0.00,   +0.00,  0.00
:TS,04010101160977,35.0, +31.0,   0.0,1547.6,627
:BI,   +15,   -26,   -10,   -10,A
:BS,   -26,   -15,   -10,A
:BE,   -26,   -15,   -10,A
:BD,       -0.22,        +0.02,        +0.03,   4.67,  0.00
:SA,   +0.00,   +0.00,  0.00
:TS,04010101160986,35.0, +31.0,   0.0,1547.6,628
:BI,   +26,   -23,    +1,   -11,A
:BS,   -23,   -26,    +1,A
:BE,   -23,   -26,    +1,A
:BD,       -0.23,        +0.01,        +0.03,   4.69,  0.00
:SA,   +0.00,   +0.00,  0.00
:TS,04010101160995,35.0, +31.0,   0.0,1547.6,622
:BI,   +29,   -14,    +7,   -12,A
:BS,   -14,   -29,    +7,A
:BE,   -14,   -29,    +7,A
:BD,       -0.23,        +0.01,        +0.03,   4.67,  0.00
:SA,   +0.00,   +0.00,  0.00
:TS,04010101161004,35.0, +31.0,   0.0,1547.6,623
:BI,   +39,   -16,   +15,   -14,A
:BS,   -16,   -39,   +15,A
:BE,   -16,   -39,   +15,A
:BD,       -0.23,        +0.01,        +0.03,   4.71,  0.00
:SA,   +0.00,   +0.00,  0.00
:TS,04010101161013,35.0, +31.0,   0.0,1547.6,624
:BI,   +29,   -26,   +26,   -15,A
:BS,   -26,   -29,   +26,A
:BE,   -26,   -29,   +26,A
:BD,       -0.23,        +0.01,        +0.03,   4.67,  0.00
:SA,   +0.00,   +0.00,  0.00
:TS,04010101161024,35.0, +31.0,   0.0,1547.6,621
:BI,   +28,   -11,   +27,    -5,A
:BS,   -11,   -28,   +27,A
:BE,   -11,   -28,   +27,A
:BD,       -0.23,        +0.01,        +0.03,   4.69,  0.00
:SA,   +0.00,   +0.00,  0.00
:TS,04010101161034,35.0, +31.0,   0.0,1547.6,627
:BI,   +19,    -6,   +23,    +9,A
:BS,    -6,   -19,   +23,A
:BE,    -6,   -19,   +23,A
:BD,       -0.24,        +0.00,        +0.03,   4.69,  0.00
:SA,   +0.00,   +0.00,  0.00
:TS,04010101161043,35.0, +31.0,   0.0,1547.6,628
:BI,    +9,    +2,   +17,    +0,A
:BS,    +2,    -9,   +17,A
:BE,    +2,    -9,   +17,A
:BD,       -0.24,        +0.00,        +0.03,   4.71,  0.00
:SA,   +0.00,   +0.00,  0.00
:TS,04010101161052,35.0, +31.0,   0.0,1547.6,622
:BI,    +3,   -26,    +1,   +16,A
:BS,   -26,    -3,    +1,A
:BE,   -26,    -3,    +1,A
:BD,       -0.24,        +0.00,        +0.03,   4.69,  0.00
:SA,   +0.00,   +0.00,  0.00
:TS,04010101161061,35.0, +31.0,   0.0,1547.6,623
:BI,    -6,   -26,   -15,    -3,A
:BS,   -26,    +6,   -15,A
:BE,   -26,    +6,   -15,A
:BD,       -0.24,        +0.00,        +0.04,   4.73,  0.00
:SA,   +0.00,   +0.00,  0.00
:TS,04010101161070,35.0, +31.0,   0.0,1547.6,624
:BI,   -34,   -25,   -22,   +15,A
:BS,   -25,   +34,   -22,A
:BE,   -25,   +34,   -22,A
:BD,       -0.24,        +0.00,        +0.04,   4.71,  0.00
:SA,   +0.00,   +0.00,  0.00
:TS,04010101161079,35.0, +31.0,   0.0,1547.6,621
:BI,    -2,   -31,   -45,    -5,A
:BS,   -31,    +2,   -45,A
:BE,   -31,    +2,   -45,A
:BD,       -0.24,        +0.00,        +0.03,   4.67,  0.00
:SA,   +0.00,   +0.00,  0.00
:TS,04010101161088,35.0, +31.0,   0.0,1547.6,627
:BI,    -2,   -33,   -51,    -8,A
:BS,   -33,    +2,   -51,A
:BE,   -33,    +2,   -51,A
:BD,       -0.25,        +0.00,        +0.03,   4.69,  0.00
:SA,   +0.00,   +0.00,  0.00
:TS,04010101161097,35.0, +31.0,   0.0,1547.6,628
:BI,   -18,   -40,   -40,    -2,A
:BS,   -40,   +18,   -40,A
:BE,   -40,   +18,   -40,A
:BD,       -0.25,        +0.00,        +0.03,   4.67,  0.00
:SA,   +0.00,   +0.00,  0.00
:TS,04010101161106,35.0, +31.0,   0.0,1547.6,622
:BI,   -31,   -35,   -27,   +12,A
:BS,   -35,   +31,   -27,A
:BE,   -35,   +31,   -27,A
:BD,       -0.25,        +0.00,        +0.03,   4.71,  0.00
:SA,   +0.00,   +0.00,  0.00
:TS,04010101161115,35.0, +31.0,   0.0,1547.6,623
:BI,   -15,    +1,   -16,    +4,A
:BS,    +1,   +15,   -16,A
:BE,    +1,   +15,   -16,A
:BD,       -0.25,        +0.00,        +0.03,   4.67,  0.00
:SA,   +0.00,   +0.00,  0.00
:TS,04010101161124,35.0, +31.0,   0.0,1547.6,624
:BI,    +0,   -35,    +2,    -2,A
:BS,   -35,    +0,    +2,A
:BE,   -35,    +0,    +2,A
:BD,       -0.26,        +0.00,        +0.02,   4.69,  0.00
:SA,   +0.00,   +0.00,  0.00
:TS,04010101161133,35.0, +31.0,   0.0,1547.6,621
:BI,   +14,   -14,   +16,    -1,A
:BS,   -14,   -14,   +16,A
:BE,   -14,   -14,   +16,A
:BD,       -0.26,        +0.01,        +0.02,   4.69,  0.00
:SA,   +0.00,   +0.00,  0.00
:TS,04010101161144,35.0, +30.9,   0.0,1547.5,627
:BI,   +33,    -2,   +24,   -24,A
:BS,    -2,   -33,   +24,A
:BE,    -2,   -33,   +24,A
:BD,       -0.26,        +0.00,        +0.02,   4.67,  0.00
:SA,   +0.00,   +0.00,  0.00
:TS,04010101161155,35.0, +30.9,   0.0,1547.5,628
:BI,   +21,    -7,   +22,    +0,A
:BS,    -7,   -21,   +22,A
:BE,    -7,   -21,   +22,A
:BD,       -0.26,        +0.00,        +0.02,   4.67,  0.00
:SA,   +0.00,   +0.00,  0.00
:TS,04010101161164,35.0, +30.9,   0.0,1547.5,622
:BI,   +14,    -3,   +23,    -7,A
:BS,    -3,   -14,   +23,A
:BE,    -3,   -14,   +23,A
:BD,       -0.26,        +0.00,        +0.02,   4.67,  0.00
:SA,   +0.00,   +0.00,  0.00
:TS,04010101161173,35.0, +30.9,   0.0,1547.5,623
:BI,    -4,    -5,   +16,   +14,A
:BS,    -5,    +4,   +16,A
:BE,    -5,    +4,   +16,A
:BD,       -0.26,        +0.00,        +0.03,   4.71,  0.00
:SA,   +0.00,   +0.00,  0.00
:TS,04010101161182,35.0, +30.9,   0.0,1547.5,624
:BI,    -4,    -4,    +3,    +5,A
:BS,    -4,    +4,    +3,A
:BE,    -4,    +4,    +3,A
:BD,       -0.26,        +0.00,        +0.03,   4.69,  0.00
:SA,   +0.00,   +0.00,  0.00
:TS,04010101161191,35.0, +30.9,   0.0,1547.5,621
:BI,   -21,    -2,    +2,   +15,A
:BS,    -2,   +21,    +2,A
:BE,    -2,   +21,    +2,A
:BD,       -0.26,        +0.00,        +0.03,   4.69,  0.00
:SA,   +0.00,   +0.00,  0.00
:TS,04010101161200,35.0, +30.9,   0.0,1547.5,627
:BI,   -17,    +5,    -3,   +18,A
:BS,    +5,   +17,    -3,A
:BE,    +5,   +17,    -3,A
:BD,       -0.26,        +0.00,        +0.03,   4.69,  0.00
:SA,   +0.00,   +0.00,  0.00
:TS,04010101161209,35.0, +30.9,   0.0,1547.5,628
:BI,   -13,    -5,    +1,    +6,A
:BS,    -5,   +13,    +1,A
:BE,    -5,   +13,    +1,A
:BD,       -0.26,        +0.00,        +0.03,   4.71,  0.00
:SA,   +0.00,   +0.00,  0.00
:TS,04010101161218,35.0, +30.9,   0.0,1547.5,622
:BI,    -7,    +2,    +7,    +2,A
:BS,    +2,    +7,    +7,A
:BE,    +2,    +7,    +7,A
:BD,       -0.27,        +0.00,        +0.03,   4.71,  0.00
:SA,   +0.00,   +0.00,  0.00
:TS,04010101161227,35.0, +30.9,   0.0,1547.5,623
:BI,   -13,    -3,   +21,    +6,A
:BS,    -3,   +13,   +21,A
:BE,    -3,   +13,   +21,A
:BD,       -0.27,        +0.00,        +0.03,   4.71,  0.00
:SA,   +0.00,   +0.00,  0.00
:TS,04010101161236,35.0, +30.9,   0.0,1547.5,624
:BI,    -4,    -6,   +26,   +11,A
:BS,    -6,    +4,   +26,A
:BE,    -6,    +4,   +26,A
:BD,       -0.27,        +0.01,        +0.03,   4.71,  0.00
:SA,   +0.00,   +0.00,  0.00
:TS,04010101161245,35.0, +30.9,   0.0,1547.5,621
:BI,   -10,   -19,   +33,   +11,A
:BS,   -19,   +10,   +33,A
:BE,   -19,   +10,   +33,A
:BD,       -0.27,        +0.01,        +0.03,   4.67,  0.00
:SA,   +0.00,   +0.00,  0.00
:TS,04010101161254,35.0, +30.9,   0.0,1547.5,627
:BI,    -8,   -14,   +34,    +0,A
:BS,   -14,    +8,   +34,A
:BE,   -14,    +8,   +34,A
:BD,       -0.27,        +0.01,        +0.03,   4.69,  0.00
:SA,   +0.00,   +0.00,  0.00
:TS,04010101161265,35.0, +31.0,   0.0,1547.6,628
:BI,   -11,    -2,   +16,   +25,A
:BS,    -2,   +11,   +16,A
:BE,    -2,   +11,   +16,A
:BD,       -0.27,        +0.01,        +0.04,   4.67,  0.00
:SA,   +0.00,   +0.00,  0.00
:TS,04010101161276,35.0, +31.0,   0.0,1547.6,622
:BI,   -19,   -37,    +5,   +11,A
:BS,   -37,   +19,    +5,A
:BE,   -37,   +19,    +5,A
:BD,       -0.27,        +0.01,        +0.04,   4.69,  0.00
:SA,   +0.00,   +0.00,  0.00
:TS,04010101161285,35.0, +31.0,   0.0,1547.6,623
:BI,   -16,   -44,   -13,   +16,A
:BS,   -44,   +16,   -13,A
:BE,   -44,   +16,   -13,A
:BD,       -0.27,        +0.01,        +0.04,   4.74,  0.00
:SA,   +0.00,   +0.00,  0.00
:TS,04010101161294,35.0, +31.0,   0.0,1547.6,624
:BI,   -19,    +0,   -22,    +9,A
:BS,    +0,   +19,   -22,A
:BE,    +0,   +19,   -22,A
:BD,       -0.27,        +0.01,        +0.04,   4.67,  0.00
:SA,   +0.00,   +0.00,  0.00
:TS,04010101161303,35.0, +31.0,   0.0,1547.6,621
:BI,    -5,   -37,   -32,    +0,A
:BS,   -37,    +5,   -32,A
:BE,   -37,    +5,   -32,A
:BD,       -0.28,        +0.01,        +0.04,   4.67,  0.00
:SA,   +0.00,   +0.00,  0.00
:TS,04010101161312,35.0, +31.0,   0.0,1547.6,627
:BI,   +10,   -47,   -38,   +11,A
:BS,   -47,   -10,   -38,A
:BE,   -47,   -10,   -38,A
:BD,       -0.28,        +0.01,        +0.04,   4.69,  0.00
:SA,   +0.00,   +0.00,  0.00
:TS,04010101161321,35.0, +31.0,   0.0,1547.6,628
:BI,    +5,   -26,   -31,    +4,A
:BS,   -26,    -5,   -31,A
:BE,   -26,    -5,   -31,A
:BD,       -0.28,        +0.01,        +0.03,   4.71,  0.00
:SA,   +0.00,   +0.00,  0.00
:TS,04010101161330,35.0, +31.0,   0.0,1547.6,622
:BI,   +12,   -15,   -19,    +0,A
:BS,   -15,   -12,   -19,A
:BE,   -15,   -12,   -19,A
:BD,       -0.28,        +0.01,        +0.03,   4.73,  0.00
:SA,   +0.00,   +0.00,  0.00
:TS,04010101161339,35.0, +31.0,   0.0,1547.6,623
:BI,   -32,   -31,    -1,   +50,A
:BS,   -31,   +32,    -1,A
:BE,   -31,   +32,    -1,A
:BD,       -0.28,        +0.01,        +0.03,   4.69,  0.00
:SA,   +0.00,   +0.00,  0.00
:TS,04010101161348,35.0, +31.0,   0.0,1547.6,624
:BI,    -7,    +0,   +10,   +19,A
:BS,    +0,    +7,   +10,A
:BE,    +0,    +7,   +10,A
:BD,       -0.29,        +0.01,        +0.03,   4.71,  0.00
:SA,   +0.00,   +0.00,  0.00
:TS,04010101161357,35.0, +31.0,   0.0,1547.6,621
:BI,    +0,    +8,   +22,    -2,A
:BS,    +8,    +0,   +22,A
:BE,    +8,    +0,   +22,A
:BD,       -0.29,        +0.01,        +0.03,   4.69,  0.00
:SA,   +0.00,   +0.00,  0.00
:TS,04010101161366,35.0, +31.0,   0.0,1547.6,627
:BI,   -17,   +15,   +29,   +24,A
:BS,   +15,   +17,   +29,A
:BE,   +15,   +17,   +29,A
:BD,       -0.29,        +0.02,        +0.03,   4.73,  0.00
:SA,   +0.00,   +0.00,  0.00
:TS,04010101161375,35.0, +31.0,   0.0,1547.6,628
:BI,    +3,    +9,   +22,    +1,A
:BS,    +9,    -3,   +22,A
:BE,    +9,    -3,   +22,A
:BD,       -0.29,        +0.02,        +0.03,   4.69,  0.00
:SA,   +0.00,   +0.00,  0.00
:TS,04010101161386,35.0, +31.0,   0.0,1547.6,622
:BI,    -8,    -3,   +15,   -19,A
:BS,    -3,    +8,   +15,A
:BE,    -3,    +8,   +15,A
:BD,       -0.29,        +0.02,        +0.03,   4.67,  0.00
:SA,   +0.00,   +0.00,  0.00
:TS,04010101161397,35.0, +31.0,   0.0,1547.6,623
:BI,   -14,    -7,    -2,   -18,A
:BS,    -7,   +14,    -2,A
:BE,    -7,   +14,    -2,A
:BD,       -0.29,        +0.02,        +0.03,   4.73,  0.00
:SA,   +0.00,   +0.00,  0.00
:TS,04010101161406,35.0, +31.0,   0.0,1547.6,624
:BI,   -25,   -20,   -11,    -9,A
:BS,   -20,   +25,   -11,A
:BE,   -20,   +25,   -11,A
:BD,       -0.29,        +0.02,        +0.03,   4.71,  0.00
:SA,   +0.00,   +0.00,  0.00
:TS,04010101161415,35.0, +31.0,   0.0,1547.6,621
:BI,   -43,   -22,   -25,    -5,A
:BS,   -22,   +43,   -25,A
:BE,   -22,   +43,   -25,A
:BD,       -0.29,        +0.02,        +0.03,   4.69,  0.00
:SA,   +0.00,   +0.00,  0.00
:TS,04010101161424,35.0, +31.0,   0.0,1547.6,627
:BI,   -16,    -3,   -34,    -3,A
:BS,    -3,   +16,   -34,A
:BE,    -3,   +16,   -34,A
:BD,       -0.29,        +0.02,        +0.03,   4.64,  0.00
:SA,   +0.00,   +0.00,  0.00
:TS,04010101161433,35.0, +31.0,   0.0,1547.6,628
:BI,   -19,    +0,   -45,   +34,A
:BS,    +0,   +19,   -45,A
:BE,    +0,   +19,   -45,A
:BD,       -0.29,        +0.02,        +0.03,   4.67,  0.00
:SA,   +0.00,   +0.00,  0.00
:TS,04010101161442,35.0, +31.0,   0.0,1547.6,622
:BI,    -7,   -42,   -30,    +7,A
:BS,   -42,    +7,   -30,A
:BE,   -42,    +7,   -30,A
:BD,       -0.29,        +0.03,        +0.03,   4.69,  0.00
:SA,   +0.00,   +0.00,  0.00
:TS,04010101161451,35.0, +31.0,   0.0,1547.6,623
:BI,    +8,   -37,   -16,    +0,A
:BS,   -37,    -8,   -16,A
:BE,   -37,    -8,   -16,A
:BD,       -0.30,        +0.03,        +0.03,   4.69,  0.00
:SA,   +0.00,   +0.00,  0.00
:TS,04010101161460,35.0, +31.0,   0.0,1547.6,624
:BI,   +35,   -31,    -6,    -1,A
:BS,   -31,   -35,    -6,A
:BE,   -31,   -35,    -6,A
:BD,       -0.30,        +0.03,        +0.03,   4.67,  0.00
:SA,   +0.00,   +0.00,  0.00
:TS,04010101161469,35.0, +31.0,   0.0,1547.6,621
:BI,    +0,   -17,   +25,    +5,A
:BS,   -17,    +0,   +25,A
:BE,   -17,    +0,   +25,A
:BD,       -0.30,        +0.03,        +0.03,   4.67,  0.00
:SA,   +0.00,   +0.00,  0.00
:TS,04010101161478,35.0, +31.0,   0.0,1547.6,627
:BI,   +30,   -24,   +31,   -13,A
:BS,   -24,   -30,   +31,A
:BE,   -24,   -30,   +31,A
:BD,       -0.30,        +0.03,        +0.03,   4.71,  0.00
:SA,   +0.00,   +0.00,  0.00
:TS,04010101161487,35.0, +31.0,   0.0,1547.6,628
:BI,    +0,    -9,   +54,    +0,A
:BS,    -9,    +0,   +54,A
:BE,    -9,    +0,   +54,A
:BD,       -0.30,        +0.03,        +0.03,   4.71,  0.00
:SA,   +0.00,   +0.00,  0.00
:TS,04010101161496,35.0, +31.0,   0.0,1547.6,622
:BI,    -7,    -5,   +59,   +10,A
:BS,    -5,    +7,   +59,A
:BE,    -5,    +7,   +59,A
:BD,       -0.30,        +0.02,        +0.03,   4.71,  0.00
:SA,   +0.00,   +0.00,  0.00
:TS,04010101161507,35.0, +31.0,   0.0,1547.6,623
:BI,    +3,    -5,   +54,    -9,A
:BS,    -5,    -3,   +54,A
:BE,    -5,    -3,   +54,A
:BD,       -0.31,        +0.02,        +0.03,   4.71,  0.00
:SA,   +0.00,   +0.00,  0.00
:TS,04010101161518,35.0, +31.0,   0.0,1547.6,624
:BI,    +9,    +0,   +39,    -3,A
:BS,    +0,    -9,   +39,A
:BE,    +0,    -9,   +39,A
:BD,       -0.31,        +0.02,        +0.04,   4.74,  0.00
:SA,   +0.00,   +0.00,  0.00
:TS,04010101161527,35.0, +31.0,   0.0,1547.6,621
:BI,   +14,   -10,   +18,    -7,A
:BS,   -10,   -14,   +18,A
:BE,   -10,   -14,   +18,A
:BD,       -0.31,        +0.02,        +0.04,   4.73,  0.00
:SA,   +0.00,   +0.00,  0.00
:TS,04010101161536,35.0, +31.0,   0.0,1547.6,627
:BI,   +50,   -12,   -13,   -34,A
:BS,   -12,   -50,   -13,A
:BE,   -12,   -50,   -13,A
:BD,       -0.31,        +0.02,        +0.04,   4.73,  0.00
:SA,   +0.00,   +0.00,  0.00
:TS,04010101161544,35.0, +31.0,   0.0,1547.6,628
:BI,    +9,   -18,   -23,-32768,A
:BS,   -18,    -9,   -23,A
:BE,   -18,    -9,   -23,A
:BD,       -0.31,        +0.02,        +0.04,   4.58,  0.00
:SA,   +0.00,   +0.00,  0.00
:TS,04010101161554,35.0, +31.0,   0.0,1547.6,622
:BI,    -4,   -34,   -32,    +8,A
:BS,   -34,    +4,   -32,A
:BE,   -34,    +4,   -32,A
:BD,       -0.31,        +0.02,        +0.04,   4.73,  0.00
:SA,   +0.00,   +0.00,  0.00
:TS,04010101161563,35.0, +31.0,   0.0,1547.6,623
:BI,    +0,   -40,   -47,    -3,A
:BS,   -40,    +0,   -47,A
:BE,   -40,    +0,   -47,A
:BD,       -0.31,        +0.02,        +0.04,   4.69,  0.00
:SA,   +0.00,   +0.00,  0.00
:TS,04010101161573,35.0, +31.0,   0.0,1547.6,624
:BI,   +16,   -39,   -51,   -15,A
:BS,   -39,   -16,   -51,A
:BE,   -39,   -16,   -51,A
:BD,       -0.32,        +0.02,        +0.04,   4.69,  0.00
:SA,   +0.00,   +0.00,  0.00
:TS,04010101161582,35.0, +31.0,   0.0,1547.6,621
:BI,    -9,   -34,   -45,   -18,A
:BS,   -34,    +9,   -45,A
:BE,   -34,    +9,   -45,A
:BD,       -0.32,        +0.02,        +0.04,   4.73,  0.00
:SA,   +0.00,   +0.00,  0.00
:TS,04010101161591,35.0, +31.0,   0.0,1547.6,627
:BI,   -25,   -31,   -25,    -4,A
:BS,   -31,   +25,   -25,A
:BE,   -31,   +25,   -25,A
:BD,       -0.32,        +0.02,        +0.03,   4.73,  0.00
:SA,   +0.00,   +0.00,  0.00
:TS,04010101161600,35.0, +31.0,   0.0,1547.6,628
:BI,   -12,   -30,   -10,   -14,A
:BS,   -30,   +12,   -10,A
:BE,   -30,   +12,   -10,A
:BD,       -0.32,        +0.02,        +0.03,   4.69,  0.00
:SA,   +0.00,   +0.00,  0.00
:TS,04010101161609,35.0, +31.0,   0.0,1547.6,622
:BI,    +6,    +0,    +8,   -31,A
:BS,    +0,    -6,    +8,A
:BE,    +0,    -6,    +8,A
:BD,       -0.33,        +0.02,        +0.03,   4.74,  0.00
:SA,   +0.00,   +0.00,  0.00
:TS,04010101161620,35.0, +30.9,   0.0,1547.5,623
:BI,   +26,    -4,   +30,   -24,A
:BS,    -4,   -26,   +30,A
:BE,    -4,   -26,   +30,A
:BD,       -0.33,        +0.02,        +0.03,   4.73,  0.00
:SA,   +0.00,   +0.00,  0.00
:TS,04010101161631,35.0, +30.9,   0.0,1547.5,624
:BI,   +19,    -7,   +45,   -19,A
:BS,    -7,   -19,   +45,A
:BE,    -7,   -19,   +45,A
:BD,       -0.33,        +0.02,        +0.03,   4.71,  0.00
:SA,   +0.00,   +0.00,  0.00
:TS,04010101161641,35.0, +30.9,   0.0,1547.5,621
:BI,    +9,    +0,   +44,    -7,A
:BS,    +0,    -9,   +44,A
:BE,    +0,    -9,   +44,A
:BD,       -0.33,        +0.02,        +0.03,   4.67,  0.00
:SA,   +0.00,   +0.00,  0.00
:TS,04010101161650,35.0, +30.9,   0.0,1547.5,627
:BI,    -7,    +3,   +38,    +2,A
:BS,    +3,    +7,   +38,A
:BE,    +3,    +7,   +38,A
:BD,       -0.33,        +0.02,        +0.03,   4.71,  0.00
:SA,   +0.00,   +0.00,  0.00
:TS,04010101161658,35.0, +30.9,   0.0,1547.5,628
:BI,   -21,    -3,   +26,   +10,A
:BS,    -3,   +21,   +26,A
:BE,    -3,   +21,   +26,A
:BD,       -0.33,        +0.02,        +0.04,   4.74,  0.00
:SA,   +0.00,   +0.00,  0.00
:TS,04010101161668,35.0, +30.9,   0.0,1547.5,622
:BI,    +3,    -3,   +24,   -67,A
:BS,    -3,    -3,   +24,A
:BE,    -3,    -3,   +24,A
:BD,       -0.33,        +0.02,        +0.04,   4.64,  0.00
:SA,   +0.00,   +0.00,  0.00
:TS,04010101161676,35.0, +30.9,   0.0,1547.5,623
:BI,    -2,    -6,   -23,   +10,A
:BS,    -6,    +2,   -23,A
:BE,    -6,    +2,   -23,A
:BD,       -0.33,        +0.02,        +0.04,   4.69,  0.00
:SA,   +0.00,   +0.00,  0.00
:TS,04010101161686,35.0, +30.9,   0.0,1547.5,624
:BI,    -3,   -18,   -40,    +5,A
:BS,   -18,    +3,   -40,A
:BE,   -18,    +3,   -40,A
:BD,       -0.33,        +0.02,        +0.04,   4.71,  0.00
:SA,   +0.00,   +0.00,  0.00
:TS,04010101161694,35.0, +30.9,   0.0,1547.5,621
:BI,    +0,   -38,   -45,    +7,A
:BS,   -38,    +0,   -45,A
:BE,   -38,    +0,   -45,A
:BD,       -0.34,        +0.02,        +0.04,   4.69,  0.00
:SA,   +0.00,   +0.00,  0.00
:TS,04010101161704,35.0, +30.9,   0.0,1547.5,627
:BI,    +9,   -28,   -48,    +8,A
:BS,   -28,    -9,   -48,A
:BE,   -28,    -9,   -48,A
:BD,       -0.34,        +0.02,        +0.04,   4.69,  0.00
:SA,   +0.00,   +0.00,  0.00
:TS,04010101161712,35.0, +30.9,   0.0,1547.5,628
:BI,   +21,    -1,   -37,   +12,A
:BS,    -1,   -21,   -37,A
:BE,    -1,   -21,   -37,A
:BD,       -0.34,        +0.02,        +0.03,   4.67,  0.00
:SA,   +0.00,   +0.00,  0.00
:TS,04010101161722,35.0, +30.9,   0.0,1547.5,622
:BI,   +25,   -30,   -18,    -7,A
:BS,   -30,   -25,   -18,A
:BE,   -30,   -25,   -18,A
:BD,       -0.34,        +0.01,        +0.03,   4.71,  0.00
:SA,   +0.00,   +0.00,  0.00
:TS,04010101161733,35.0, +31.0,   0.0,1547.6,623
:BI,   +21,   -32,    +9,    +4,A
:BS,   -32,   -21,    +9,A
:BE,   -32,   -21,    +9,A
:BD,       -0.34,        +0.01,        +0.03,   4.71,  0.00
:SA,   +0.00,   +0.00,  0.00
:TS,04010101161743,35.0, +31.0,   0.0,1547.6,624
:BI,   +21,    +0,   +22,    -3,A
:BS,    +0,   -21,   +22,A
:BE,    +0,   -21,   +22,A
:BD,       -0.34,        +0.01,        +0.03,   4.67,  0.00
:SA,   +0.00,   +0.00,  0.00
:TS,04010101161752,35.0, +31.0,   0.0,1547.6,621
:BI,    +2,   -20,   +37,   +13,A
:BS,   -20,    -2,   +37,A
:BE,   -20,    -2,   +37,A
:BD,       -0.35,        +0.01,        +0.03,   4.67,  0.00
:SA,   +0.00,   +0.00,  0.00
:TS,04010101161761,35.0, +31.0,   0.0,1547.6,627
:BI,   -22,   -18,   +38,    +8,A
:BS,   -18,   +22,   +38,A
:BE,   -18,   +22,   +38,A
:BD,       -0.35,        +0.01,        +0.03,   4.69,  0.00
:SA,   +0.00,   +0.00,  0.00
:TS,04010101161770,35.0, +31.0,   0.0,1547.6,628
:BI,   -45,   -23,   +39,   +15,A
:BS,   -23,   +45,   +39,A
:BE,   -23,   +45,   +39,A
:BD,       -0.35,        +0.01,        +0.03,   4.69,  0.00
:SA,   +0.00,   +0.00,  0.00
:TS,04010101161779,35.0, +31.0,   0.0,1547.6,622
:BI,   -58,    -9,   +24,   +17,A
:BS,    -9,   +58,   +24,A
:BE,    -9,   +58,   +24,A
:BD,       -0.35,        +0.01,        +0.04,   4.69,  0.00
:SA,   +0.00,   +0.00,  0.00
:TS,04010101161788,35.0, +31.0,   0.0,1547.6,623
:BI,   -20,   -12,    -6,-32768,A
:BS,   -12,   +20,    -6,A
:BE,   -12,   +20,    -6,A
:BD,       -0.35,        +0.01,        +0.04,   4.51,  0.00
:SA,   +0.00,   +0.00,  0.00
:TS,04010101161797,35.0, +31.0,   0.0,1547.6,624
:BI,    -9,   -26,   -27,-32768,A
:BS,   -26,    +9,   -27,A
:BE,   -26,    +9,   -27,A
:BD,       -0.35,        +0.02,        +0.04,   4.56,  0.00
:SA,   +0.00,   +0.00,  0.00
:TS,04010101161806,35.0, +31.0,   0.0,1547.6,621
:BI,    +1,   -16,   -43,-32768,A
:BS,   -16,    -1,   -43,A
:BE,   -16,    -1,   -43,A
:BD,       -0.36,        +0.02,        +0.04,   4.53,  0.00
:SA,   +0.00,   +0.00,  0.00
:TS,04010101161815,35.0, +31.0,   0.0,1547.6,627
:BI,   -30,    +1,   -41,   +25,A
:BS,    +1,   +30,   -41,A
:BE,    +1,   +30,   -41,A
:BD,       -0.36,        +0.02,        +0.04,   4.67,  0.00
:SA,   +0.00,   +0.00,  0.00
:TS,04010101161824,35.0, +31.0,   0.0,1547.6,628
:BI,    +8,    -8,   -39,-32768,A
:BS,    -8,    -8,   -39,A
:BE,    -8,    -8,   -39,A
:BD,       -0.36,        +0.02,        +0.03,   4.49,  0.00
:SA,   +0.00,   +0.00,  0.00
:TS,04010101161833,35.0, +31.0,   0.0,1547.6,622
:BI,    +4,    -9,   -24,    -3,A
:BS,    -9,    -4,   -24,A
:BE,    -9,    -4,   -24,A
:BD,       -0.36,        +0.02,        +0.03,   4.67,  0.00
:SA,   +0.00,   +0.00,  0.00
:TS,04010101161845,35.0, +31.0,   0.0,1547.6,623
:BI,    -8,   -13,    +0,-32768,A
:BS,   -13,    +8,    +0,A
:BE,   -13,    +8,    +0,A
:BD,       -0.36,        +0.02,        +0.03,   4.53,  0.00
:SA,   +0.00,   +0.00,  0.00
:TS,04010101161856,35.0, +31.0,   0.0,1547.6,624
:BI,   -11,   -14,   +22,-32768,A
:BS,   -14,   +11,   +22,A
:BE,   -14,   +11,   +22,A
:BD,       -0.36,        +0.02,        +0.03,   4.53,  0.00
:SA,   +0.00,   +0.00,  0.00
:TS,04010101161865,35.0, +31.0,   0.0,1547.6,621
:BI,   +29,   -16,   +23,   -38,A
:BS,   -16,   -29,   +23,A
:BE,   -16,   -29,   +23,A
:BD,       -0.36,        +0.02,        +0.03,   4.71,  0.00
:SA,   +0.00,   +0.00,  0.00
:TS,04010101161875,35.0, +31.0,   0.0,1547.6,627
:BI,   +24,   -13,   +33,   -24,A
:BS,   -13,   -24,   +33,A
:BE,   -13,   -24,   +33,A
:BD,       -0.36,        +0.02,        +0.03,   4.71,  0.00
:SA,   +0.00,   +0.00,  0.00
:TS,04010101161884,35.0, +31.0,   0.0,1547.6,628
:BI,   +12,    +0,   +25,   -13,A
:BS,    +0,   -12,   +25,A
:BE,    +0,   -12,   +25,A
:BD,       -0.36,        +0.02,        +0.03,   4.67,  0.00
:SA,   +0.00,   +0.00,  0.00
:TS,04010101161893,35.0, +31.0,   0.0,1547.6,622
:BI,   +11,    +3,   +19,   -13,A
:BS,    +3,   -11,   +19,A
:BE,    +3,   -11,   +19,A
:BD,       -0.36,        +0.02,        +0.03,   4.67,  0.00
:SA,   +0.00,   +0.00,  0.00
:TS,04010101161902,35.0, +31.0,   0.0,1547.6,623
:BI,    -7,    -8,   +11,    -2,A
:BS,    -8,    +7,   +11,A
:BE,    -8,    +7,   +11,A
:BD,       -0.37,        +0.02,        +0.03,   4.67,  0.00
:SA,   +0.00,   +0.00,  0.00
:TS,04010101161911,35.0, +31.0,   0.0,1547.6,624
:BI,    +1,   -11,    -3,   +10,A
:BS,   -11,    -1,    -3,A
:BE,   -11,    -1,    -3,A
:BD,       -0.37,        +0.02,        +0.03,   4.66,  0.00
:SA,   +0.00,   +0.00,  0.00
:TS,04010101161920,35.0, +31.0,   0.0,1547.6,621
:BI,    -6,   -28,    +0,    +6,A
:BS,   -28,    +6,    +0,A
:BE,   -28,    +6,    +0,A
:BD,       -0.37,        +0.02,        +0.03,   4.71,  0.00
:SA,   +0.00,   +0.00,  0.00
:TS,04010101161929,35.0, +31.0,   0.0,1547.6,627
:BI,    -2,    -2,    +0,    +8,A
:BS,    -2,    +2,    +0,A
:BE,    -2,    +2,    +0,A
:BD,       -0.37,        +0.02,        +0.03,   4.67,  0.00
:SA,   +0.00,   +0.00,  0.00
:TS,04010101161938,35.0, +31.0,   0.0,1547.6,628
:BI,    -3,   -29,    +9,    +1,A
:BS,   -29,    +3,    +9,A
:BE,   -29,    +3,    +9,A
:BD,       -0.37,        +0.02,        +0.04,   4.66,  0.00
:SA,   +0.00,   +0.00,  0.00
:TS,04010101161947,35.0, +31.0,   0.0,1547.6,622
:BI,    +0,   -14,   +14,    -2,A
:BS,   -14,    +0,   +14,A
:BE,   -14,    +0,   +14,A
:BD,       -0.37,        +0.02,        +0.04,   4.69,  0.00
:SA,   +0.00,   +0.00,  0.00
:TS,04010101161958,35.0, +31.0,   0.0,1547.6,623
:BI,    -5,   -12,   +25,    +9,A
:BS,   -12,    +5,   +25,A
:BE,   -12,    +5,   +25,A
:BD,       -0.37,        +0.02,        +0.04,   4.69,  0.00
:SA,   +0.00,   +0.00,  0.00
:TS,04010101161969,35.0, +31.0,   0.0,1547.6,624
:BI,   -12,    +0,   +30,    +3,A
:BS,    +0,   +12,   +30,A
:BE,    +0,   +12,   +30,A
:BD,       -0.37,        +0.02,        +0.04,   4.69,  0.00
:SA,   +0.00,   +0.00,  0.00
:TS,04010101161978,35.0, +31.0,   0.0,1547.6,621
:BI,   -12,    +0,   +23,    +7,A
:BS,    +0,   +12,   +23,A
:BE,    +0,   +12,   +23,A
:BD,       -0.37,        +0.02,        +0.04,   4.67,  0.00
:SA,   +0.00,   +0.00,  0.00
:TS,04010101161988,35.0, +31.0,   0.0,1547.6,627
:BI,   -23,   -10,   +10,   +11,A
:BS,   -10,   +23,   +10,A
:BE,   -10,   +23,   +10,A
:BD,       -0.38,        +0.02,        +0.04,   4.71,  0.00
:SA,   +0.00,   +0.00,  0.00
:TS,04010101161996,35.0, +31.0,   0.0,1547.6,628
:BI,   -29,    +2,    +2,    +4,A
:BS,    +2,   +29,    +2,A
:BE,    +2,   +29,    +2,A
:BD,       -0.38,        +0.02,        +0.04,   4.67,  0.00
:SA,   +0.00,   +0.00,  0.00
:TS,04010101162006,35.0, +31.0,   0.0,1547.6,622
:BI,   -30,   -10,   -15,   +12,A
:BS,   -10,   +30,   -15,A
:BE,   -10,   +30,   -15,A
:BD,       -0.38,        +0.02,        +0.04,   4.73,  0.00
:SA,   +0.00,   +0.00,  0.00
:TS,04010101162014,35.0, +31.0,   0.0,1547.6,623
