>BP001
>BX00060
>EA00000
>ES35
>TE00:00:00.00
>TP00:00.00
>PD6
>CK
[Parameters saved as USER defaults]

>CS
:SA,   +0.00,   +0.00,  0.00
:TS,04010100200942,35.0, +21.0,   0.0,1524.2,621
:BI,-32768,-32768,-32768,-32768,V
:BS,-32768,-32768,-32768,V
:BE,-32768,-32768,-32768,V
:BD,        +0.00,        +0.00,        +0.00,   0.00,  0.00
:SA,   +0.00,   +0.00,  0.00
:TS,04010100200951,35.0, +21.0,   0.0,1524.2,627
:BI,-32768,-32768,-32768,-32768,V
:BS,-32768,-32768,-32768,V
:BE,-32768,-32768,-32768,V
:BD,        +0.00,        +0.00,        +0.00,   0.00,  0.09
:SA,   +0.00,   +0.00,  0.00
:TS,04010100200960,35.0, +21.0,   0.0,1524.2,628
:BI,-32768,-32768,-32768,-32768,V
:BS,-32768,-32768,-32768,V
:BE,-32768,-32768,-32768,V
:BD,        +0.00,        +0.00,        +0.00,   0.00,  0.18
:SA,   +0.00,   +0.00,  0.00
:TS,04010100200968,35.0, +21.0,   0.0,1524.2,622
:BI,-32768,-32768,-32768,-32768,V
:BS,-32768,-32768,-32768,V
:BE,-32768,-32768,-32768,V
:BD,        +0.00,        +0.00,        +0.00,   4.36,  0.26
:SA,   +0.00,   +0.00,  0.00
:TS,04010100200978,35.0, +21.0,   0.0,1524.2,623
:BI,   -29,    +0,   -20,   +11,A
:BS,   -29,    +0,   -20,A
:BE,   -29,    +0,   -20,A
:BD,        +0.00,        +0.00,        +0.00,   4.49,  0.26
:SA,   +0.00,   +0.00,  0.00
:TS,04010100200988,35.0, +21.0,   0.0,1524.2,624
:BI,   -14,    -8,    -6,   -24,A
:BS,   -14,    -8,    -6,A
:BE,   -14,    -8,    -6,A
:BD,       -0.00,       -0.00,       -0.00,   4.44,  0.00
:SA,   +0.00,   +0.00,  0.00
:TS,04010100200997,35.0, +21.0,   0.0,1524.2,621
:BI,    +6,   -13,    +1,    +1,A
:BS,    +6,   -13,    +1,A
:BE,    +6,   -13,    +1,A
:BD,       -0.00,       -0.00,       -0.00,   4.49,  0.00
:SA,   +0.00,   +0.00,  0.00
:TS,04010100201006,35.0, +21.0,   0.0,1524.2,627
:BI,   +19,    +0,   +12,    +1,A
:BS,   +19,    +0,   +12,A
:BE,   +19,    +0,   +12,A
:BD,       -0.00,       -0.00,       -0.00,   4.47,  0.00
:SA,   +0.00,   +0.00,  0.00
:TS,04010100201015,35.0, +21.0,   0.0,1524.2,628
:BI,   +35,    -1,   +26,   +10,A
:BS,   +35,    -1,   +26,A
:BE,   +35,    -1,   +26,A
:BD,       -0.00,       -0.00,       -0.00,   4.47,  0.00
:SA,   +0.00,   +0.00,  0.00
:TS,04010100201024,35.0, +21.0,   0.0,1524.2,622
:BI,   +23,    +1,   +32,   +18,A
:BS,   +23,    +1,   +32,A
:BE,   +23,    +1,   +32,A
:BD,       -0.00,       -0.00,       -0.00,   4.49,  0.00
:SA,   +0.00,   +0.00,  0.00
:TS,04010100201033,35.0, +21.0,   0.0,1524.2,623
:BI,    -3,   -33,   +40,   -10,A
:BS,    -3,   -33,   +40,A
:BE,    -3,   -33,   +40,A
:BD,       -0.00,       -0.00,       -0.00,   4.47,  0.00
:SA,   +0.00,   +0.00,  0.00
:TS,04010100201045,35.0, +30.1,   0.0,1545.8,624
:BI,   -39,   -42,   +35,    +4,A
:BS,   -39,   -42,   +35,A
:BE,   -39,   -42,   +35,A
:BD,       -0.00,       -0.00,        +0.00,   4.48,  0.00
:SA,   +0.00,   +0.00,  0.00
:TS,04010100201055,35.0, +30.1,   0.0,1545.8,621
:BI,   -57,   -53,   +27,    +6,A
:BS,   -57,   -53,   +27,A
:BE,   -57,   -53,   +27,A
:BD,       -0.01,       -0.01,        +0.00,   4.48,  0.00
:SA,   +0.00,   +0.00,  0.00
:TS,04010100201064,35.0, +30.1,   0.0,1545.8,627
:BI,   -41,   -49,   +12,    -5,A
:BS,   -41,   -49,   +12,A
:BE,   -41,   -49,   +12,A
:BD,       -0.01,       -0.01,        +0.01,   4.48,  0.00
:SA,   +0.00,   +0.00,  0.00
:TS,04010100201073,35.0, +30.1,   0.0,1545.8,628
:BI,   -10,   -56,   +10,    +4,A
:BS,   -10,   -56,   +10,A
:BE,   -10,   -56,   +10,A
:BD,       -0.01,       -0.01,        +0.01,   4.50,  0.00
:SA,   +0.00,   +0.00,  0.00
:TS,04010100201082,35.0, +30.1,   0.0,1545.8,622
:BI,   -24,   -43,    -6,   -10,A
:BS,   -24,   -43,    -6,A
:BE,   -24,   -43,    -6,A
:BD,       -0.01,       -0.02,        +0.01,   4.48,  0.00
:SA,   +0.00,   +0.00,  0.00
:TS,04010100201091,35.0, +30.1,   0.0,1545.8,623
:BI,   +22,   -89,   -27,   +23,A
:BS,   +22,   -89,   -27,A
:BE,   +22,   -89,   -27,A
:BD,       -0.01,       -0.02,        +0.01,   4.53,  0.00
:SA,   +0.00,   +0.00,  0.00
:TS,04010100201100,35.0, +30.1,   0.0,1545.8,624
:BI,    -2,   -21,   -32,    +0,A
:BS,    -2,   -21,   -32,A
:BE,    -2,   -21,   -32,A
:BD,       -0.01,       -0.03,        +0.01,   4.50,  0.00
:SA,   +0.00,   +0.00,  0.00
:TS,04010100201110,35.0, +30.1,   0.0,1545.8,621
:BI,   -34,    -2,   -20,    -3,A
:BS,   -34,    -2,   -20,A
:BE,   -34,    -2,   -20,A
:BD,       -0.02,       -0.03,        +0.01,   4.50,  0.00
:SA,   +0.00,   +0.00,  0.00
:TS,04010100201119,35.0, +30.1,   0.0,1545.8,627
:BI,   -12,   -15,   -36,    -9,A
:BS,   -12,   -15,   -36,A
:BE,   -12,   -15,   -36,A
:BD,       -0.02,       -0.03,        +0.01,   4.48,  0.00
:SA,   +0.00,   +0.00,  0.00
:TS,04010100201128,35.0, +30.1,   0.0,1545.8,628
:BI,   +19,    -4,   -31,    +7,A
:BS,   +19,    -4,   -31,A
:BE,   +19,    -4,   -31,A
:BD,       -0.02,       -0.03,        +0.00,   4.44,  0.00
:SA,   +0.00,   +0.00,  0.00
:TS,04010100201137,35.0, +30.1,   0.0,1545.8,622
:BI,   +29,   -10,   -29,    +8,A
:BS,   +29,   -10,   -29,A
:BE,   +29,   -10,   -29,A
:BD,       -0.02,       -0.04,        +0.00,   4.55,  0.00
:SA,   +0.00,   +0.00,  0.00
:TS,04010100201146,35.0, +30.1,   0.0,1545.8,623
:BI,   +41,   -32,   -21,   -15,A
:BS,   +41,   -32,   -21,A
:BE,   +41,   -32,   -21,A
:BD,       -0.02,       -0.04,       -0.00,   4.50,  0.00
:SA,   +0.00,   +0.00,  0.00
:TS,04010100201157,35.0, +30.1,   0.0,1545.8,624
:BI,   +26,   -32,    -4,    -4,A
:BS,   +26,   -32,    -4,A
:BE,   +26,   -32,    -4,A
:BD,       -0.01,       -0.04,       -0.00,   4.48,  0.00
:SA,   +0.00,   +0.00,  0.00
:TS,04010100201167,35.0, +30.1,   0.0,1545.8,621
:BI,    +6,   -34,    +9,    -4,A
:BS,    +6,   -34,    +9,A
:BE,    +6,   -34,    +9,A
:BD,       -0.01,       -0.04,       -0.00,   4.44,  0.00
:SA,   +0.00,   +0.00,  0.00
:TS,04010100201176,35.0, +30.1,   0.0,1545.8,627
:BI,   -22,   -34,   +21,   +25,A
:BS,   -22,   -34,   +21,A
:BE,   -22,   -34,   +21,A
:BD,       -0.01,       -0.05,       -0.00,   4.50,  0.00
:SA,   +0.00,   +0.00,  0.00
:TS,04010100201185,35.0, +30.1,   0.0,1545.8,628
:BI,   +30,   -15,    +8,   -21,A
:BS,   +30,   -15,    +8,A
:BE,   +30,   -15,    +8,A
:BD,       -0.01,       -0.05,       -0.00,   4.50,  0.00
:SA,   +0.00,   +0.00,  0.00
:TS,04010100201194,35.0, +30.1,   0.0,1545.8,622
:BI,   -51,    +0,   +26,   +18,A
:BS,   -51,    +0,   +26,A
:BE,   -51,    +0,   +26,A
:BD,       -0.01,       -0.05,       -0.00,   4.50,  0.00
:SA,   +0.00,   +0.00,  0.00
:TS,04010100201204,35.0, +30.1,   0.0,1545.8,623
:BI,   -24,    -6,   +24,   -12,A
:BS,   -24,    -6,   +24,A
:BE,   -24,    -6,   +24,A
:BD,       -0.01,       -0.05,       -0.00,   4.50,  0.00
:SA,   +0.00,   +0.00,  0.00
:TS,04010100201213,35.0, +30.1,   0.0,1545.8,624
:BI,   -20,    -2,   +27,    +0,A
:BS,   -20,    -2,   +27,A
:BE,   -20,    -2,   +27,A
:BD,       -0.01,       -0.05,       -0.00,   4.50,  0.00
:SA,   +0.00,   +0.00,  0.00
:TS,04010100201222,35.0, +30.1,   0.0,1545.8,621
:BI,   +12,    -4,   +17,   -15,A
:BS,   +12,    -4,   +17,A
:BE,   +12,    -4,   +17,A
:BD,       -0.01,       -0.05,        +0.00,   4.50,  0.00
:SA,   +0.00,   +0.00,  0.00
:TS,04010100201231,35.0, +30.1,   0.0,1545.8,627
:BI,   -16,    +0,   +36,    -9,A
:BS,   -16,    +0,   +36,A
:BE,   -16,    +0,   +36,A
:BD,       -0.02,       -0.05,        +0.00,   4.53,  0.00
:SA,   +0.00,   +0.00,  0.00
:TS,04010100201240,35.0, +30.1,   0.0,1545.8,628
:BI,   +28,   -39,   +10,    -9,A
:BS,   +28,   -39,   +10,A
:BE,   +28,   -39,   +10,A
:BD,       -0.01,       -0.06,        +0.00,   4.48,  0.00
:SA,   +0.00,   +0.00,  0.00
:TS,04010100201249,35.0, +30.1,   0.0,1545.8,622
:BI,    +3,   -52,   +16,   +12,A
:BS,    +3,   -52,   +16,A
:BE,    +3,   -52,   +16,A
:BD,       -0.01,       -0.06,        +0.01,   4.50,  0.00
:SA,   +0.00,   +0.00,  0.00
:TS,04010100201258,35.0, +30.1,   0.0,1545.8,623
:BI,    -9,   -52,    +4,    +0,A
:BS,    -9,   -52,    +4,A
:BE,    -9,   -52,    +4,A
:BD,       -0.01,       -0.06,        +0.01,   4.50,  0.00
:SA,   +0.00,   +0.00,  0.00
:TS,04010100201269,35.0, +30.1,   0.0,1545.8,624
:BI,   -28,   -54,    +5,   +17,A
:BS,   -28,   -54,    +5,A
:BE,   -28,   -54,    +5,A
:BD,       -0.02,       -0.06,        +0.01,   4.48,  0.00
:SA,   +0.00,   +0.00,  0.00
:TS,04010100201279,35.0, +30.1,   0.0,1545.8,621
:BI,    -7,  -128,   -31,  +114,A
:BS,    -7,  -128,   -31,A
:BE,    -7,  -128,   -31,A
:BD,       -0.02,       -0.07,        +0.01,   4.44,  0.00
:SA,   +0.00,   +0.00,  0.00
:TS,04010100201288,35.0, +30.1,   0.0,1545.8,627
:BI,   -24,   -24,    -6,   +35,A
:BS,   -24,   -24,    -6,A
:BE,   -24,   -24,    -6,A
:BD,       -0.02,       -0.07,        +0.01,   4.46,  0.00
:SA,   +0.00,   +0.00,  0.00
:TS,04010100201297,35.0, +30.1,   0.0,1545.8,628
:BI,   +15,    +0,   -55,   +74,A
:BS,   +15,    +0,   -55,A
:BE,   +15,    +0,   -55,A
:BD,       -0.02,       -0.08,        +0.01,   4.53,  0.00
:SA,   +0.00,   +0.00,  0.00
:TS,04010100201306,35.0, +30.1,   0.0,1545.8,622
:BI,   +12,    +2,   -64,   +84,A
:BS,   +12,    +2,   -64,A
:BE,   +12,    +2,   -64,A
:BD,       -0.02,       -0.08,        +0.01,   4.60,  0.00
:SA,   +0.00,   +0.00,  0.00
:TS,04010100201315,35.0, +30.1,   0.0,1545.8,623
:BI,    +8,   -65,   -37,   +48,A
:BS,    +8,   -65,   -37,A
:BE,    +8,   -65,   -37,A
:BD,       -0.02,       -0.08,        +0.00,   4.46,  0.00
:SA,   +0.00,   +0.00,  0.00
:TS,04010100201324,35.0, +30.1,   0.0,1545.8,624
:BI,    -2,   -49,   -28,   +28,A
:BS,    -2,   -49,   -28,A
:BE,    -2,   -49,   -28,A
:BD,       -0.02,       -0.09,       -0.00,   4.46,  0.00
:SA,   +0.00,   +0.00,  0.00
:TS,04010100201333,35.0, +30.1,   0.0,1545.8,621
:BI,    -2,    -4,    -3,    -3,A
:BS,    -2,    -4,    -3,A
:BE,    -2,    -4,    -3,A
:BD,       -0.02,       -0.09,       -0.00,   4.46,  0.00
:SA,   +0.00,   +0.00,  0.00
:TS,04010100201342,35.0, +30.1,   0.0,1545.8,627
:BI,   +43,   -10,    -3,   -27,A
:BS,   +43,   -10,    -3,A
:BE,   +43,   -10,    -3,A
:BD,       -0.02,       -0.09,       -0.00,   4.44,  0.00
:SA,   +0.00,   +0.00,  0.00
:TS,04010100201352,35.0, +30.1,   0.0,1545.8,628
:BI,    -7,   -39,   +17,    +0,A
:BS,    -7,   -39,   +17,A
:BE,    -7,   -39,   +17,A
:BD,       -0.02,       -0.10,       -0.00,   4.51,  0.00
:SA,   +0.00,   +0.00,  0.00
:TS,04010100201361,35.0, +30.1,   0.0,1545.8,622
:BI,   +41,    +0,    +0,   +11,A
:BS,   +41,    +0,    +0,A
:BE,   +41,    +0,    +0,A
:BD,       -0.02,       -0.10,       -0.01,   4.46,  0.00
:SA,   +0.00,   +0.00,  0.00
:TS,04010100201370,35.0, +30.1,   0.0,1545.8,623
:BI,    -5,    -8,    +8,   -17,A
:BS,    -5,    -8,    +8,A
:BE,    -5,    -8,    +8,A
:BD,       -0.01,       -0.10,       -0.01,   4.46,  0.00
:SA,   +0.00,   +0.00,  0.00
:TS,04010100201381,35.0, +30.1,   0.0,1545.8,624
:BI,   +13,   -63,    +9,   -22,A
:BS,   +13,   -63,    +9,A
:BE,   +13,   -63,    +9,A
:BD,       -0.01,       -0.10,       -0.01,   4.48,  0.00
:SA,   +0.00,   +0.00,  0.00
:TS,04010100201391,35.0, +30.1,   0.0,1545.8,621
:BI,    +6,   -44,   +25,    +0,A
:BS,    +6,   -44,   +25,A
:BE,    +6,   -44,   +25,A
:BD,       -0.01,       -0.11,       -0.00,   4.51,  0.00
:SA,   +0.00,   +0.00,  0.00
:TS,04010100201400,35.0, +30.1,   0.0,1545.8,627
:BI,    +5,   -18,   +19,    -3,A
:BS,    +5,   -18,   +19,A
:BE,    +5,   -18,   +19,A
:BD,       -0.01,       -0.11,       -0.00,   4.51,  0.00
:SA,   +0.00,   +0.00,  0.00
:TS,04010100201409,35.0, +30.1,   0.0,1545.8,628
:BI,   +33,    -5,    +7,   -23,A
:BS,   +33,    -5,    +7,A
:BE,   +33,    -5,    +7,A
:BD,       -0.01,       -0.11,       -0.00,   4.53,  0.00
:SA,   +0.00,   +0.00,  0.00
:TS,04010100201418,35.0, +30.1,   0.0,1545.8,622
:BI,   -20,   +10,    +7,    +0,A
:BS,   -20,   +10,    +7,A
:BE,   -20,   +10,    +7,A
:BD,       -0.01,       -0.11,       -0.00,   4.53,  0.00
:SA,   +0.00,   +0.00,  0.00
:TS,04010100201427,35.0, +30.1,   0.0,1545.8,623
:BI,   +24,    +0,    -3,    -5,A
:BS,   +24,    +0,    -3,A
:BE,   +24,    +0,    -3,A
:BD,       -0.01,       -0.11,       -0.00,   4.53,  0.00
:SA,   +0.00,   +0.00,  0.00
:TS,04010100201436,35.0, +30.1,   0.0,1545.8,624
:BI,    -3,    -9,    -6,    +7,A
:BS,    -3,    -9,    -6,A
:BE,    -3,    -9,    -6,A
:BD,       -0.01,       -0.11,       -0.00,   4.53,  0.00
:SA,   +0.00,   +0.00,  0.00
:TS,04010100201445,35.0, +30.1,   0.0,1545.8,621
:BI,   -20,   -29,    -5,    +3,A
:BS,   -20,   -29,    -5,A
:BE,   -20,   -29,    -5,A
:BD,       -0.01,       -0.12,       -0.00,   4.51,  0.00
:SA,   +0.00,   +0.00,  0.00
:TS,04010100201454,35.0, +30.1,   0.0,1545.8,627
:BI,   -36,    +0,   +11,   -50,A
:BS,   -36,    +0,   +11,A
:BE,   -36,    +0,   +11,A
:BD,       -0.01,       -0.12,       -0.00,   4.57,  0.00
:SA,   +0.00,   +0.00,  0.00
:TS,04010100201463,35.0, +30.1,   0.0,1545.8,628
:BI,   -30,    -5,    +2,   -57,A
:BS,   -30,    -5,    +2,A
:BE,   -30,    -5,    +2,A
:BD,       -0.01,       -0.12,       -0.00,   4.57,  0.00
:SA,   +0.00,   +0.00,  0.00
:TS,04010100201472,35.0, +30.1,   0.0,1545.8,622
:BI,    -3,    -1,   -26,    +1,A
:BS,    -3,    -1,   -26,A
:BE,    -3,    -1,   -26,A
:BD,       -0.01,       -0.12,       -0.00,   4.53,  0.00
