>BP001
>BX00060
>EA09000
>ES35
>TE00:00:00.00
>TP00:00.00
>PD6
>CK
[Parameters saved as USER defaults]

>CS
:SA,   +0.00,   +0.00,  0.00
:TS,04010100051700,35.0, +21.0,   0.0,1524.2,621
:BI,-32768,-32768,-32768,-32768,V
:BS,-32768,-32768,-32768,V
:BE,-32768,-32768,-32768,V
:BD,        +0.00,        +0.00,        +0.00,   0.00,  0.00
:SA,   +0.00,   +0.00,  0.00
:TS,04010100051708,35.0, +21.0,   0.0,1524.2,627
:BI,-32768,-32768,-32768,-32768,V
:BS,-32768,-32768,-32768,V
:BE,-32768,-32768,-32768,V
:BD,        +0.00,        +0.00,        +0.00,   0.00,  0.08
:SA,   +0.00,   +0.00,  0.00
:TS,04010100051717,35.0, +21.0,   0.0,1524.2,628
:BI,-32768,-32768,-32768,-32768,V
:BS,-32768,-32768,-32768,V
:BE,-32768,-32768,-32768,V
:BD,        +0.00,        +0.00,        +0.00,   0.00,  0.17
:SA,   +0.00,   +0.00,  0.00
:TS,04010100051726,35.0, +21.0,   0.0,1524.2,622
:BI,-32768,-32768,-32768,-32768,V
:BS,-32768,-32768,-32768,V
:BE,-32768,-32768,-32768,V
:BD,        +0.00,        +0.00,        +0.00,   0.00,  0.26
:SA,   +0.00,   +0.00,  0.00
:TS,04010100051736,35.0, +21.0,   0.0,1524.2,623
:BI,-32768,-32768,-32768,-32768,V
:BS,-32768,-32768,-32768,V
:BE,-32768,-32768,-32768,V
:BD,        +0.00,        +0.00,        +0.00,   0.00,  0.36
:SA,   +0.00,   +0.00,  0.00
:TS,04010100051745,35.0, +21.0,   0.0,1524.2,624
:BI,-32768,-32768,-32768,-32768,V
:BS,-32768,-32768,-32768,V
:BE,-32768,-32768,-32768,V
:BD,        +0.00,        +0.00,        +0.00,   0.00,  0.45
:SA,   +0.00,   +0.00,  0.00
:TS,04010100051754,35.0, +21.0,   0.0,1524.2,621
:BI,-32768,-32768,-32768,-32768,V
:BS,-32768,-32768,-32768,V
:BE,-32768,-32768,-32768,V
:BD,        +0.00,        +0.00,        +0.00,   0.00,  0.54
:SA,   +0.00,   +0.00,  0.00
:TS,04010100051763,35.0, +21.0,   0.0,1524.2,627
:BI,-32768,-32768,-32768,-32768,V
:BS,-32768,-32768,-32768,V
:BE,-32768,-32768,-32768,V
:BD,        +0.00,        +0.00,        +0.00,   0.00,  0.63
:SA,   +0.00,   +0.00,  0.00
:TS,04010100051772,35.0, +21.0,   0.0,1524.2,628
:BI,-32768,-32768,-32768,-32768,V
:BS,-32768,-32768,-32768,V
:BE,-32768,-32768,-32768,V
:BD,        +0.00,        +0.00,        +0.00,   0.00,  0.72
:SA,   +0.00,   +0.00,  0.00
:TS,04010100051783,35.0, +21.0,   0.0,1524.2,622
:BI,-32768,-32768,-32768,-32768,V
:BS,-32768,-32768,-32768,V
:BE,-32768,-32768,-32768,V
:BD,        +0.00,        +0.00,        +0.00,   0.00,  0.83
:SA,   +0.00,   +0.00,  0.00
:TS,04010100051792,35.0, +21.0,   0.0,1524.2,623
:BI,-32768,-32768,-32768,-32768,V
:BS,-32768,-32768,-32768,V
:BE,-32768,-32768,-32768,V
:BD,        +0.00,        +0.00,        +0.00,   0.00,  0.92
:SA,   +0.00,   +0.00,  0.00
:TS,04010100051803,35.0, +23.7,   0.0,1531.3,624
:BI,-32768,-32768,-32768,-32768,V
:BS,-32768,-32768,-32768,V
:BE,-32768,-32768,-32768,V
:BD,        +0.00,        +0.00,        +0.00,   0.00,  1.03
:SA,   +0.00,   +0.00,  0.00
:TS,04010100051813,35.0, +23.7,   0.0,1531.3,621
:BI,-32768,-32768,-32768,-32768,V
:BS,-32768,-32768,-32768,V
:BE,-32768,-32768,-32768,V
:BD,        +0.00,        +0.00,        +0.00,   0.00,  1.13
:SA,   +0.00,   +0.00,  0.00
:TS,04010100051822,35.0, +23.7,   0.0,1531.3,627
:BI,-32768,-32768,-32768,-32768,V
:BS,-32768,-32768,-32768,V
:BE,-32768,-32768,-32768,V
:BD,        +0.00,        +0.00,        +0.00,   0.00,  1.22
:SA,   +0.00,   +0.00,  0.00
:TS,04010100051833,35.0, +23.7,   0.0,1531.3,628
:BI,-32768,-32768,-32768,-32768,V
:BS,-32768,-32768,-32768,V
:BE,-32768,-32768,-32768,V
:BD,        +0.00,        +0.00,        +0.00,   0.00,  1.33
:SA,   +0.00,   +0.00,  0.00
:TS,04010100051842,35.0, +23.7,   0.0,1531.3,622
:BI,-32768,-32768,-32768,-32768,V
:BS,-32768,-32768,-32768,V
:BE,-32768,-32768,-32768,V
:BD,        +0.00,        +0.00,        +0.00,   0.00,  1.42
:SA,   +0.00,   +0.00,  0.00
:TS,04010100051851,35.0, +23.7,   0.0,1531.3,623
:BI,-32768,-32768,-32768,-32768,V
:BS,-32768,-32768,-32768,V
:BE,-32768,-32768,-32768,V
:BD,        +0.00,        +0.00,        +0.00,   0.00,  1.51
:SA,   +0.00,   +0.00,  0.00
:TS,04010100051860,35.0, +23.7,   0.0,1531.3,624
:BI,-32768,-32768,-32768,-32768,V
:BS,-32768,-32768,-32768,V
:BE,-32768,-32768,-32768,V
:BD,        +0.00,        +0.00,        +0.00,   0.00,  1.60
:SA,   +0.00,   +0.00,  0.00
:TS,04010100051869,35.0, +23.7,   0.0,1531.3,621
:BI,-32768,-32768,-32768,-32768,V
:BS,-32768,-32768,-32768,V
:BE,-32768,-32768,-32768,V
:BD,        +0.00,        +0.00,        +0.00,   0.00,  1.69
:SA,   +0.00,   +0.00,  0.00
:TS,04010100051880,35.0, +23.7,   0.0,1531.3,627
:BI,-32768,-32768,-32768,-32768,V
:BS,-32768,-32768,-32768,V
:BE,-32768,-32768,-32768,V
:BD,        +0.00,        +0.00,        +0.00,   0.00,  1.80
:SA,   +0.00,   +0.00,  0.00
:TS,04010100051889,35.0, +23.7,   0.0,1531.3,628
:BI,-32768,-32768,-32768,-32768,V
:BS,-32768,-32768,-32768,V
:BE,-32768,-32768,-32768,V
:BD,        +0.00,        +0.00,        +0.00,   0.00,  1.89
:SA,   +0.00,   +0.00,  0.00
:TS,04010100051898,35.0, +23.7,   0.0,1531.3,622
:BI,-32768,-32768,-32768,-32768,V
:BS,-32768,-32768,-32768,V
:BE,-32768,-32768,-32768,V
:BD,        +0.00,        +0.00,        +0.00,   0.00,  1.98
:SA,   +0.00,   +0.00,  0.00
:TS,04010100051907,35.0, +23.7,   0.0,1531.3,623
:BI,-32768,-32768,-32768,-32768,V
:BS,-32768,-32768,-32768,V
:BE,-32768,-32768,-32768,V
:BD,        +0.00,        +0.00,        +0.00,   0.00,  2.07
:SA,   +0.00,   +0.00,  0.00
:TS,04010100051919,35.0, +23.7,   0.0,1531.3,624
:BI,-32768,-32768,-32768,-32768,V
:BS,-32768,-32768,-32768,V
:BE,-32768,-32768,-32768,V
:BD,        +0.00,        +0.00,        +0.00,   0.00,  2.19
:SA,   +0.00,   +0.00,  0.00
:TS,04010100051930,35.0, +23.7,   0.0,1531.3,621
:BI,-32768,-32768,-32768,-32768,V
:BS,-32768,-32768,-32768,V
:BE,-32768,-32768,-32768,V
:BD,        +0.00,        +0.00,        +0.00,   0.00,  2.30
:SA,   +0.00,   +0.00,  0.00
:TS,04010100051940,35.0, +23.7,   0.0,1531.3,627
:BI,-32768,-32768,-32768,-32768,V
:BS,-32768,-32768,-32768,V
:BE,-32768,-32768,-32768,V
:BD,        +0.00,        +0.00,        +0.00,   0.00,  2.40
:SA,   +0.00,   +0.00,  0.00
:TS,04010100051949,35.0, +23.7,   0.0,1531.3,628
:BI,-32768,-32768,-32768,-32768,V
:BS,-32768,-32768,-32768,V
:BE,-32768,-32768,-32768,V
:BD,        +0.00,        +0.00,        +0.00,   0.00,  2.49
:SA,   +0.00,   +0.00,  0.00
:TS,04010100051958,35.0, +23.7,   0.0,1531.3,622
:BI,-32768,-32768,-32768,-32768,V
:BS,-32768,-32768,-32768,V
:BE,-32768,-32768,-32768,V
:BD,        +0.00,        +0.00,        +0.00,   0.00,  2.58
:SA,   +0.00,   +0.00,  0.00
:TS,04010100051966,35.0, +23.7,   0.0,1531.3,623
:BI,-32768,-32768,-32768,-32768,V
:BS,-32768,-32768,-32768,V
:BE,-32768,-32768,-32768,V
:BD,        +0.00,        +0.00,        +0.00,   0.00,  2.66
:SA,   +0.00,   +0.00,  0.00
:TS,04010100051976,35.0, +23.7,   0.0,1531.3,624
:BI,-32768,-32768,-32768,-32768,V
:BS,-32768,-32768,-32768,V
:BE,-32768,-32768,-32768,V
:BD,        +0.00,        +0.00,        +0.00,   0.00,  2.76
:SA,   +0.00,   +0.00,  0.00
:TS,04010100051985,35.0, +23.7,   0.0,1531.3,621
:BI,-32768,-32768,-32768,-32768,V
:BS,-32768,-32768,-32768,V
:BE,-32768,-32768,-32768,V
:BD,        +0.00,        +0.00,        +0.00,   0.00,  2.85
:SA,   +0.00,   +0.00,  0.00
:TS,04010100051994,35.0, +23.7,   0.0,1531.3,627
:BI,-32768,-32768,-32768,-32768,V
:BS,-32768,-32768,-32768,V
:BE,-32768,-32768,-32768,V
:BD,        +0.00,        +0.00,        +0.00,   0.00,  2.94
:SA,   +0.00,   +0.00,  0.00
:TS,04010100052003,35.0, +23.7,   0.0,1531.3,628
:BI,-32768,-32768,-32768,-32768,V
:BS,-32768,-32768,-32768,V
:BE,-32768,-32768,-32768,V
:BD,        +0.00,        +0.00,        +0.00,   0.00,  3.03
:SA,   +0.00,   +0.00,  0.00
:TS,04010100052012,35.0, +23.7,   0.0,1531.3,622
:BI,-32768,-32768,-32768,-32768,V
:BS,-32768,-32768,-32768,V
:BE,-32768,-32768,-32768,V
:BD,        +0.00,        +0.00,        +0.00,   0.00,  3.12
:SA,   +0.00,   +0.00,  0.00
:TS,04010100052023,35.0, +23.7,   0.0,1531.3,623
:BI,-32768,-32768,-32768,-32768,V
:BS,-32768,-32768,-32768,V
:BE,-32768,-32768,-32768,V
:BD,        +0.00,        +0.00,        +0.00,   0.00,  3.23
:SA,   +0.00,   +0.00,  0.00
:TS,04010100052034,35.0, +23.7,   0.0,1531.3,624
:BI,-32768,-32768,-32768,-32768,V
:BS,-32768,-32768,-32768,V
:BE,-32768,-32768,-32768,V
:BD,        +0.00,        +0.00,        +0.00,   0.00,  3.34
:SA,   +0.00,   +0.00,  0.00
:TS,04010100052045,35.0, +23.7,   0.0,1531.3,621
:BI,-32768,-32768,-32768,-32768,V
:BS,-32768,-32768,-32768,V
:BE,-32768,-32768,-32768,V
:BD,        +0.00,        +0.00,        +0.00,   0.00,  3.45
:SA,   +0.00,   +0.00,  0.00
:TS,04010100052053,35.0, +23.7,   0.0,1531.3,627
:BI,-32768,-32768,-32768,-32768,V
:BS,-32768,-32768,-32768,V
:BE,-32768,-32768,-32768,V
:BD,        +0.00,        +0.00,        +0.00,   0.00,  3.53
:SA,   +0.00,   +0.00,  0.00
:TS,04010100052061,35.0, +23.7,   0.0,1531.3,628
:BI,-32768,-32768,-32768,-32768,V
:BS,-32768,-32768,-32768,V
:BE,-32768,-32768,-32768,V
:BD,        +0.00,        +0.00,        +0.00,   0.00,  3.61
:SA,   +0.00,   +0.00,  0.00
:TS,04010100052072,35.0, +23.7,   0.0,1531.3,622
:BI,-32768,-32768,-32768,-32768,V
:BS,-32768,-32768,-32768,V
:BE,-32768,-32768,-32768,V
:BD,        +0.00,        +0.00,        +0.00,   0.00,  3.72
:SA,   +0.00,   +0.00,  0.00
:TS,04010100052081,35.0, +23.7,   0.0,1531.3,623
:BI,-32768,-32768,-32768,-32768,V
:BS,-32768,-32768,-32768,V
:BE,-32768,-32768,-32768,V
:BD,        +0.00,        +0.00,        +0.00,   0.00,  3.81
:SA,   +0.00,   +0.00,  0.00
:TS,04010100052090,35.0, +23.7,   0.0,1531.3,624
:BI,-32768,-32768,-32768,-32768,V
:BS,-32768,-32768,-32768,V
:BE,-32768,-32768,-32768,V
:BD,        +0.00,        +0.00,        +0.00,   0.00,  3.90
:SA,   +0.00,   +0.00,  0.00
:TS,04010100052099,35.0, +23.7,   0.0,1531.3,621
:BI,-32768,-32768,-32768,-32768,V
:BS,-32768,-32768,-32768,V
:BE,-32768,-32768,-32768,V
:BD,        +0.00,        +0.00,        +0.00,   0.00,  3.99
:SA,   +0.00,   +0.00,  0.00
:TS,04010100052108,35.0, +23.7,   0.0,1531.3,627
:BI,-32768,-32768,-32768,-32768,V
:BS,-32768,-32768,-32768,V
:BE,-32768,-32768,-32768,V
:BD,        +0.00,        +0.00,        +0.00,   0.00,  4.08
:SA,   +0.00,   +0.00,  0.00
:TS,04010100052119,35.0, +23.7,   0.0,1531.3,628
:BI,-32768,-32768,-32768,-32768,V
:BS,-32768,-32768,-32768,V
:BE,-32768,-32768,-32768,V
:BD,        +0.00,        +0.00,        +0.00,   0.00,  4.19
:SA,   +0.00,   +0.00,  0.00
:TS,04010100052128,35.0, +23.7,   0.0,1531.3,622
:BI,-32768,-32768,-32768,-32768,V
:BS,-32768,-32768,-32768,V
:BE,-32768,-32768,-32768,V
:BD,        +0.00,        +0.00,        +0.00,   0.00,  4.28
:SA,   +0.00,   +0.00,  0.00
:TS,04010100052137,35.0, +23.7,   0.0,1531.3,623
:BI,-32768,-32768,-32768,-32768,V
:BS,-32768,-32768,-32768,V
:BE,-32768,-32768,-32768,V
:BD,        +0.00,        +0.00,        +0.00,   0.00,  4.37
:SA,   +0.00,   +0.00,  0.00
:TS,04010100052149,35.0, +23.7,   0.0,1531.3,624
:BI,-32768,-32768,-32768,-32768,V
:BS,-32768,-32768,-32768,V
:BE,-32768,-32768,-32768,V
:BD,        +0.00,        +0.00,        +0.00,   0.00,  4.49
:SA,   +0.00,   +0.00,  0.00
:TS,04010100052159,35.0, +23.7,   0.0,1531.3,621
:BI,-32768,-32768,-32768,-32768,V
:BS,-32768,-32768,-32768,V
:BE,-32768,-32768,-32768,V
:BD,        +0.00,        +0.00,        +0.00,   0.00,  4.59
:SA,   +0.00,   +0.00,  0.00
:TS,04010100052169,35.0, +23.7,   0.0,1531.3,627
:BI,-32768,-32768,-32768,-32768,V
:BS,-32768,-32768,-32768,V
:BE,-32768,-32768,-32768,V
:BD,        +0.00,        +0.00,        +0.00,   0.00,  4.69
:SA,   +0.00,   +0.00,  0.00
:TS,04010100052178,35.0, +23.7,   0.0,1531.3,628
:BI,-32768,-32768,-32768,-32768,V
:BS,-32768,-32768,-32768,V
:BE,-32768,-32768,-32768,V
:BD,        +0.00,        +0.00,        +0.00,   0.00,  4.78
:SA,   +0.00,   +0.00,  0.00
:TS,04010100052187,35.0, +23.7,   0.0,1531.3,622
:BI,-32768,-32768,-32768,-32768,V
:BS,-32768,-32768,-32768,V
:BE,-32768,-32768,-32768,V
:BD,        +0.00,        +0.00,        +0.00,   0.00,  4.87
:SA,   +0.00,   +0.00,  0.00
:TS,04010100052196,35.0, +23.7,   0.0,1531.3,623
:BI,-32768,-32768,-32768,-32768,V
:BS,-32768,-32768,-32768,V
:BE,-32768,-32768,-32768,V
:BD,        +0.00,        +0.00,        +0.00,   0.00,  4.96
:SA,   +0.00,   +0.00,  0.00
:TS,04010100052204,35.0, +23.7,   0.0,1531.3,624
:BI,-32768,-32768,-32768,-32768,V
:BS,-32768,-32768,-32768,V
:BE,-32768,-32768,-32768,V
:BD,        +0.00,        +0.00,        +0.00,   0.00,  5.04
:SA,   +0.00,   +0.00,  0.00
:TS,04010100052215,35.0, +23.7,   0.0,1531.3,621
:BI,-32768,-32768,-32768,-32768,V
:BS,-32768,-32768,-32768,V
:BE,-32768,-32768,-32768,V
:BD,        +0.00,        +0.00,        +0.00,   0.00,  5.15
:SA,   +0.00,   +0.00,  0.00
:TS,04010100052224,35.0, +23.7,   0.0,1531.3,627
:BI,-32768,-32768,-32768,-32768,V
:BS,-32768,-32768,-32768,V
:BE,-32768,-32768,-32768,V
:BD,        +0.00,        +0.00,        +0.00,   0.00,  5.24
:SA,   +0.00,   +0.00,  0.00
:TS,04010100052233,35.0, +23.7,   0.0,1531.3,628
:BI,-32768,-32768,-32768,-32768,V
:BS,-32768,-32768,-32768,V
:BE,-32768,-32768,-32768,V
:BD,        +0.00,        +0.00,        +0.00,   0.00,  5.33
:SA,   +0.00,   +0.00,  0.00
:TS,04010100052242,35.0, +23.7,   0.0,1531.3,622
:BI,-32768,-32768,-32768,-32768,V
:BS,-32768,-32768,-32768,V
:BE,-32768,-32768,-32768,V
:BD,        +0.00,        +0.00,        +0.00,   0.00,  5.42
:SA,   +0.00,   +0.00,  0.00
:TS,04010100052251,35.0, +23.7,   0.0,1531.3,623
:BI,-32768,-32768,-32768,-32768,V
:BS,-32768,-32768,-32768,V
:BE,-32768,-32768,-32768,V
:BD,        +0.00,        +0.00,        +0.00,   0.00,  5.51
:SA,   +0.00,   +0.00,  0.00
:TS,04010100052265,35.0, +23.7,   0.0,1531.3,624
:BI,-32768,-32768,-32768,-32768,V
:BS,-32768,-32768,-32768,V
:BE,-32768,-32768,-32768,V
:BD,        +0.00,        +0.00,        +0.00,   0.00,  5.65
:SA,   +0.00,   +0.00,  0.00
:TS,04010100052276,35.0, +23.7,   0.0,1531.3,621
:BI,-32768,-32768,-32768,-32768,V
:BS,-32768,-32768,-32768,V
:BE,-32768,-32768,-32768,V
:BD,        +0.00,        +0.00,        +0.00,   0.00,  5.76
:SA,   +0.00,   +0.00,  0.00
:TS,04010100052285,35.0, +23.7,   0.0,1531.3,627
:BI,-32768,-32768,-32768,-32768,V
:BS,-32768,-32768,-32768,V
:BE,-32768,-32768,-32768,V
:BD,        +0.00,        +0.00,        +0.00,   0.00,  5.85
:SA,   +0.00,   +0.00,  0.00
:TS,04010100052294,35.0, +23.7,   0.0,1531.3,628
:BI,-32768,-32768,-32768,-32768,V
:BS,-32768,-32768,-32768,V
:BE,-32768,-32768,-32768,V
:BD,        +0.00,        +0.00,        +0.00,   0.00,  5.94
:SA,   +0.00,   +0.00,  0.00
:TS,04010100052303,35.0, +23.7,   0.0,1531.3,622
:BI,-32768,-32768,-32768,-32768,V
:BS,-32768,-32768,-32768,V
:BE,-32768,-32768,-32768,V
:BD,        +0.00,        +0.00,        +0.00,   0.00,  6.03
:SA,   +0.00,   +0.00,  0.00
:TS,04010100052313,35.0, +23.7,   0.0,1531.3,623
:BI,-32768,-32768,-32768,-32768,V
:BS,-32768,-32768,-32768,V
:BE,-32768,-32768,-32768,V
:BD,        +0.00,        +0.00,        +0.00,   0.00,  6.13
:SA,   +0.00,   +0.00,  0.00
:TS,04010100052322,35.0, +23.7,   0.0,1531.3,624
:BI,-32768,-32768,-32768,-32768,V
:BS,-32768,-32768,-32768,V
:BE,-32768,-32768,-32768,V
:BD,        +0.00,        +0.00,        +0.00,   0.00,  6.22
:SA,   +0.00,   +0.00,  0.00
:TS,04010100052331,35.0, +23.7,   0.0,1531.3,621
:BI,-32768,-32768,-32768,-32768,V
:BS,-32768,-32768,-32768,V
:BE,-32768,-32768,-32768,V
:BD,        +0.00,        +0.00,        +0.00,   0.00,  6.31
:SA,   +0.00,   +0.00,  0.00
:TS,04010100052340,35.0, +23.7,   0.0,1531.3,627
:BI,-32768,-32768,-32768,-32768,V
:BS,-32768,-32768,-32768,V
:BE,-32768,-32768,-32768,V
:BD,        +0.00,        +0.00,        +0.00,   0.00,  6.40
:SA,   +0.00,   +0.00,  0.00
:TS,04010100052348,35.0, +23.7,   0.0,1531.3,628
:BI,-32768,-32768,-32768,-32768,V
:BS,-32768,-32768,-32768,V
:BE,-32768,-32768,-32768,V
:BD,        +0.00,        +0.00,        +0.00,   0.00,  6.48
:SA,   +0.00,   +0.00,  0.00
:TS,04010100052358,35.0, +23.7,   0.0,1531.3,622
:BI,-32768,-32768,-32768,-32768,V
:BS,-32768,-32768,-32768,V
:BE,-32768,-32768,-32768,V
:BD,        +0.00,        +0.00,        +0.00,   0.00,  6.58
:SA,   +0.00,   +0.00,  0.00
:TS,04010100052367,35.0, +23.7,   0.0,1531.3,623
:BI,-32768,-32768,-32768,-32768,V
:BS,-32768,-32768,-32768,V
:BE,-32768,-32768,-32768,V
:BD,        +0.00,        +0.00,        +0.00,   0.00,  6.67
:SA,   +0.00,   +0.00,  0.00
:TS,04010100052378,35.0, +23.7,   0.0,1531.3,624
:BI,-32768,-32768,-32768,-32768,V
:BS,-32768,-32768,-32768,V
:BE,-32768,-32768,-32768,V
:BD,        +0.00,        +0.00,        +0.00,   0.00,  6.78
:SA,   +0.00,   +0.00,  0.00
:TS,04010100052388,35.0, +23.7,   0.0,1531.3,621
:BI,-32768,-32768,-32768,-32768,V
:BS,-32768,-32768,-32768,V
:BE,-32768,-32768,-32768,V
:BD,        +0.00,        +0.00,        +0.00,   0.00,  6.88
:SA,   +0.00,   +0.00,  0.00
:TS,04010100052397,35.0, +23.7,   0.0,1531.3,627
:BI,-32768,-32768,-32768,-32768,V
:BS,-32768,-32768,-32768,V
:BE,-32768,-32768,-32768,V
:BD,        +0.00,        +0.00,        +0.00,   0.00,  6.97
:SA,   +0.00,   +0.00,  0.00
:TS,04010100052408,35.0, +23.7,   0.0,1531.3,628
:BI,-32768,-32768,-32768,-32768,V
:BS,-32768,-32768,-32768,V
:BE,-32768,-32768,-32768,V
:BD,        +0.00,        +0.00,        +0.00,   0.00,  7.08
:SA,   +0.00,   +0.00,  0.00
:TS,04010100052417,35.0, +23.7,   0.0,1531.3,622
:BI,-32768,-32768,-32768,-32768,V
:BS,-32768,-32768,-32768,V
:BE,-32768,-32768,-32768,V
:BD,        +0.00,        +0.00,        +0.00,   0.00,  7.17
:SA,   +0.00,   +0.00,  0.00
:TS,04010100052426,35.0, +23.7,   0.0,1531.3,623
:BI,-32768,-32768,-32768,-32768,V
:BS,-32768,-32768,-32768,V
:BE,-32768,-32768,-32768,V
:BD,        +0.00,        +0.00,        +0.00,   0.00,  7.26
:SA,   +0.00,   +0.00,  0.00
:TS,04010100052435,35.0, +23.7,   0.0,1531.3,624
:BI,-32768,-32768,-32768,-32768,V
:BS,-32768,-32768,-32768,V
:BE,-32768,-32768,-32768,V
:BD,        +0.00,        +0.00,        +0.00,   0.00,  7.35
:SA,   +0.00,   +0.00,  0.00
:TS,04010100052444,35.0, +23.7,   0.0,1531.3,621
:BI,-32768,-32768,-32768,-32768,V
:BS,-32768,-32768,-32768,V
:BE,-32768,-32768,-32768,V
:BD,        +0.00,        +0.00,        +0.00,   0.00,  7.44
:SA,   +0.00,   +0.00,  0.00
:TS,04010100052455,35.0, +23.7,   0.0,1531.3,627
:BI,-32768,-32768,-32768,-32768,V
:BS,-32768,-32768,-32768,V
:BE,-32768,-32768,-32768,V
:BD,        +0.00,        +0.00,        +0.00,   0.00,  7.55
:SA,   +0.00,   +0.00,  0.00
:TS,04010100052464,35.0, +23.7,   0.0,1531.3,628
:BI,-32768,-32768,-32768,-32768,V
:BS,-32768,-32768,-32768,V
:BE,-32768,-32768,-32768,V
:BD,        +0.00,        +0.00,        +0.00,   0.00,  7.64
:SA,   +0.00,   +0.00,  0.00
:TS,04010100052473,35.0, +23.7,   0.0,1531.3,622
:BI,-32768,-32768,-32768,-32768,V
:BS,-32768,-32768,-32768,V
:BE,-32768,-32768,-32768,V
:BD,        +0.00,        +0.00,        +0.00,   0.00,  7.73
:SA,   +0.00,   +0.00,  0.00
:TS,04010100052482,35.0, +23.7,   0.0,1531.3,623
:BI,-32768,-32768,-32768,-32768,V
:BS,-32768,-32768,-32768,V
:BE,-32768,-32768,-32768,V
:BD,        +0.00,        +0.00,        +0.00,   0.00,  7.82
:SA,   +0.00,   +0.00,  0.00
:TS,04010100052494,35.0, +23.7,   0.0,1531.3,624
:BI,-32768,-32768,-32768,-32768,V
:BS,-32768,-32768,-32768,V
:BE,-32768,-32768,-32768,V
:BD,        +0.00,        +0.00,        +0.00,   0.00,  7.94
:SA,   +0.00,   +0.00,  0.00
:TS,04010100052505,35.0, +23.7,   0.0,1531.3,621
:BI,-32768,-32768,-32768,-32768,V
:BS,-32768,-32768,-32768,V
:BE,-32768,-32768,-32768,V
:BD,        +0.00,        +0.00,        +0.00,   0.00,  8.05
:SA,   +0.00,   +0.00,  0.00
:TS,04010100052515,35.0, +23.7,   0.0,1531.3,627
:BI,-32768,-32768,-32768,-32768,V
:BS,-32768,-32768,-32768,V
:BE,-32768,-32768,-32768,V
:BD,        +0.00,        +0.00,        +0.00,   0.00,  8.15
:SA,   +0.00,   +0.00,  0.00
:TS,04010100052524,35.0, +23.7,   0.0,1531.3,628
:BI,-32768,-32768,-32768,-32768,V
:BS,-32768,-32768,-32768,V
:BE,-32768,-32768,-32768,V
:BD,        +0.00,        +0.00,        +0.00,   0.00,  8.24
:SA,   +0.00,   +0.00,  0.00
:TS,04010100052533,35.0, +23.7,   0.0,1531.3,622
:BI,-32768,-32768,-32768,-32768,V
:BS,-32768,-32768,-32768,V
:BE,-32768,-32768,-32768,V
:BD,        +0.00,        +0.00,        +0.00,   0.00,  8.33
:SA,   +0.00,   +0.00,  0.00
:TS,04010100052541,35.0, +23.7,   0.0,1531.3,623
:BI,-32768,-32768,-32768,-32768,V
:BS,-32768,-32768,-32768,V
:BE,-32768,-32768,-32768,V
:BD,        +0.00,        +0.00,        +0.00,   0.00,  8.41
:SA,   +0.00,   +0.00,  0.00
:TS,04010100052551,35.0, +23.7,   0.0,1531.3,624
:BI,-32768,-32768,-32768,-32768,V
:BS,-32768,-32768,-32768,V
:BE,-32768,-32768,-32768,V
:BD,        +0.00,        +0.00,        +0.00,   0.00,  8.51
:SA,   +0.00,   +0.00,  0.00
:TS,04010100052560,35.0, +23.7,   0.0,1531.3,621
:BI,-32768,-32768,-32768,-32768,V
:BS,-32768,-32768,-32768,V
:BE,-32768,-32768,-32768,V
:BD,        +0.00,        +0.00,        +0.00,   0.00,  8.60
:SA,   +0.00,   +0.00,  0.00
:TS,04010100052569,35.0, +23.7,   0.0,1531.3,627
:BI,-32768,-32768,-32768,-32768,V
:BS,-32768,-32768,-32768,V
:BE,-32768,-32768,-32768,V
:BD,        +0.00,        +0.00,        +0.00,   0.00,  8.69
:SA,   +0.00,   +0.00,  0.00
:TS,04010100052578,35.0, +23.7,   0.0,1531.3,628
:BI,-32768,-32768,-32768,-32768,V
:BS,-32768,-32768,-32768,V
:BE,-32768,-32768,-32768,V
:BD,        +0.00,        +0.00,        +0.00,   0.00,  8.78
:SA,   +0.00,   +0.00,  0.00
:TS,04010100052587,35.0, +23.7,   0.0,1531.3,622
:BI,-32768,-32768,-32768,-32768,V
:BS,-32768,-32768,-32768,V
:BE,-32768,-32768,-32768,V
:BD,        +0.00,        +0.00,        +0.00,   0.00,  8.87
:SA,   +0.00,   +0.00,  0.00
:TS,04010100052598,35.0, +23.7,   0.0,1531.3,623
:BI,-32768,-32768,-32768,-32768,V
:BS,-32768,-32768,-32768,V
:BE,-32768,-32768,-32768,V
:BD,        +0.00,        +0.00,        +0.00,   0.00,  8.98
:SA,   +0.00,   +0.00,  0.00
:TS,04010100052609,35.0, +23.7,   0.0,1531.3,624
:BI,-32768,-32768,-32768,-32768,V
:BS,-32768,-32768,-32768,V
:BE,-32768,-32768,-32768,V
:BD,        +0.00,        +0.00,        +0.00,   0.00,  9.09
:SA,   +0.00,   +0.00,  0.00
:TS,04010100052620,35.0, +23.7,   0.0,1531.3,621
:BI,-32768,-32768,-32768,-32768,V
:BS,-32768,-32768,-32768,V
:BE,-32768,-32768,-32768,V
:BD,        +0.00,        +0.00,        +0.00,   0.00,  9.20
:SA,   +0.00,   +0.00,  0.00
:TS,04010100052628,35.0, +23.7,   0.0,1531.3,627
:BI,-32768,-32768,-32768,-32768,V
:BS,-32768,-32768,-32768,V
:BE,-32768,-32768,-32768,V
:BD,        +0.00,        +0.00,        +0.00,   0.00,  9.28
:SA,   +0.00,   +0.00,  0.00
:TS,04010100052636,35.0, +23.7,   0.0,1531.3,628
:BI,-32768,-32768,-32768,-32768,V
:BS,-32768,-32768,-32768,V
:BE,-32768,-32768,-32768,V
:BD,        +0.00,        +0.00,        +0.00,   0.00,  9.36
:SA,   +0.00,   +0.00,  0.00
:TS,04010100052647,35.0, +23.7,   0.0,1531.3,622
:BI,-32768,-32768,-32768,-32768,V
:BS,-32768,-32768,-32768,V
:BE,-32768,-32768,-32768,V
:BD,        +0.00,        +0.00,        +0.00,   0.00,  9.47
:SA,   +0.00,   +0.00,  0.00
:TS,04010100052656,35.0, +23.7,   0.0,1531.3,623
:BI,-32768,-32768,-32768,-32768,V
:BS,-32768,-32768,-32768,V
:BE,-32768,-32768,-32768,V
:BD,        +0.00,        +0.00,        +0.00,   0.00,  9.56
:SA,   +0.00,   +0.00,  0.00
:TS,04010100052665,35.0, +23.7,   0.0,1531.3,624
:BI,-32768,-32768,-32768,-32768,V
:BS,-32768,-32768,-32768,V
:BE,-32768,-32768,-32768,V
:BD,        +0.00,        +0.00,        +0.00,   0.00,  9.65
:SA,   +0.00,   +0.00,  0.00
:TS,04010100052674,35.0, +23.7,   0.0,1531.3,621
:BI,-32768,-32768,-32768,-32768,V
:BS,-32768,-32768,-32768,V
:BE,-32768,-32768,-32768,V
:BD,        +0.00,        +0.00,        +0.00,   0.00,  9.74
:SA,   +0.00,   +0.00,  0.00
:TS,04010100052683,35.0, +23.7,   0.0,1531.3,627
:BI,-32768,-32768,-32768,-32768,V
:BS,-32768,-32768,-32768,V
:BE,-32768,-32768,-32768,V
:BD,        +0.00,        +0.00,        +0.00,   0.00,  9.83
:SA,   +0.00,   +0.00,  0.00
:TS,04010100052694,35.0, +23.7,   0.0,1531.3,628
:BI,-32768,-32768,-32768,-32768,V
:BS,-32768,-32768,-32768,V
:BE,-32768,-32768,-32768,V
:BD,        +0.00,        +0.00,        +0.00,   0.00,  9.94
:SA,   +0.00,   +0.00,  0.00
:TS,04010100052703,35.0, +23.7,   0.0,1531.3,622
:BI,-32768,-32768,-32768,-32768,V
:BS,-32768,-32768,-32768,V
:BE,-32768,-32768,-32768,V
:BD,        +0.00,        +0.00,        +0.00,   0.00, 10.03
:SA,   +0.00,   +0.00,  0.00
:TS,04010100052712,35.0, +23.7,   0.0,1531.3,623
:BI,-32768,-32768,-32768,-32768,V
:BS,-32768,-32768,-32768,V
:BE,-32768,-32768,-32768,V
:BD,        +0.00,        +0.00,        +0.00,   0.00, 10.12
:SA,   +0.00,   +0.00,  0.00
:TS,04010100052724,35.0, +23.7,   0.0,1531.3,624
:BI,-32768,-32768,-32768,-32768,V
:BS,-32768,-32768,-32768,V
:BE,-32768,-32768,-32768,V
:BD,        +0.00,        +0.00,        +0.00,   0.00, 10.24
:SA,   +0.00,   +0.00,  0.00
:TS,04010100052733,35.0, +23.7,   0.0,1531.3,621
:BI,-32768,-32768,-32768,-32768,V
:BS,-32768,-32768,-32768,V
:BE,-32768,-32768,-32768,V
:BD,        +0.00,        +0.00,        +0.00,   0.00, 10.33
:SA,   +0.00,   +0.00,  0.00
:TS,04010100052744,35.0, +23.7,   0.0,1531.3,627
:BI,-32768,-32768,-32768,-32768,V
:BS,-32768,-32768,-32768,V
:BE,-32768,-32768,-32768,V
:BD,        +0.00,        +0.00,        +0.00,   0.00, 10.44
:SA,   +0.00,   +0.00,  0.00
:TS,04010100052753,35.0, +23.7,   0.0,1531.3,628
:BI,-32768,-32768,-32768,-32768,V
:BS,-32768,-32768,-32768,V
:BE,-32768,-32768,-32768,V
:BD,        +0.00,        +0.00,        +0.00,   0.00, 10.53
:SA,   +0.00,   +0.00,  0.00
:TS,04010100052762,35.0, +23.7,   0.0,1531.3,622
:BI,-32768,-32768,-32768,-32768,V
:BS,-32768,-32768,-32768,V
:BE,-32768,-32768,-32768,V
:BD,        +0.00,        +0.00,        +0.00,   0.00, 10.62
:SA,   +0.00,   +0.00,  0.00
:TS,04010100052771,35.0, +23.7,   0.0,1531.3,623
:BI,-32768,-32768,-32768,-32768,V
:BS,-32768,-32768,-32768,V
:BE,-32768,-32768,-32768,V
:BD,        +0.00,        +0.00,        +0.00,   0.00, 10.71
:SA,   +0.00,   +0.00,  0.00
:TS,04010100052779,35.0, +23.7,   0.0,1531.3,624
:BI,-32768,-32768,-32768,-32768,V
:BS,-32768,-32768,-32768,V
:BE,-32768,-32768,-32768,V
:BD,        +0.00,        +0.00,        +0.00,   0.00, 10.79
:SA,   +0.00,   +0.00,  0.00
:TS,04010100052790,35.0, +23.7,   0.0,1531.3,621
:BI,-32768,-32768,-32768,-32768,V
:BS,-32768,-32768,-32768,V
:BE,-32768,-32768,-32768,V
:BD,        +0.00,        +0.00,        +0.00,   0.00, 10.90
:SA,   +0.00,   +0.00,  0.00
:TS,04010100052799,35.0, +23.7,   0.0,1531.3,627
:BI,-32768,-32768,-32768,-32768,V
:BS,-32768,-32768,-32768,V
:BE,-32768,-32768,-32768,V
:BD,        +0.00,        +0.00,        +0.00,   0.00, 10.99
:SA,   +0.00,   +0.00,  0.00
:TS,04010100052808,35.0, +23.7,   0.0,1531.3,628
:BI,-32768,-32768,-32768,-32768,V
:BS,-32768,-32768,-32768,V
:BE,-32768,-32768,-32768,V
:BD,        +0.00,        +0.00,        +0.00,   0.00, 11.08
:SA,   +0.00,   +0.00,  0.00
:TS,04010100052817,35.0, +23.7,   0.0,1531.3,622
:BI,-32768,-32768,-32768,-32768,V
:BS,-32768,-32768,-32768,V
:BE,-32768,-32768,-32768,V
:BD,        +0.00,        +0.00,        +0.00,   0.00, 11.17
:SA,   +0.00,   +0.00,  0.00
:TS,04010100052826,35.0, +23.7,   0.0,1531.3,623
:BI,-32768,-32768,-32768,-32768,V
:BS,-32768,-32768,-32768,V
:BE,-32768,-32768,-32768,V
:BD,        +0.00,        +0.00,        +0.00,   0.00, 11.26
:SA,   +0.00,   +0.00,  0.00
:TS,04010100052840,35.0, +23.7,   0.0,1531.3,624
:BI,-32768,-32768,-32768,-32768,V
:BS,-32768,-32768,-32768,V
:BE,-32768,-32768,-32768,V
:BD,        +0.00,        +0.00,        +0.00,   0.00, 11.40
:SA,   +0.00,   +0.00,  0.00
:TS,04010100052851,35.0, +23.7,   0.0,1531.3,621
:BI,-32768,-32768,-32768,-32768,V
:BS,-32768,-32768,-32768,V
:BE,-32768,-32768,-32768,V
:BD,        +0.00,        +0.00,        +0.00,   0.00, 11.51
:SA,   +0.00,   +0.00,  0.00
:TS,04010100052860,35.0, +23.7,   0.0,1531.3,627
:BI,-32768,-32768,-32768,-32768,V
:BS,-32768,-32768,-32768,V
:BE,-32768,-32768,-32768,V
:BD,        +0.00,        +0.00,        +0.00,   0.00, 11.60
:SA,   +0.00,   +0.00,  0.00
:TS,04010100052869,35.0, +23.7,   0.0,1531.3,628
:BI,-32768,-32768,-32768,-32768,V
:BS,-32768,-32768,-32768,V
:BE,-32768,-32768,-32768,V
:BD,        +0.00,        +0.00,        +0.00,   0.00, 11.69
:SA,   +0.00,   +0.00,  0.00
:TS,04010100052878,35.0, +23.7,   0.0,1531.3,622
:BI,-32768,-32768,-32768,-32768,V
:BS,-32768,-32768,-32768,V
:BE,-32768,-32768,-32768,V
:BD,        +0.00,        +0.00,        +0.00,   0.00, 11.78
:SA,   +0.00,   +0.00,  0.00
:TS,04010100052888,35.0, +23.7,   0.0,1531.3,623
:BI,-32768,-32768,-32768,-32768,V
:BS,-32768,-32768,-32768,V
:BE,-32768,-32768,-32768,V
:BD,        +0.00,        +0.00,        +0.00,   0.00, 11.88
:SA,   +0.00,   +0.00,  0.00
:TS,04010100052897,35.0, +23.7,   0.0,1531.3,624
:BI,-32768,-32768,-32768,-32768,V
:BS,-32768,-32768,-32768,V
:BE,-32768,-32768,-32768,V
:BD,        +0.00,        +0.00,        +0.00,   0.00, 11.97
:SA,   +0.00,   +0.00,  0.00
:TS,04010100052906,35.0, +23.7,   0.0,1531.3,621
:BI,-32768,-32768,-32768,-32768,V
:BS,-32768,-32768,-32768,V
:BE,-32768,-32768,-32768,V
:BD,        +0.00,        +0.00,        +0.00,   0.00, 12.06
:SA,   +0.00,   +0.00,  0.00
:TS,04010100052915,35.0, +23.7,   0.0,1531.3,627
:BI,-32768,-32768,-32768,-32768,V
:BS,-32768,-32768,-32768,V
:BE,-32768,-32768,-32768,V
:BD,        +0.00,        +0.00,        +0.00,   0.00, 12.15
:SA,   +0.00,   +0.00,  0.00
:TS,04010100052923,35.0, +23.7,   0.0,1531.3,628
:BI,-32768,-32768,-32768,-32768,V
:BS,-32768,-32768,-32768,V
:BE,-32768,-32768,-32768,V
:BD,        +0.00,        +0.00,        +0.00,   0.00, 12.23
:SA,   +0.00,   +0.00,  0.00
:TS,04010100052933,35.0, +23.7,   0.0,1531.3,622
:BI,-32768,-32768,-32768,-32768,V
:BS,-32768,-32768,-32768,V
:BE,-32768,-32768,-32768,V
:BD,        +0.00,        +0.00,        +0.00,   0.00, 12.33
:SA,   +0.00,   +0.00,  0.00
:TS,04010100052942,35.0, +23.7,   0.0,1531.3,623
:BI,-32768,-32768,-32768,-32768,V
:BS,-32768,-32768,-32768,V
:BE,-32768,-32768,-32768,V
:BD,        +0.00,        +0.00,        +0.00,   0.00, 12.42
:SA,   +0.00,   +0.00,  0.00
:TS,04010100052953,35.0, +23.7,   0.0,1531.3,624
:BI,-32768,-32768,-32768,-32768,V
:BS,-32768,-32768,-32768,V
:BE,-32768,-32768,-32768,V
:BD,        +0.00,        +0.00,        +0.00,   0.00, 12.53
:SA,   +0.00,   +0.00,  0.00
:TS,04010100052963,35.0, +23.7,   0.0,1531.3,621
:BI,-32768,-32768,-32768,-32768,V
:BS,-32768,-32768,-32768,V
:BE,-32768,-32768,-32768,V
:BD,        +0.00,        +0.00,        +0.00,   0.00, 12.63
:SA,   +0.00,   +0.00,  0.00
:TS,04010100052972,35.0, +23.7,   0.0,1531.3,627
:BI,-32768,-32768,-32768,-32768,V
:BS,-32768,-32768,-32768,V
:BE,-32768,-32768,-32768,V
:BD,        +0.00,        +0.00,        +0.00,   0.00, 12.72
:SA,   +0.00,   +0.00,  0.00
:TS,04010100052983,35.0, +23.7,   0.0,1531.3,628
:BI,-32768,-32768,-32768,-32768,V
:BS,-32768,-32768,-32768,V
:BE,-32768,-32768,-32768,V
:BD,        +0.00,        +0.00,        +0.00,   0.00, 12.83
:SA,   +0.00,   +0.00,  0.00
:TS,04010100052992,35.0, +23.7,   0.0,1531.3,622
:BI,-32768,-32768,-32768,-32768,V
:BS,-32768,-32768,-32768,V
:BE,-32768,-32768,-32768,V
:BD,        +0.00,        +0.00,        +0.00,   0.00, 12.92
:SA,   +0.00,   +0.00,  0.00
:TS,04010100053001,35.0, +23.7,   0.0,1531.3,623
:BI,-32768,-32768,-32768,-32768,V
:BS,-32768,-32768,-32768,V
:BE,-32768,-32768,-32768,V
:BD,        +0.00,        +0.00,        +0.00,   0.00, 13.01
:SA,   +0.00,   +0.00,  0.00
:TS,04010100053010,35.0, +23.7,   0.0,1531.3,624
:BI,-32768,-32768,-32768,-32768,V
:BS,-32768,-32768,-32768,V
:BE,-32768,-32768,-32768,V
:BD,        +0.00,        +0.00,        +0.00,   0.00, 13.10
:SA,   +0.00,   +0.00,  0.00
:TS,04010100053019,35.0, +23.7,   0.0,1531.3,621
:BI,-32768,-32768,-32768,-32768,V
:BS,-32768,-32768,-32768,V
:BE,-32768,-32768,-32768,V
:BD,        +0.00,        +0.00,        +0.00,   0.00, 13.19
:SA,   +0.00,   +0.00,  0.00
:TS,04010100053030,35.0, +23.7,   0.0,1531.3,627
:BI,-32768,-32768,-32768,-32768,V
:BS,-32768,-32768,-32768,V
:BE,-32768,-32768,-32768,V
:BD,        +0.00,        +0.00,        +0.00,   0.00, 13.30
:SA,   +0.00,   +0.00,  0.00
:TS,04010100053039,35.0, +23.7,   0.0,1531.3,628
:BI,-32768,-32768,-32768,-32768,V
:BS,-32768,-32768,-32768,V
:BE,-32768,-32768,-32768,V
:BD,        +0.00,        +0.00,        +0.00,   0.00, 13.39
:SA,   +0.00,   +0.00,  0.00
:TS,04010100053048,35.0, +23.7,   0.0,1531.3,622
:BI,-32768,-32768,-32768,-32768,V
:BS,-32768,-32768,-32768,V
:BE,-32768,-32768,-32768,V
:BD,        +0.00,        +0.00,        +0.00,   0.00, 13.48
:SA,   +0.00,   +0.00,  0.00
:TS,04010100053057,35.0, +23.7,   0.0,1531.3,623
:BI,-32768,-32768,-32768,-32768,V
:BS,-32768,-32768,-32768,V
:BE,-32768,-32768,-32768,V
:BD,        +0.00,        +0.00,        +0.00,   0.00, 13.57
:SA,   +0.00,   +0.00,  0.00
:TS,04010100053069,35.0, +23.7,   0.0,1531.3,624
:BI,-32768,-32768,-32768,-32768,V
:BS,-32768,-32768,-32768,V
:BE,-32768,-32768,-32768,V
:BD,        +0.00,        +0.00,        +0.00,   0.00, 13.69
:SA,   +0.00,   +0.00,  0.00
:TS,04010100053080,35.0, +23.7,   0.0,1531.3,621
:BI,-32768,-32768,-32768,-32768,V
:BS,-32768,-32768,-32768,V
:BE,-32768,-32768,-32768,V
:BD,        +0.00,        +0.00,        +0.00,   0.00, 13.80
:SA,   +0.00,   +0.00,  0.00
:TS,04010100053090,35.0, +23.7,   0.0,1531.3,627
:BI,-32768,-32768,-32768,-32768,V
:BS,-32768,-32768,-32768,V
:BE,-32768,-32768,-32768,V
:BD,        +0.00,        +0.00,        +0.00,   0.00, 13.90
:SA,   +0.00,   +0.00,  0.00
:TS,04010100053099,35.0, +23.7,   0.0,1531.3,628
:BI,-32768,-32768,-32768,-32768,V
:BS,-32768,-32768,-32768,V
:BE,-32768,-32768,-32768,V
:BD,        +0.00,        +0.00,        +0.00,   0.00, 13.99
:SA,   +0.00,   +0.00,  0.00
:TS,04010100053108,35.0, +23.7,   0.0,1531.3,622
:BI,-32768,-32768,-32768,-32768,V
:BS,-32768,-32768,-32768,V
:BE,-32768,-32768,-32768,V
:BD,        +0.00,        +0.00,        +0.00,   0.00, 14.08
:SA,   +0.00,   +0.00,  0.00
:TS,04010100053116,35.0, +23.7,   0.0,1531.3,623
:BI,-32768,-32768,-32768,-32768,V
:BS,-32768,-32768,-32768,V
:BE,-32768,-32768,-32768,V
:BD,        +0.00,        +0.00,        +0.00,   0.00, 14.16
:SA,   +0.00,   +0.00,  0.00
:TS,04010100053126,35.0, +23.7,   0.0,1531.3,624
:BI,-32768,-32768,-32768,-32768,V
:BS,-32768,-32768,-32768,V
:BE,-32768,-32768,-32768,V
:BD,        +0.00,        +0.00,        +0.00,   0.00, 14.26
:SA,   +0.00,   +0.00,  0.00
:TS,04010100053135,35.0, +23.7,   0.0,1531.3,621
:BI,-32768,-32768,-32768,-32768,V
:BS,-32768,-32768,-32768,V
:BE,-32768,-32768,-32768,V
:BD,        +0.00,        +0.00,        +0.00,   0.00, 14.35
:SA,   +0.00,   +0.00,  0.00
:TS,04010100053144,35.0, +23.7,   0.0,1531.3,627
:BI,-32768,-32768,-32768,-32768,V
:BS,-32768,-32768,-32768,V
:BE,-32768,-32768,-32768,V
:BD,        +0.00,        +0.00,        +0.00,   0.00, 14.44
:SA,   +0.00,   +0.00,  0.00
:TS,04010100053153,35.0, +23.7,   0.0,1531.3,628
:BI,-32768,-32768,-32768,-32768,V
:BS,-32768,-32768,-32768,V
:BE,-32768,-32768,-32768,V
:BD,        +0.00,        +0.00,        +0.00,   0.00, 14.53
:SA,   +0.00,   +0.00,  0.00
:TS,04010100053162,35.0, +23.7,   0.0,1531.3,622
:BI,-32768,-32768,-32768,-32768,V
:BS,-32768,-32768,-32768,V
:BE,-32768,-32768,-32768,V
:BD,        +0.00,        +0.00,        +0.00,   0.00, 14.62
:SA,   +0.00,   +0.00,  0.00
:TS,04010100053173,35.0, +23.7,   0.0,1531.3,623
:BI,-32768,-32768,-32768,-32768,V
:BS,-32768,-32768,-32768,V
:BE,-32768,-32768,-32768,V
:BD,        +0.00,        +0.00,        +0.00,   0.00, 14.73
:SA,   +0.00,   +0.00,  0.00
:TS,04010100053184,35.0, +23.7,   0.0,1531.3,624
:BI,-32768,-32768,-32768,-32768,V
:BS,-32768,-32768,-32768,V
:BE,-32768,-32768,-32768,V
:BD,        +0.00,        +0.00,        +0.00,   0.00, 14.84
:SA,   +0.00,   +0.00,  0.00
:TS,04010100053195,35.0, +23.7,   0.0,1531.3,621
:BI,-32768,-32768,-32768,-32768,V
:BS,-32768,-32768,-32768,V
:BE,-32768,-32768,-32768,V
:BD,        +0.00,        +0.00,        +0.00,   0.00, 14.95
:SA,   +0.00,   +0.00,  0.00
:TS,04010100053203,35.0, +23.7,   0.0,1531.3,627
:BI,-32768,-32768,-32768,-32768,V
:BS,-32768,-32768,-32768,V
:BE,-32768,-32768,-32768,V
:BD,        +0.00,        +0.00,        +0.00,   0.00, 15.03
:SA,   +0.00,   +0.00,  0.00
:TS,04010100053211,35.0, +23.7,   0.0,1531.3,628
:BI,-32768,-32768,-32768,-32768,V
:BS,-32768,-32768,-32768,V
:BE,-32768,-32768,-32768,V
:BD,        +0.00,        +0.00,        +0.00,   0.00, 15.11
:SA,   +0.00,   +0.00,  0.00
:TS,04010100053222,35.0, +23.7,   0.0,1531.3,622
:BI,-32768,-32768,-32768,-32768,V
:BS,-32768,-32768,-32768,V
:BE,-32768,-32768,-32768,V
:BD,        +0.00,        +0.00,        +0.00,   0.00, 15.22
:SA,   +0.00,   +0.00,  0.00
:TS,04010100053231,35.0, +23.7,   0.0,1531.3,623
:BI,-32768,-32768,-32768,-32768,V
:BS,-32768,-32768,-32768,V
:BE,-32768,-32768,-32768,V
:BD,        +0.00,        +0.00,        +0.00,   0.00, 15.31
:SA,   +0.00,   +0.00,  0.00
:TS,04010100053240,35.0, +23.7,   0.0,1531.3,624
:BI,-32768,-32768,-32768,-32768,V
:BS,-32768,-32768,-32768,V
:BE,-32768,-32768,-32768,V
:BD,        +0.00,        +0.00,        +0.00,   0.00, 15.40
:SA,   +0.00,   +0.00,  0.00
:TS,04010100053249,35.0, +23.7,   0.0,1531.3,621
:BI,-32768,-32768,-32768,-32768,V
:BS,-32768,-32768,-32768,V
:BE,-32768,-32768,-32768,V
:BD,        +0.00,        +0.00,        +0.00,   0.00, 15.49
:SA,   +0.00,   +0.00,  0.00
:TS,04010100053258,35.0, +23.7,   0.0,1531.3,627
:BI,-32768,-32768,-32768,-32768,V
:BS,-32768,-32768,-32768,V
:BE,-32768,-32768,-32768,V
:BD,        +0.00,        +0.00,        +0.00,   0.00, 15.58
:SA,   +0.00,   +0.00,  0.00
:TS,04010100053269,35.0, +23.7,   0.0,1531.3,628
:BI,-32768,-32768,-32768,-32768,V
:BS,-32768,-32768,-32768,V
:BE,-32768,-32768,-32768,V
:BD,        +0.00,        +0.00,        +0.00,   0.00, 15.69
:SA,   +0.00,   +0.00,  0.00
:TS,04010100053278,35.0, +23.7,   0.0,1531.3,622
:BI,-32768,-32768,-32768,-32768,V
:BS,-32768,-32768,-32768,V
:BE,-32768,-32768,-32768,V
:BD,        +0.00,        +0.00,        +0.00,   0.00, 15.78
:SA,   +0.00,   +0.00,  0.00
:TS,04010100053287,35.0, +23.7,   0.0,1531.3,623
:BI,-32768,-32768,-32768,-32768,V
:BS,-32768,-32768,-32768,V
:BE,-32768,-32768,-32768,V
:BD,        +0.00,        +0.00,        +0.00,   0.00, 15.87
:SA,   +0.00,   +0.00,  0.00
:TS,04010100053298,35.0, +23.7,   0.0,1531.3,624
:BI,-32768,-32768,-32768,-32768,V
:BS,-32768,-32768,-32768,V
:BE,-32768,-32768,-32768,V
:BD,        +0.00,        +0.00,        +0.00,   0.00, 15.98
:SA,   +0.00,   +0.00,  0.00
:TS,04010100053309,35.0, +23.7,   0.0,1531.3,621
:BI,-32768,-32768,-32768,-32768,V
:BS,-32768,-32768,-32768,V
:BE,-32768,-32768,-32768,V
:BD,        +0.00,        +0.00,        +0.00,   0.00, 16.09
:SA,   +0.00,   +0.00,  0.00
:TS,04010100053319,35.0, +23.7,   0.0,1531.3,627
:BI,-32768,-32768,-32768,-32768,V
:BS,-32768,-32768,-32768,V
:BE,-32768,-32768,-32768,V
:BD,        +0.00,        +0.00,        +0.00,   0.00, 16.19
:SA,   +0.00,   +0.00,  0.00
:TS,04010100053328,35.0, +23.7,   0.0,1531.3,628
:BI,-32768,-32768,-32768,-32768,V
:BS,-32768,-32768,-32768,V
:BE,-32768,-32768,-32768,V
:BD,        +0.00,        +0.00,        +0.00,   0.00, 16.28
:SA,   +0.00,   +0.00,  0.00
:TS,04010100053337,35.0, +23.7,   0.0,1531.3,622
:BI,-32768,-32768,-32768,-32768,V
:BS,-32768,-32768,-32768,V
:BE,-32768,-32768,-32768,V
:BD,        +0.00,        +0.00,        +0.00,   0.00, 16.37
:SA,   +0.00,   +0.00,  0.00
:TS,04010100053346,35.0, +23.7,   0.0,1531.3,623
:BI,-32768,-32768,-32768,-32768,V
:BS,-32768,-32768,-32768,V
:BE,-32768,-32768,-32768,V
:BD,        +0.00,        +0.00,        +0.00,   0.00, 16.46
:SA,   +0.00,   +0.00,  0.00
:TS,04010100053354,35.0, +23.7,   0.0,1531.3,624
:BI,-32768,-32768,-32768,-32768,V
:BS,-32768,-32768,-32768,V
:BE,-32768,-32768,-32768,V
:BD,        +0.00,        +0.00,        +0.00,   0.00, 16.54
:SA,   +0.00,   +0.00,  0.00
:TS,04010100053365,35.0, +23.7,   0.0,1531.3,621
:BI,-32768,-32768,-32768,-32768,V
:BS,-32768,-32768,-32768,V
:BE,-32768,-32768,-32768,V
:BD,        +0.00,        +0.00,        +0.00,   0.00, 16.65
:SA,   +0.00,   +0.00,  0.00
:TS,04010100053374,35.0, +23.7,   0.0,1531.3,627
:BI,-32768,-32768,-32768,-32768,V
:BS,-32768,-32768,-32768,V
:BE,-32768,-32768,-32768,V
:BD,        +0.00,        +0.00,        +0.00,   0.00, 16.74
:SA,   +0.00,   +0.00,  0.00
:TS,04010100053383,35.0, +23.7,   0.0,1531.3,628
:BI,-32768,-32768,-32768,-32768,V
:BS,-32768,-32768,-32768,V
:BE,-32768,-32768,-32768,V
:BD,        +0.00,        +0.00,        +0.00,   0.00, 16.83
:SA,   +0.00,   +0.00,  0.00
:TS,04010100053392,35.0, +23.7,   0.0,1531.3,622
:BI,-32768,-32768,-32768,-32768,V
:BS,-32768,-32768,-32768,V
:BE,-32768,-32768,-32768,V
:BD,        +0.00,        +0.00,        +0.00,   0.00, 16.92
:SA,   +0.00,   +0.00,  0.00
:TS,04010100053401,35.0, +23.7,   0.0,1531.3,623
:BI,-32768,-32768,-32768,-32768,V
:BS,-32768,-32768,-32768,V
:BE,-32768,-32768,-32768,V
:BD,        +0.00,        +0.00,        +0.00,   0.00, 17.01
:SA,   +0.00,   +0.00,  0.00
:TS,04010100053415,35.0, +23.7,   0.0,1531.3,624
:BI,-32768,-32768,-32768,-32768,V
:BS,-32768,-32768,-32768,V
:BE,-32768,-32768,-32768,V
:BD,        +0.00,        +0.00,        +0.00,   0.00, 17.15
:SA,   +0.00,   +0.00,  0.00
:TS,04010100053425,35.0, +23.7,   0.0,1531.3,621
:BI,-32768,-32768,-32768,-32768,V
:BS,-32768,-32768,-32768,V
:BE,-32768,-32768,-32768,V
:BD,        +0.00,        +0.00,        +0.00,   0.00, 17.25
:SA,   +0.00,   +0.00,  0.00
:TS,04010100053434,35.0, +23.7,   0.0,1531.3,627
:BI,-32768,-32768,-32768,-32768,V
:BS,-32768,-32768,-32768,V
:BE,-32768,-32768,-32768,V
:BD,        +0.00,        +0.00,        +0.00,   0.00, 17.34
:SA,   +0.00,   +0.00,  0.00
:TS,04010100053443,35.0, +23.7,   0.0,1531.3,628
:BI,-32768,-32768,-32768,-32768,V
:BS,-32768,-32768,-32768,V
:BE,-32768,-32768,-32768,V
:BD,        +0.00,        +0.00,        +0.00,   0.00, 17.43
:SA,   +0.00,   +0.00,  0.00
:TS,04010100053451,35.0, +23.7,   0.0,1531.3,622
:BI,-32768,-32768,-32768,-32768,V
:BS,-32768,-32768,-32768,V
:BE,-32768,-32768,-32768,V
:BD,        +0.00,        +0.00,        +0.00,   0.00, 17.51
:SA,   +0.00,   +0.00,  0.00
:TS,04010100053461,35.0, +23.7,   0.0,1531.3,623
:BI,-32768,-32768,-32768,-32768,V
:BS,-32768,-32768,-32768,V
:BE,-32768,-32768,-32768,V
:BD,        +0.00,        +0.00,        +0.00,   0.00, 17.61
:SA,   +0.00,   +0.00,  0.00
:TS,04010100053470,35.0, +23.7,   0.0,1531.3,624
:BI,-32768,-32768,-32768,-32768,V
:BS,-32768,-32768,-32768,V
:BE,-32768,-32768,-32768,V
:BD,        +0.00,        +0.00,        +0.00,   0.00, 17.70
:SA,   +0.00,   +0.00,  0.00
:TS,04010100053479,35.0, +23.7,   0.0,1531.3,621
:BI,-32768,-32768,-32768,-32768,V
:BS,-32768,-32768,-32768,V
:BE,-32768,-32768,-32768,V
:BD,        +0.00,        +0.00,        +0.00,   0.00, 17.79
:SA,   +0.00,   +0.00,  0.00
:TS,04010100053488,35.0, +23.7,   0.0,1531.3,627
:BI,-32768,-32768,-32768,-32768,V
:BS,-32768,-32768,-32768,V
:BE,-32768,-32768,-32768,V
:BD,        +0.00,        +0.00,        +0.00,   0.00, 17.88
:SA,   +0.00,   +0.00,  0.00
:TS,04010100053497,35.0, +23.7,   0.0,1531.3,628
:BI,-32768,-32768,-32768,-32768,V
:BS,-32768,-32768,-32768,V
:BE,-32768,-32768,-32768,V
:BD,        +0.00,        +0.00,        +0.00,   0.00, 17.97
:SA,   +0.00,   +0.00,  0.00
:TS,04010100053508,35.0, +23.7,   0.0,1531.3,622
:BI,-32768,-32768,-32768,-32768,V
:BS,-32768,-32768,-32768,V
:BE,-32768,-32768,-32768,V
:BD,        +0.00,        +0.00,        +0.00,   0.00, 18.08
:SA,   +0.00,   +0.00,  0.00
:TS,04010100053517,35.0, +23.7,   0.0,1531.3,623
:BI,-32768,-32768,-32768,-32768,V
:BS,-32768,-32768,-32768,V
:BE,-32768,-32768,-32768,V
:BD,        +0.00,        +0.00,        +0.00,   0.00, 18.17
:SA,   +0.00,   +0.00,  0.00
:TS,04010100053528,35.0, +23.7,   0.0,1531.3,624
:BI,-32768,-32768,-32768,-32768,V
:BS,-32768,-32768,-32768,V
:BE,-32768,-32768,-32768,V
:BD,        +0.00,        +0.00,        +0.00,   0.00, 18.28
:SA,   +0.00,   +0.00,  0.00
:TS,04010100053538,35.0, +23.7,   0.0,1531.3,621
:BI,-32768,-32768,-32768,-32768,V
:BS,-32768,-32768,-32768,V
:BE,-32768,-32768,-32768,V
:BD,        +0.00,        +0.00,        +0.00,   0.00, 18.38
:SA,   +0.00,   +0.00,  0.00
:TS,04010100053547,35.0, +23.7,   0.0,1531.3,627
:BI,-32768,-32768,-32768,-32768,V
:BS,-32768,-32768,-32768,V
:BE,-32768,-32768,-32768,V
:BD,        +0.00,        +0.00,        +0.00,   0.00, 18.47
:SA,   +0.00,   +0.00,  0.00
:TS,04010100053557,35.0, +23.7,   0.0,1531.3,628
:BI,-32768,-32768,-32768,-32768,V
:BS,-32768,-32768,-32768,V
:BE,-32768,-32768,-32768,V
:BD,        +0.00,        +0.00,        +0.00,   0.00, 18.57
:SA,   +0.00,   +0.00,  0.00
:TS,04010100053566,35.0, +23.7,   0.0,1531.3,622
:BI,-32768,-32768,-32768,-32768,V
:BS,-32768,-32768,-32768,V
:BE,-32768,-32768,-32768,V
:BD,        +0.00,        +0.00,        +0.00,   0.00, 18.66
:SA,   +0.00,   +0.00,  0.00
:TS,04010100053575,35.0, +23.7,   0.0,1531.3,623
:BI,-32768,-32768,-32768,-32768,V
:BS,-32768,-32768,-32768,V
:BE,-32768,-32768,-32768,V
:BD,        +0.00,        +0.00,        +0.00,   0.00, 18.75
:SA,   +0.00,   +0.00,  0.00
:TS,04010100053584,35.0, +23.7,   0.0,1531.3,624
:BI,-32768,-32768,-32768,-32768,V
:BS,-32768,-32768,-32768,V
:BE,-32768,-32768,-32768,V
:BD,        +0.00,        +0.00,        +0.00,   0.00, 18.84
:SA,   +0.00,   +0.00,  0.00
:TS,04010100053593,35.0, +23.7,   0.0,1531.3,621
:BI,-32768,-32768,-32768,-32768,V
:BS,-32768,-32768,-32768,V
:BE,-32768,-32768,-32768,V
:BD,        +0.00,        +0.00,        +0.00,   0.00, 18.93
:SA,   +0.00,   +0.00,  0.00
:TS,04010100053604,35.0, +23.7,   0.0,1531.3,627
:BI,-32768,-32768,-32768,-32768,V
:BS,-32768,-32768,-32768,V
:BE,-32768,-32768,-32768,V
:BD,        +0.00,        +0.00,        +0.00,   0.00, 19.04
:SA,   +0.00,   +0.00,  0.00
:TS,04010100053613,35.0, +23.7,   0.0,1531.3,628
:BI,-32768,-32768,-32768,-32768,V
:BS,-32768,-32768,-32768,V
:BE,-32768,-32768,-32768,V
:BD,        +0.00,        +0.00,        +0.00,   0.00, 19.13
:SA,   +0.00,   +0.00,  0.00
:TS,04010100053622,35.0, +23.7,   0.0,1531.3,622
:BI,-32768,-32768,-32768,-32768,V
:BS,-32768,-32768,-32768,V
:BE,-32768,-32768,-32768,V
:BD,        +0.00,        +0.00,        +0.00,   0.00, 19.22
:SA,   +0.00,   +0.00,  0.00
:TS,04010100053631,35.0, +23.7,   0.0,1531.3,623
:BI,-32768,-32768,-32768,-32768,V
:BS,-32768,-32768,-32768,V
:BE,-32768,-32768,-32768,V
:BD,        +0.00,        +0.00,        +0.00,   0.00, 19.31
:SA,   +0.00,   +0.00,  0.00
:TS,04010100053643,35.0, +23.7,   0.0,1531.3,624
:BI,-32768,-32768,-32768,-32768,V
:BS,-32768,-32768,-32768,V
:BE,-32768,-32768,-32768,V
:BD,        +0.00,        +0.00,        +0.00,   0.00, 19.43
:SA,   +0.00,   +0.00,  0.00
:TS,04010100053654,35.0, +23.7,   0.0,1531.3,621
:BI,-32768,-32768,-32768,-32768,V
:BS,-32768,-32768,-32768,V
:BE,-32768,-32768,-32768,V
:BD,        +0.00,        +0.00,        +0.00,   0.00, 19.54
:SA,   +0.00,   +0.00,  0.00
:TS,04010100053663,35.0, +23.7,   0.0,1531.3,627
:BI,-32768,-32768,-32768,-32768,V
:BS,-32768,-32768,-32768,V
:BE,-32768,-32768,-32768,V
:BD,        +0.00,        +0.00,        +0.00,   0.00, 19.63
:SA,   +0.00,   +0.00,  0.00
:TS,04010100053672,35.0, +23.7,   0.0,1531.3,628
:BI,-32768,-32768,-32768,-32768,V
:BS,-32768,-32768,-32768,V
:BE,-32768,-32768,-32768,V
:BD,        +0.00,        +0.00,        +0.00,   0.00, 19.72
:SA,   +0.00,   +0.00,  0.00
:TS,04010100053681,35.0, +23.7,   0.0,1531.3,622
:BI,-32768,-32768,-32768,-32768,V
:BS,-32768,-32768,-32768,V
:BE,-32768,-32768,-32768,V
:BD,        +0.00,        +0.00,        +0.00,   0.00, 19.81
:SA,   +0.00,   +0.00,  0.00
:TS,04010100053690,35.0, +23.7,   0.0,1531.3,623
:BI,-32768,-32768,-32768,-32768,V
:BS,-32768,-32768,-32768,V
:BE,-32768,-32768,-32768,V
:BD,        +0.00,        +0.00,        +0.00,   0.00, 19.90
:SA,   +0.00,   +0.00,  0.00
:TS,04010100053701,35.0, +23.7,   0.0,1531.3,624
:BI,-32768,-32768,-32768,-32768,V
:BS,-32768,-32768,-32768,V
:BE,-32768,-32768,-32768,V
:BD,        +0.00,        +0.00,        +0.00,   0.00, 20.01
:SA,   +0.00,   +0.00,  0.00
:TS,04010100053710,35.0, +23.7,   0.0,1531.3,621
:BI,-32768,-32768,-32768,-32768,V
:BS,-32768,-32768,-32768,V
:BE,-32768,-32768,-32768,V
:BD,        +0.00,        +0.00,        +0.00,   0.00, 20.10
:SA,   +0.00,   +0.00,  0.00
:TS,04010100053719,35.0, +23.7,   0.0,1531.3,627
:BI,-32768,-32768,-32768,-32768,V
:BS,-32768,-32768,-32768,V
:BE,-32768,-32768,-32768,V
:BD,        +0.00,        +0.00,        +0.00,   0.00, 20.19
:SA,   +0.00,   +0.00,  0.00
:TS,04010100053728,35.0, +23.7,   0.0,1531.3,628
:BI,-32768,-32768,-32768,-32768,V
:BS,-32768,-32768,-32768,V
:BE,-32768,-32768,-32768,V
:BD,        +0.00,        +0.00,        +0.00,   0.00, 20.28
:SA,   +0.00,   +0.00,  0.00
:TS,04010100053737,35.0, +23.7,   0.0,1531.3,622
:BI,-32768,-32768,-32768,-32768,V
:BS,-32768,-32768,-32768,V
:BE,-32768,-32768,-32768,V
:BD,        +0.00,        +0.00,        +0.00,   0.00, 20.37
:SA,   +0.00,   +0.00,  0.00
:TS,04010100053747,35.0, +23.7,   0.0,1531.3,623
:BI,-32768,-32768,-32768,-32768,V
:BS,-32768,-32768,-32768,V
:BE,-32768,-32768,-32768,V
:BD,        +0.00,        +0.00,        +0.00,   0.00, 20.47
:SA,   +0.00,   +0.00,  0.00
:TS,04010100053759,35.0, +23.7,   0.0,1531.3,624
:BI,-32768,-32768,-32768,-32768,V
:BS,-32768,-32768,-32768,V
:BE,-32768,-32768,-32768,V
:BD,        +0.00,        +0.00,        +0.00,   0.00, 20.59
:SA,   +0.00,   +0.00,  0.00
:TS,04010100053770,35.0, +23.7,   0.0,1531.3,621
:BI,-32768,-32768,-32768,-32768,V
:BS,-32768,-32768,-32768,V
:BE,-32768,-32768,-32768,V
:BD,        +0.00,        +0.00,        +0.00,   0.00, 20.70
:SA,   +0.00,   +0.00,  0.00
:TS,04010100053778,35.0, +23.7,   0.0,1531.3,627
:BI,-32768,-32768,-32768,-32768,V
:BS,-32768,-32768,-32768,V
:BE,-32768,-32768,-32768,V
:BD,        +0.00,        +0.00,        +0.00,   0.00, 20.78
:SA,   +0.00,   +0.00,  0.00
:TS,04010100053786,35.0, +23.7,   0.0,1531.3,628
:BI,-32768,-32768,-32768,-32768,V
:BS,-32768,-32768,-32768,V
:BE,-32768,-32768,-32768,V
:BD,        +0.00,        +0.00,        +0.00,   0.00, 20.86
:SA,   +0.00,   +0.00,  0.00
:TS,04010100053797,35.0, +23.7,   0.0,1531.3,622
:BI,-32768,-32768,-32768,-32768,V
:BS,-32768,-32768,-32768,V
:BE,-32768,-32768,-32768,V
:BD,        +0.00,        +0.00,        +0.00,   0.00, 20.97
:SA,   +0.00,   +0.00,  0.00
:TS,04010100053806,35.0, +23.7,   0.0,1531.3,623
:BI,-32768,-32768,-32768,-32768,V
:BS,-32768,-32768,-32768,V
:BE,-32768,-32768,-32768,V
:BD,        +0.00,        +0.00,        +0.00,   0.00, 21.06
:SA,   +0.00,   +0.00,  0.00
:TS,04010100053815,35.0, +23.7,   0.0,1531.3,624
:BI,-32768,-32768,-32768,-32768,V
:BS,-32768,-32768,-32768,V
:BE,-32768,-32768,-32768,V
:BD,        +0.00,        +0.00,        +0.00,   0.00, 21.15
:SA,   +0.00,   +0.00,  0.00
:TS,04010100053824,35.0, +23.7,   0.0,1531.3,621
:BI,-32768,-32768,-32768,-32768,V
:BS,-32768,-32768,-32768,V
:BE,-32768,-32768,-32768,V
:BD,        +0.00,        +0.00,        +0.00,   0.00, 21.24
:SA,   +0.00,   +0.00,  0.00
:TS,04010100053833,35.0, +23.7,   0.0,1531.3,627
:BI,-32768,-32768,-32768,-32768,V
:BS,-32768,-32768,-32768,V
:BE,-32768,-32768,-32768,V
:BD,        +0.00,        +0.00,        +0.00,   0.00, 21.33
:SA,   +0.00,   +0.00,  0.00
:TS,04010100053844,35.0, +23.7,   0.0,1531.3,628
:BI,-32768,-32768,-32768,-32768,V
:BS,-32768,-32768,-32768,V
:BE,-32768,-32768,-32768,V
:BD,        +0.00,        +0.00,        +0.00,   0.00, 21.44
:SA,   +0.00,   +0.00,  0.00
:TS,04010100053853,35.0, +23.7,   0.0,1531.3,622
:BI,-32768,-32768,-32768,-32768,V
:BS,-32768,-32768,-32768,V
:BE,-32768,-32768,-32768,V
:BD,        +0.00,        +0.00,        +0.00,   0.00, 21.53
:SA,   +0.00,   +0.00,  0.00
:TS,04010100053862,35.0, +23.7,   0.0,1531.3,623
:BI,-32768,-32768,-32768,-32768,V
:BS,-32768,-32768,-32768,V
:BE,-32768,-32768,-32768,V
:BD,        +0.00,        +0.00,        +0.00,   0.00, 21.62
:SA,   +0.00,   +0.00,  0.00
:TS,04010100053873,35.0, +23.7,   0.0,1531.3,624
:BI,-32768,-32768,-32768,-32768,V
:BS,-32768,-32768,-32768,V
:BE,-32768,-32768,-32768,V
:BD,        +0.00,        +0.00,        +0.00,   0.00, 21.73
:SA,   +0.00,   +0.00,  0.00
:TS,04010100053884,35.0, +23.7,   0.0,1531.3,621
:BI,-32768,-32768,-32768,-32768,V
:BS,-32768,-32768,-32768,V
:BE,-32768,-32768,-32768,V
:BD,        +0.00,        +0.00,        +0.00,   0.00, 21.84
:SA,   +0.00,   +0.00,  0.00
:TS,04010100053894,35.0, +23.7,   0.0,1531.3,627
:BI,-32768,-32768,-32768,-32768,V
:BS,-32768,-32768,-32768,V
:BE,-32768,-32768,-32768,V
:BD,        +0.00,        +0.00,        +0.00,   0.00, 21.94
:SA,   +0.00,   +0.00,  0.00
:TS,04010100053903,35.0, +23.7,   0.0,1531.3,628
:BI,-32768,-32768,-32768,-32768,V
:BS,-32768,-32768,-32768,V
:BE,-32768,-32768,-32768,V
:BD,        +0.00,        +0.00,        +0.00,   0.00, 22.03
:SA,   +0.00,   +0.00,  0.00
:TS,04010100053912,35.0, +23.7,   0.0,1531.3,622
:BI,-32768,-32768,-32768,-32768,V
:BS,-32768,-32768,-32768,V
:BE,-32768,-32768,-32768,V
:BD,        +0.00,        +0.00,        +0.00,   0.00, 22.12
:SA,   +0.00,   +0.00,  0.00
:TS,04010100053921,35.0, +23.7,   0.0,1531.3,623
:BI,-32768,-32768,-32768,-32768,V
:BS,-32768,-32768,-32768,V
:BE,-32768,-32768,-32768,V
:BD,        +0.00,        +0.00,        +0.00,   0.00, 22.21
:SA,   +0.00,   +0.00,  0.00
:TS,04010100053929,35.0, +23.7,   0.0,1531.3,624
:BI,-32768,-32768,-32768,-32768,V
:BS,-32768,-32768,-32768,V
:BE,-32768,-32768,-32768,V
:BD,        +0.00,        +0.00,        +0.00,   0.00, 22.29
:SA,   +0.00,   +0.00,  0.00
:TS,04010100053940,35.0, +23.7,   0.0,1531.3,621
:BI,-32768,-32768,-32768,-32768,V
:BS,-32768,-32768,-32768,V
:BE,-32768,-32768,-32768,V
:BD,        +0.00,        +0.00,        +0.00,   0.00, 22.40
:SA,   +0.00,   +0.00,  0.00
:TS,04010100053949,35.0, +23.7,   0.0,1531.3,627
:BI,-32768,-32768,-32768,-32768,V
:BS,-32768,-32768,-32768,V
:BE,-32768,-32768,-32768,V
:BD,        +0.00,        +0.00,        +0.00,   0.00, 22.49
:SA,   +0.00,   +0.00,  0.00
:TS,04010100053958,35.0, +23.7,   0.0,1531.3,628
:BI,-32768,-32768,-32768,-32768,V
:BS,-32768,-32768,-32768,V
:BE,-32768,-32768,-32768,V
:BD,        +0.00,        +0.00,        +0.00,   0.00, 22.58
:SA,   +0.00,   +0.00,  0.00
:TS,04010100053967,35.0, +23.7,   0.0,1531.3,622
:BI,-32768,-32768,-32768,-32768,V
:BS,-32768,-32768,-32768,V
:BE,-32768,-32768,-32768,V
:BD,        +0.00,        +0.00,        +0.00,   0.00, 22.67
:SA,   +0.00,   +0.00,  0.00
:TS,04010100053976,35.0, +23.7,   0.0,1531.3,623
:BI,-32768,-32768,-32768,-32768,V
:BS,-32768,-32768,-32768,V
:BE,-32768,-32768,-32768,V
:BD,        +0.00,        +0.00,        +0.00,   0.00, 22.76
:SA,   +0.00,   +0.00,  0.00
:TS,04010100053990,35.0, +23.7,   0.0,1531.3,624
:BI,-32768,-32768,-32768,-32768,V
:BS,-32768,-32768,-32768,V
:BE,-32768,-32768,-32768,V
:BD,        +0.00,        +0.00,        +0.00,   0.00, 22.90
:SA,   +0.00,   +0.00,  0.00
:TS,04010100054000,35.0, +23.7,   0.0,1531.3,621
:BI,-32768,-32768,-32768,-32768,V
:BS,-32768,-32768,-32768,V
:BE,-32768,-32768,-32768,V
:BD,        +0.00,        +0.00,        +0.00,   0.00, 23.00
:SA,   +0.00,   +0.00,  0.00
:TS,04010100054009,35.0, +23.7,   0.0,1531.3,627
:BI,-32768,-32768,-32768,-32768,V
:BS,-32768,-32768,-32768,V
:BE,-32768,-32768,-32768,V
:BD,        +0.00,        +0.00,        +0.00,   0.00, 23.09
:SA,   +0.00,   +0.00,  0.00
:TS,04010100054018,35.0, +23.7,   0.0,1531.3,628
:BI,-32768,-32768,-32768,-32768,V
:BS,-32768,-32768,-32768,V
:BE,-32768,-32768,-32768,V
:BD,        +0.00,        +0.00,        +0.00,   0.00, 23.18
:SA,   +0.00,   +0.00,  0.00
:TS,04010100054026,35.0, +23.7,   0.0,1531.3,622
:BI,-32768,-32768,-32768,-32768,V
:BS,-32768,-32768,-32768,V
:BE,-32768,-32768,-32768,V
:BD,        +0.00,        +0.00,        +0.00,   0.00, 23.26
:SA,   +0.00,   +0.00,  0.00
:TS,04010100054036,35.0, +23.7,   0.0,1531.3,623
:BI,-32768,-32768,-32768,-32768,V
:BS,-32768,-32768,-32768,V
:BE,-32768,-32768,-32768,V
:BD,        +0.00,        +0.00,        +0.00,   0.00, 23.36
:SA,   +0.00,   +0.00,  0.00
:TS,04010100054045,35.0, +23.7,   0.0,1531.3,624
:BI,-32768,-32768,-32768,-32768,V
:BS,-32768,-32768,-32768,V
:BE,-32768,-32768,-32768,V
:BD,        +0.00,        +0.00,        +0.00,   0.00, 23.45
:SA,   +0.00,   +0.00,  0.00
:TS,04010100054054,35.0, +23.7,   0.0,1531.3,621
:BI,-32768,-32768,-32768,-32768,V
:BS,-32768,-32768,-32768,V
:BE,-32768,-32768,-32768,V
:BD,        +0.00,        +0.00,        +0.00,   0.00, 23.54
:SA,   +0.00,   +0.00,  0.00
:TS,04010100054063,35.0, +23.7,   0.0,1531.3,627
:BI,-32768,-32768,-32768,-32768,V
:BS,-32768,-32768,-32768,V
:BE,-32768,-32768,-32768,V
:BD,        +0.00,        +0.00,        +0.00,   0.00, 23.63
:SA,   +0.00,   +0.00,  0.00
:TS,04010100054072,35.0, +23.7,   0.0,1531.3,628
:BI,-32768,-32768,-32768,-32768,V
:BS,-32768,-32768,-32768,V
:BE,-32768,-32768,-32768,V
:BD,        +0.00,        +0.00,        +0.00,   0.00, 23.72
:SA,   +0.00,   +0.00,  0.00
:TS,04010100054083,35.0, +23.7,   0.0,1531.3,622
:BI,-32768,-32768,-32768,-32768,V
:BS,-32768,-32768,-32768,V
:BE,-32768,-32768,-32768,V
:BD,        +0.00,        +0.00,        +0.00,   0.00, 23.83
:SA,   +0.00,   +0.00,  0.00
:TS,04010100054092,35.0, +23.7,   0.0,1531.3,623
:BI,-32768,-32768,-32768,-32768,V
:BS,-32768,-32768,-32768,V
:BE,-32768,-32768,-32768,V
:BD,        +0.00,        +0.00,        +0.00,   0.00, 23.92
:SA,   +0.00,   +0.00,  0.00
:TS,04010100054103,35.0, +23.7,   0.0,1531.3,624
:BI,-32768,-32768,-32768,-32768,V
:BS,-32768,-32768,-32768,V
:BE,-32768,-32768,-32768,V
:BD,        +0.00,        +0.00,        +0.00,   0.00, 24.03
:SA,   +0.00,   +0.00,  0.00
:TS,04010100054113,35.0, +23.7,   0.0,1531.3,621
:BI,-32768,-32768,-32768,-32768,V
:BS,-32768,-32768,-32768,V
:BE,-32768,-32768,-32768,V
:BD,        +0.00,        +0.00,        +0.00,   0.00, 24.13
:SA,   +0.00,   +0.00,  0.00
:TS,04010100054122,35.0, +23.7,   0.0,1531.3,627
:BI,-32768,-32768,-32768,-32768,V
:BS,-32768,-32768,-32768,V
:BE,-32768,-32768,-32768,V
:BD,        +0.00,        +0.00,        +0.00,   0.00, 24.22
:SA,   +0.00,   +0.00,  0.00
:TS,04010100054132,35.0, +23.7,   0.0,1531.3,628
:BI,-32768,-32768,-32768,-32768,V
:BS,-32768,-32768,-32768,V
:BE,-32768,-32768,-32768,V
:BD,        +0.00,        +0.00,        +0.00,   0.00, 24.32
:SA,   +0.00,   +0.00,  0.00
:TS,04010100054141,35.0, +23.7,   0.0,1531.3,622
:BI,-32768,-32768,-32768,-32768,V
:BS,-32768,-32768,-32768,V
:BE,-32768,-32768,-32768,V
:BD,        +0.00,        +0.00,        +0.00,   0.00, 24.41
:SA,   +0.00,   +0.00,  0.00
:TS,04010100054150,35.0, +23.7,   0.0,1531.3,623
:BI,-32768,-32768,-32768,-32768,V
:BS,-32768,-32768,-32768,V
:BE,-32768,-32768,-32768,V
:BD,        +0.00,        +0.00,        +0.00,   0.00, 24.50
:SA,   +0.00,   +0.00,  0.00
:TS,04010100054159,35.0, +23.7,   0.0,1531.3,624
:BI,-32768,-32768,-32768,-32768,V
:BS,-32768,-32768,-32768,V
:BE,-32768,-32768,-32768,V
:BD,        +0.00,        +0.00,        +0.00,   0.00, 24.59
:SA,   +0.00,   +0.00,  0.00
:TS,04010100054168,35.0, +23.7,   0.0,1531.3,621
:BI,-32768,-32768,-32768,-32768,V
:BS,-32768,-32768,-32768,V
:BE,-32768,-32768,-32768,V
:BD,        +0.00,        +0.00,        +0.00,   0.00, 24.68
:SA,   +0.00,   +0.00,  0.00
:TS,04010100054179,35.0, +23.7,   0.0,1531.3,627
:BI,-32768,-32768,-32768,-32768,V
:BS,-32768,-32768,-32768,V
:BE,-32768,-32768,-32768,V
:BD,        +0.00,        +0.00,        +0.00,   0.00, 24.79
:SA,   +0.00,   +0.00,  0.00
:TS,04010100054188,35.0, +23.7,   0.0,1531.3,628
:BI,-32768,-32768,-32768,-32768,V
:BS,-32768,-32768,-32768,V
:BE,-32768,-32768,-32768,V
:BD,        +0.00,        +0.00,        +0.00,   0.00, 24.88
:SA,   +0.00,   +0.00,  0.00
:TS,04010100054197,35.0, +23.7,   0.0,1531.3,622
:BI,-32768,-32768,-32768,-32768,V
:BS,-32768,-32768,-32768,V
:BE,-32768,-32768,-32768,V
:BD,        +0.00,        +0.00,        +0.00,   0.00, 24.97
:SA,   +0.00,   +0.00,  0.00
:TS,04010100054206,35.0, +23.7,   0.0,1531.3,623
:BI,-32768,-32768,-32768,-32768,V
:BS,-32768,-32768,-32768,V
:BE,-32768,-32768,-32768,V
:BD,        +0.00,        +0.00,        +0.00,   0.00, 25.06
:SA,   +0.00,   +0.00,  0.00
:TS,04010100054218,35.0, +23.7,   0.0,1531.3,624
:BI,-32768,-32768,-32768,-32768,V
:BS,-32768,-32768,-32768,V
:BE,-32768,-32768,-32768,V
:BD,        +0.00,        +0.00,        +0.00,   0.00, 25.18
:SA,   +0.00,   +0.00,  0.00
:TS,04010100054229,35.0, +23.7,   0.0,1531.3,621
:BI,-32768,-32768,-32768,-32768,V
:BS,-32768,-32768,-32768,V
:BE,-32768,-32768,-32768,V
:BD,        +0.00,        +0.00,        +0.00,   0.00, 25.29
:SA,   +0.00,   +0.00,  0.00
:TS,04010100054238,35.0, +23.7,   0.0,1531.3,627
:BI,-32768,-32768,-32768,-32768,V
:BS,-32768,-32768,-32768,V
:BE,-32768,-32768,-32768,V
:BD,        +0.00,        +0.00,        +0.00,   0.00, 25.38
:SA,   +0.00,   +0.00,  0.00
:TS,04010100054247,35.0, +23.7,   0.0,1531.3,628
:BI,-32768,-32768,-32768,-32768,V
:BS,-32768,-32768,-32768,V
:BE,-32768,-32768,-32768,V
:BD,        +0.00,        +0.00,        +0.00,   0.00, 25.47
:SA,   +0.00,   +0.00,  0.00
:TS,04010100054256,35.0, +23.7,   0.0,1531.3,622
:BI,-32768,-32768,-32768,-32768,V
:BS,-32768,-32768,-32768,V
:BE,-32768,-32768,-32768,V
:BD,        +0.00,        +0.00,        +0.00,   0.00, 25.56
:SA,   +0.00,   +0.00,  0.00
:TS,04010100054264,35.0, +23.7,   0.0,1531.3,623
:BI,-32768,-32768,-32768,-32768,V
:BS,-32768,-32768,-32768,V
:BE,-32768,-32768,-32768,V
:BD,        +0.00,        +0.00,        +0.00,   0.00, 25.64
:SA,   +0.00,   +0.00,  0.00
:TS,04010100054274,35.0, +23.7,   0.0,1531.3,624
:BI,-32768,-32768,-32768,-32768,V
:BS,-32768,-32768,-32768,V
:BE,-32768,-32768,-32768,V
:BD,        +0.00,        +0.00,        +0.00,   0.00, 25.74
:SA,   +0.00,   +0.00,  0.00
:TS,04010100054283,35.0, +23.7,   0.0,1531.3,621
:BI,-32768,-32768,-32768,-32768,V
:BS,-32768,-32768,-32768,V
:BE,-32768,-32768,-32768,V
:BD,        +0.00,        +0.00,        +0.00,   0.00, 25.83
:SA,   +0.00,   +0.00,  0.00
:TS,04010100054292,35.0, +23.7,   0.0,1531.3,627
:BI,-32768,-32768,-32768,-32768,V
:BS,-32768,-32768,-32768,V
:BE,-32768,-32768,-32768,V
:BD,        +0.00,        +0.00,        +0.00,   0.00, 25.92
:SA,   +0.00,   +0.00,  0.00
:TS,04010100054301,35.0, +23.7,   0.0,1531.3,628
:BI,-32768,-32768,-32768,-32768,V
:BS,-32768,-32768,-32768,V
:BE,-32768,-32768,-32768,V
:BD,        +0.00,        +0.00,        +0.00,   0.00, 26.01
:SA,   +0.00,   +0.00,  0.00
:TS,04010100054309,35.0, +23.7,   0.0,1531.3,622
:BI,-32768,-32768,-32768,-32768,V
:BS,-32768,-32768,-32768,V
:BE,-32768,-32768,-32768,V
:BD,        +0.00,        +0.00,        +0.00,   0.00, 26.09
:SA,   +0.00,   +0.00,  0.00
:TS,04010100054319,35.0, +23.7,   0.0,1531.3,623
:BI,-32768,-32768,-32768,-32768,V
:BS,-32768,-32768,-32768,V
:BE,-32768,-32768,-32768,V
:BD,        +0.00,        +0.00,        +0.00,   0.00, 26.19
:SA,   +0.00,   +0.00,  0.00
:TS,04010100054328,35.0, +23.7,   0.0,1531.3,624
:BI,-32768,-32768,-32768,-32768,V
:BS,-32768,-32768,-32768,V
:BE,-32768,-32768,-32768,V
:BD,        +0.00,        +0.00,        +0.00,   0.00, 26.28
:SA,   +0.00,   +0.00,  0.00
:TS,04010100054339,35.0, +23.7,   0.0,1531.3,621
:BI,-32768,-32768,-32768,-32768,V
:BS,-32768,-32768,-32768,V
:BE,-32768,-32768,-32768,V
:BD,        +0.00,        +0.00,        +0.00,   0.00, 26.39
:SA,   +0.00,   +0.00,  0.00
:TS,04010100054349,35.0, +23.7,   0.0,1531.3,627
:BI,-32768,-32768,-32768,-32768,V
:BS,-32768,-32768,-32768,V
:BE,-32768,-32768,-32768,V
:BD,        +0.00,        +0.00,        +0.00,   0.00, 26.49
:SA,   +0.00,   +0.00,  0.00
:TS,04010100054358,35.0, +23.7,   0.0,1531.3,628
:BI,-32768,-32768,-32768,-32768,V
:BS,-32768,-32768,-32768,V
:BE,-32768,-32768,-32768,V
:BD,        +0.00,        +0.00,        +0.00,   0.00, 26.58
:SA,   +0.00,   +0.00,  0.00
:TS,04010100054368,35.0, +23.7,   0.0,1531.3,622
:BI,-32768,-32768,-32768,-32768,V
:BS,-32768,-32768,-32768,V
:BE,-32768,-32768,-32768,V
:BD,        +0.00,        +0.00,        +0.00,   0.00, 26.68
:SA,   +0.00,   +0.00,  0.00
:TS,04010100054377,35.0, +23.7,   0.0,1531.3,623
:BI,-32768,-32768,-32768,-32768,V
:BS,-32768,-32768,-32768,V
:BE,-32768,-32768,-32768,V
:BD,        +0.00,        +0.00,        +0.00,   0.00, 26.77
:SA,   +0.00,   +0.00,  0.00
:TS,04010100054386,35.0, +23.7,   0.0,1531.3,624
:BI,-32768,-32768,-32768,-32768,V
:BS,-32768,-32768,-32768,V
:BE,-32768,-32768,-32768,V
:BD,        +0.00,        +0.00,        +0.00,   0.00, 26.86
:SA,   +0.00,   +0.00,  0.00
:TS,04010100054395,35.0, +23.7,   0.0,1531.3,621
:BI,-32768,-32768,-32768,-32768,V
:BS,-32768,-32768,-32768,V
:BE,-32768,-32768,-32768,V
:BD,        +0.00,        +0.00,        +0.00,   0.00, 26.95
:SA,   +0.00,   +0.00,  0.00
:TS,04010100054404,35.0, +23.7,   0.0,1531.3,627
:BI,-32768,-32768,-32768,-32768,V
:BS,-32768,-32768,-32768,V
:BE,-32768,-32768,-32768,V
:BD,        +0.00,        +0.00,        +0.00,   0.00, 27.04
:SA,   +0.00,   +0.00,  0.00
:TS,04010100054415,35.0, +23.7,   0.0,1531.3,628
:BI,-32768,-32768,-32768,-32768,V
:BS,-32768,-32768,-32768,V
:BE,-32768,-32768,-32768,V
:BD,        +0.00,        +0.00,        +0.00,   0.00, 27.15
:SA,   +0.00,   +0.00,  0.00
:TS,04010100054424,35.0, +23.7,   0.0,1531.3,622
:BI,-32768,-32768,-32768,-32768,V
:BS,-32768,-32768,-32768,V
:BE,-32768,-32768,-32768,V
:BD,        +0.00,        +0.00,        +0.00,   0.00, 27.24
:SA,   +0.00,   +0.00,  0.00
:TS,04010100054433,35.0, +23.7,   0.0,1531.3,623
:BI,-32768,-32768,-32768,-32768,V
:BS,-32768,-32768,-32768,V
:BE,-32768,-32768,-32768,V
:BD,        +0.00,        +0.00,        +0.00,   0.00, 27.33
:SA,   +0.00,   +0.00,  0.00
:TS,04010100054442,35.0, +23.7,   0.0,1531.3,624
:BI,-32768,-32768,-32768,-32768,V
:BS,-32768,-32768,-32768,V
:BE,-32768,-32768,-32768,V
:BD,        +0.00,        +0.00,        +0.00,   0.00, 27.42
:SA,   +0.00,   +0.00,  0.00
:TS,04010100054454,35.0, +23.7,   0.0,1531.3,621
:BI,-32768,-32768,-32768,-32768,V
:BS,-32768,-32768,-32768,V
:BE,-32768,-32768,-32768,V
:BD,        +0.00,        +0.00,        +0.00,   0.00, 27.54
:SA,   +0.00,   +0.00,  0.00
:TS,04010100054465,35.0, +23.7,   0.0,1531.3,627
:BI,-32768,-32768,-32768,-32768,V
:BS,-32768,-32768,-32768,V
:BE,-32768,-32768,-32768,V
:BD,        +0.00,        +0.00,        +0.00,   0.00, 27.65
:SA,   +0.00,   +0.00,  0.00
:TS,04010100054474,35.0, +23.7,   0.0,1531.3,628
:BI,-32768,-32768,-32768,-32768,V
:BS,-32768,-32768,-32768,V
:BE,-32768,-32768,-32768,V
:BD,        +0.00,        +0.00,        +0.00,   0.00, 27.74
:SA,   +0.00,   +0.00,  0.00
:TS,04010100054483,35.0, +23.7,   0.0,1531.3,622
:BI,-32768,-32768,-32768,-32768,V
:BS,-32768,-32768,-32768,V
:BE,-32768,-32768,-32768,V
:BD,        +0.00,        +0.00,        +0.00,   0.00, 27.83
:SA,   +0.00,   +0.00,  0.00
:TS,04010100054492,35.0, +23.7,   0.0,1531.3,623
:BI,-32768,-32768,-32768,-32768,V
:BS,-32768,-32768,-32768,V
:BE,-32768,-32768,-32768,V
:BD,        +0.00,        +0.00,        +0.00,   0.00, 27.92
:SA,   +0.00,   +0.00,  0.00
:TS,04010100054501,35.0, +23.7,   0.0,1531.3,624
:BI,-32768,-32768,-32768,-32768,V
:BS,-32768,-32768,-32768,V
:BE,-32768,-32768,-32768,V
:BD,        +0.00,        +0.00,        +0.00,   0.00, 28.01
:SA,   +0.00,   +0.00,  0.00
:TS,04010100054512,35.0, +23.7,   0.0,1531.3,621
:BI,-32768,-32768,-32768,-32768,V
:BS,-32768,-32768,-32768,V
:BE,-32768,-32768,-32768,V
:BD,        +0.00,        +0.00,        +0.00,   0.00, 28.12
:SA,   +0.00,   +0.00,  0.00
:TS,04010100054521,35.0, +23.7,   0.0,1531.3,627
:BI,-32768,-32768,-32768,-32768,V
:BS,-32768,-32768,-32768,V
:BE,-32768,-32768,-32768,V
:BD,        +0.00,        +0.00,        +0.00,   0.00, 28.21
:SA,   +0.00,   +0.00,  0.00
:TS,04010100054530,35.0, +23.7,   0.0,1531.3,628
:BI,-32768,-32768,-32768,-32768,V
:BS,-32768,-32768,-32768,V
:BE,-32768,-32768,-32768,V
:BD,        +0.00,        +0.00,        +0.00,   0.00, 28.30
:SA,   +0.00,   +0.00,  0.00
:TS,04010100054539,35.0, +23.7,   0.0,1531.3,622
:BI,-32768,-32768,-32768,-32768,V
:BS,-32768,-32768,-32768,V
:BE,-32768,-32768,-32768,V
:BD,        +0.00,        +0.00,        +0.00,   0.00, 28.39
:SA,   +0.00,   +0.00,  0.00
:TS,04010100054548,35.0, +23.7,   0.0,1531.3,623
:BI,-32768,-32768,-32768,-32768,V
:BS,-32768,-32768,-32768,V
:BE,-32768,-32768,-32768,V
:BD,        +0.00,        +0.00,        +0.00,   0.00, 28.48
:SA,   +0.00,   +0.00,  0.00
:TS,04010100054558,35.0, +23.7,   0.0,1531.3,624
:BI,-32768,-32768,-32768,-32768,V
:BS,-32768,-32768,-32768,V
:BE,-32768,-32768,-32768,V
:BD,        +0.00,        +0.00,        +0.00,   0.00, 28.58
:SA,   +0.00,   +0.00,  0.00
:TS,04010100054570,35.0, +23.7,   0.0,1531.3,621
:BI,-32768,-32768,-32768,-32768,V
:BS,-32768,-32768,-32768,V
:BE,-32768,-32768,-32768,V
:BD,        +0.00,        +0.00,        +0.00,   0.00, 28.70
:SA,   +0.00,   +0.00,  0.00
:TS,04010100054581,35.0, +23.7,   0.0,1531.3,627
:BI,-32768,-32768,-32768,-32768,V
:BS,-32768,-32768,-32768,V
:BE,-32768,-32768,-32768,V
:BD,        +0.00,        +0.00,        +0.00,   0.00, 28.81
:SA,   +0.00,   +0.00,  0.00
:TS,04010100054589,35.0, +23.7,   0.0,1531.3,628
:BI,-32768,-32768,-32768,-32768,V
:BS,-32768,-32768,-32768,V
:BE,-32768,-32768,-32768,V
:BD,        +0.00,        +0.00,        +0.00,   0.00, 28.89
:SA,   +0.00,   +0.00,  0.00
:TS,04010100054597,35.0, +23.7,   0.0,1531.3,622
:BI,-32768,-32768,-32768,-32768,V
:BS,-32768,-32768,-32768,V
:BE,-32768,-32768,-32768,V
:BD,        +0.00,        +0.00,        +0.00,   0.00, 28.97
:SA,   +0.00,   +0.00,  0.00
:TS,04010100054608,35.0, +23.7,   0.0,1531.3,623
:BI,-32768,-32768,-32768,-32768,V
:BS,-32768,-32768,-32768,V
:BE,-32768,-32768,-32768,V
:BD,        +0.00,        +0.00,        +0.00,   0.00, 29.08
:SA,   +0.00,   +0.00,  0.00
:TS,04010100054617,35.0, +23.7,   0.0,1531.3,624
:BI,-32768,-32768,-32768,-32768,V
:BS,-32768,-32768,-32768,V
:BE,-32768,-32768,-32768,V
:BD,        +0.00,        +0.00,        +0.00,   0.00, 29.17
:SA,   +0.00,   +0.00,  0.00
:TS,04010100054626,35.0, +23.7,   0.0,1531.3,621
:BI,-32768,-32768,-32768,-32768,V
:BS,-32768,-32768,-32768,V
:BE,-32768,-32768,-32768,V
:BD,        +0.00,        +0.00,        +0.00,   0.00, 29.26
:SA,   +0.00,   +0.00,  0.00
:TS,04010100054635,35.0, +23.7,   0.0,1531.3,627
:BI,-32768,-32768,-32768,-32768,V
:BS,-32768,-32768,-32768,V
:BE,-32768,-32768,-32768,V
:BD,        +0.00,        +0.00,        +0.00,   0.00, 29.35
:SA,   +0.00,   +0.00,  0.00
:TS,04010100054644,35.0, +23.7,   0.0,1531.3,628
:BI,-32768,-32768,-32768,-32768,V
:BS,-32768,-32768,-32768,V
:BE,-32768,-32768,-32768,V
:BD,        +0.00,        +0.00,        +0.00,   0.00, 29.44
:SA,   +0.00,   +0.00,  0.00
:TS,04010100054655,35.0, +23.7,   0.0,1531.3,622
:BI,-32768,-32768,-32768,-32768,V
:BS,-32768,-32768,-32768,V
:BE,-32768,-32768,-32768,V
:BD,        +0.00,        +0.00,        +0.00,   0.00, 29.55
:SA,   +0.00,   +0.00,  0.00
:TS,04010100054664,35.0, +23.7,   0.0,1531.3,623
:BI,-32768,-32768,-32768,-32768,V
:BS,-32768,-32768,-32768,V
:BE,-32768,-32768,-32768,V
:BD,        +0.00,        +0.00,        +0.00,   0.00, 29.64
:SA,   +0.00,   +0.00,  0.00
:TS,04010100054673,35.0, +23.7,   0.0,1531.3,624
:BI,-32768,-32768,-32768,-32768,V
:BS,-32768,-32768,-32768,V
:BE,-32768,-32768,-32768,V
:BD,        +0.00,        +0.00,        +0.00,   0.00, 29.73
:SA,   +0.00,   +0.00,  0.00
:TS,04010100054685,35.0, +23.7,   0.0,1531.3,621
:BI,-32768,-32768,-32768,-32768,V
:BS,-32768,-32768,-32768,V
:BE,-32768,-32768,-32768,V
:BD,        +0.00,        +0.00,        +0.00,   0.00, 29.85
:SA,   +0.00,   +0.00,  0.00
:TS,04010100054695,35.0, +23.7,   0.0,1531.3,627
:BI,-32768,-32768,-32768,-32768,V
:BS,-32768,-32768,-32768,V
:BE,-32768,-32768,-32768,V
:BD,        +0.00,        +0.00,        +0.00,   0.00, 29.95
:SA,   +0.00,   +0.00,  0.00
:TS,04010100054705,35.0, +23.7,   0.0,1531.3,628
:BI,-32768,-32768,-32768,-32768,V
:BS,-32768,-32768,-32768,V
:BE,-32768,-32768,-32768,V
:BD,        +0.00,        +0.00,        +0.00,   0.00, 30.05
:SA,   +0.00,   +0.00,  0.00
:TS,04010100054714,35.0, +23.7,   0.0,1531.3,622
:BI,-32768,-32768,-32768,-32768,V
:BS,-32768,-32768,-32768,V
:BE,-32768,-32768,-32768,V
:BD,        +0.00,        +0.00,        +0.00,   0.00, 30.14
:SA,   +0.00,   +0.00,  0.00
:TS,04010100054723,35.0, +23.7,   0.0,1531.3,623
:BI,-32768,-32768,-32768,-32768,V
:BS,-32768,-32768,-32768,V
:BE,-32768,-32768,-32768,V
:BD,        +0.00,        +0.00,        +0.00,   0.00, 30.23
:SA,   +0.00,   +0.00,  0.00
:TS,04010100054732,35.0, +23.7,   0.0,1531.3,624
:BI,-32768,-32768,-32768,-32768,V
:BS,-32768,-32768,-32768,V
:BE,-32768,-32768,-32768,V
:BD,        +0.00,        +0.00,        +0.00,   0.00, 30.32
:SA,   +0.00,   +0.00,  0.00
:TS,04010100054740,35.0, +23.7,   0.0,1531.3,621
:BI,-32768,-32768,-32768,-32768,V
:BS,-32768,-32768,-32768,V
:BE,-32768,-32768,-32768,V
:BD,        +0.00,        +0.00,        +0.00,   0.00, 30.40
:SA,   +0.00,   +0.00,  0.00
:TS,04010100054751,35.0, +23.7,   0.0,1531.3,627
:BI,-32768,-32768,-32768,-32768,V
:BS,-32768,-32768,-32768,V
:BE,-32768,-32768,-32768,V
:BD,        +0.00,        +0.00,        +0.00,   0.00, 30.51
:SA,   +0.00,   +0.00,  0.00
:TS,04010100054760,35.0, +23.7,   0.0,1531.3,628
:BI,-32768,-32768,-32768,-32768,V
:BS,-32768,-32768,-32768,V
:BE,-32768,-32768,-32768,V
:BD,        +0.00,        +0.00,        +0.00,   0.00, 30.60
:SA,   +0.00,   +0.00,  0.00
:TS,04010100054769,35.0, +23.7,   0.0,1531.3,622
:BI,-32768,-32768,-32768,-32768,V
:BS,-32768,-32768,-32768,V
:BE,-32768,-32768,-32768,V
:BD,        +0.00,        +0.00,        +0.00,   0.00, 30.69
:SA,   +0.00,   +0.00,  0.00
:TS,04010100054778,35.0, +23.7,   0.0,1531.3,623
:BI,-32768,-32768,-32768,-32768,V
:BS,-32768,-32768,-32768,V
:BE,-32768,-32768,-32768,V
:BD,        +0.00,        +0.00,        +0.00,   0.00, 30.78
:SA,   +0.00,   +0.00,  0.00
:TS,04010100054787,35.0, +23.7,   0.0,1531.3,624
:BI,-32768,-32768,-32768,-32768,V
:BS,-32768,-32768,-32768,V
:BE,-32768,-32768,-32768,V
:BD,        +0.00,        +0.00,        +0.00,   0.00, 30.87
:SA,   +0.00,   +0.00,  0.00
:TS,04010100054801,35.0, +23.7,   0.0,1531.3,621
:BI,-32768,-32768,-32768,-32768,V
:BS,-32768,-32768,-32768,V
:BE,-32768,-32768,-32768,V
:BD,        +0.00,        +0.00,        +0.00,   0.00, 31.01
:SA,   +0.00,   +0.00,  0.00
:TS,04010100054811,35.0, +23.7,   0.0,1531.3,627
:BI,-32768,-32768,-32768,-32768,V
:BS,-32768,-32768,-32768,V
:BE,-32768,-32768,-32768,V
:BD,        +0.00,        +0.00,        +0.00,   0.00, 31.11
:SA,   +0.00,   +0.00,  0.00
:TS,04010100054820,35.0, +23.7,   0.0,1531.3,628
:BI,-32768,-32768,-32768,-32768,V
:BS,-32768,-32768,-32768,V
:BE,-32768,-32768,-32768,V
:BD,        +0.00,        +0.00,        +0.00,   0.00, 31.20
:SA,   +0.00,   +0.00,  0.00
:TS,04010100054829,35.0, +23.7,   0.0,1531.3,622
:BI,-32768,-32768,-32768,-32768,V
:BS,-32768,-32768,-32768,V
:BE,-32768,-32768,-32768,V
:BD,        +0.00,        +0.00,        +0.00,   0.00, 31.29
:SA,   +0.00,   +0.00,  0.00
:TS,04010100054837,35.0, +23.7,   0.0,1531.3,623
:BI,-32768,-32768,-32768,-32768,V
:BS,-32768,-32768,-32768,V
:BE,-32768,-32768,-32768,V
:BD,        +0.00,        +0.00,        +0.00,   0.00, 31.37
:SA,   +0.00,   +0.00,  0.00
:TS,04010100054847,35.0, +23.7,   0.0,1531.3,624
:BI,-32768,-32768,-32768,-32768,V
:BS,-32768,-32768,-32768,V
:BE,-32768,-32768,-32768,V
:BD,        +0.00,        +0.00,        +0.00,   0.00, 31.47
:SA,   +0.00,   +0.00,  0.00
:TS,04010100054856,35.0, +23.7,   0.0,1531.3,621
:BI,-32768,-32768,-32768,-32768,V
:BS,-32768,-32768,-32768,V
:BE,-32768,-32768,-32768,V
:BD,        +0.00,        +0.00,        +0.00,   0.00, 31.56
:SA,   +0.00,   +0.00,  0.00
:TS,04010100054865,35.0, +23.7,   0.0,1531.3,627
:BI,-32768,-32768,-32768,-32768,V
:BS,-32768,-32768,-32768,V
:BE,-32768,-32768,-32768,V
:BD,        +0.00,        +0.00,        +0.00,   0.00, 31.65
:SA,   +0.00,   +0.00,  0.00
:TS,04010100054874,35.0, +23.7,   0.0,1531.3,628
:BI,-32768,-32768,-32768,-32768,V
:BS,-32768,-32768,-32768,V
:BE,-32768,-32768,-32768,V
:BD,        +0.00,        +0.00,        +0.00,   0.00, 31.74
:SA,   +0.00,   +0.00,  0.00
:TS,04010100054883,35.0, +23.7,   0.0,1531.3,622
:BI,-32768,-32768,-32768,-32768,V
:BS,-32768,-32768,-32768,V
:BE,-32768,-32768,-32768,V
:BD,        +0.00,        +0.00,        +0.00,   0.00, 31.83
:SA,   +0.00,   +0.00,  0.00
:TS,04010100054894,35.0, +23.7,   0.0,1531.3,623
:BI,-32768,-32768,-32768,-32768,V
:BS,-32768,-32768,-32768,V
:BE,-32768,-32768,-32768,V
:BD,        +0.00,        +0.00,        +0.00,   0.00, 31.94
:SA,   +0.00,   +0.00,  0.00
:TS,04010100054903,35.0, +23.7,   0.0,1531.3,624
:BI,-32768,-32768,-32768,-32768,V
:BS,-32768,-32768,-32768,V
:BE,-32768,-32768,-32768,V
:BD,        +0.00,        +0.00,        +0.00,   0.00, 32.03
:SA,   +0.00,   +0.00,  0.00
:TS,04010100054914,35.0, +23.7,   0.0,1531.3,621
:BI,-32768,-32768,-32768,-32768,V
:BS,-32768,-32768,-32768,V
:BE,-32768,-32768,-32768,V
:BD,        +0.00,        +0.00,        +0.00,   0.00, 32.14
:SA,   +0.00,   +0.00,  0.00
:TS,04010100054924,35.0, +23.7,   0.0,1531.3,627
:BI,-32768,-32768,-32768,-32768,V
:BS,-32768,-32768,-32768,V
:BE,-32768,-32768,-32768,V
:BD,        +0.00,        +0.00,        +0.00,   0.00, 32.24
:SA,   +0.00,   +0.00,  0.00
:TS,04010100054933,35.0, +23.7,   0.0,1531.3,628
:BI,-32768,-32768,-32768,-32768,V
:BS,-32768,-32768,-32768,V
:BE,-32768,-32768,-32768,V
:BD,        +0.00,        +0.00,        +0.00,   0.00, 32.33
:SA,   +0.00,   +0.00,  0.00
:TS,04010100054943,35.0, +23.7,   0.0,1531.3,622
:BI,-32768,-32768,-32768,-32768,V
:BS,-32768,-32768,-32768,V
:BE,-32768,-32768,-32768,V
:BD,        +0.00,        +0.00,        +0.00,   0.00, 32.43
:SA,   +0.00,   +0.00,  0.00
:TS,04010100054952,35.0, +23.7,   0.0,1531.3,623
:BI,-32768,-32768,-32768,-32768,V
:BS,-32768,-32768,-32768,V
:BE,-32768,-32768,-32768,V
:BD,        +0.00,        +0.00,        +0.00,   0.00, 32.52
:SA,   +0.00,   +0.00,  0.00
:TS,04010100054961,35.0, +23.7,   0.0,1531.3,624
:BI,-32768,-32768,-32768,-32768,V
:BS,-32768,-32768,-32768,V
:BE,-32768,-32768,-32768,V
:BD,        +0.00,        +0.00,        +0.00,   0.00, 32.61
:SA,   +0.00,   +0.00,  0.00
:TS,04010100054970,35.0, +23.7,   0.0,1531.3,621
:BI,-32768,-32768,-32768,-32768,V
:BS,-32768,-32768,-32768,V
:BE,-32768,-32768,-32768,V
:BD,        +0.00,        +0.00,        +0.00,   0.00, 32.70
:SA,   +0.00,   +0.00,  0.00
:TS,04010100054979,35.0, +23.7,   0.0,1531.3,627
:BI,-32768,-32768,-32768,-32768,V
:BS,-32768,-32768,-32768,V
:BE,-32768,-32768,-32768,V
:BD,        +0.00,        +0.00,        +0.00,   0.00, 32.79
:SA,   +0.00,   +0.00,  0.00
:TS,04010100054990,35.0, +23.7,   0.0,1531.3,628
:BI,-32768,-32768,-32768,-32768,V
:BS,-32768,-32768,-32768,V
:BE,-32768,-32768,-32768,V
:BD,        +0.00,        +0.00,        +0.00,   0.00, 32.90
:SA,   +0.00,   +0.00,  0.00
:TS,04010100054999,35.0, +23.7,   0.0,1531.3,622
:BI,-32768,-32768,-32768,-32768,V
:BS,-32768,-32768,-32768,V
:BE,-32768,-32768,-32768,V
:BD,        +0.00,        +0.00,        +0.00,   0.00, 32.99
:SA,   +0.00,   +0.00,  0.00
:TS,04010100055008,35.0, +23.7,   0.0,1531.3,623
:BI,-32768,-32768,-32768,-32768,V
:BS,-32768,-32768,-32768,V
:BE,-32768,-32768,-32768,V
:BD,        +0.00,        +0.00,        +0.00,   0.00, 33.08
:SA,   +0.00,   +0.00,  0.00
:TS,04010100055017,35.0, +23.7,   0.0,1531.3,624
:BI,-32768,-32768,-32768,-32768,V
:BS,-32768,-32768,-32768,V
:BE,-32768,-32768,-32768,V
:BD,        +0.00,        +0.00,        +0.00,   0.00, 33.17
:SA,   +0.00,   +0.00,  0.00
:TS,04010100055029,35.0, +23.7,   0.0,1531.3,621
:BI,-32768,-32768,-32768,-32768,V
:BS,-32768,-32768,-32768,V
:BE,-32768,-32768,-32768,V
:BD,        +0.00,        +0.00,        +0.00,   0.00, 33.29
:SA,   +0.00,   +0.00,  0.00
:TS,04010100055040,35.0, +23.7,   0.0,1531.3,627
:BI,-32768,-32768,-32768,-32768,V
:BS,-32768,-32768,-32768,V
:BE,-32768,-32768,-32768,V
:BD,        +0.00,        +0.00,        +0.00,   0.00, 33.40
:SA,   +0.00,   +0.00,  0.00
:TS,04010100055049,35.0, +23.7,   0.0,1531.3,628
:BI,-32768,-32768,-32768,-32768,V
:BS,-32768,-32768,-32768,V
:BE,-32768,-32768,-32768,V
:BD,        +0.00,        +0.00,        +0.00,   0.00, 33.49
:SA,   +0.00,   +0.00,  0.00
:TS,04010100055058,35.0, +23.7,   0.0,1531.3,622
:BI,-32768,-32768,-32768,-32768,V
:BS,-32768,-32768,-32768,V
:BE,-32768,-32768,-32768,V
:BD,        +0.00,        +0.00,        +0.00,   0.00, 33.58
:SA,   +0.00,   +0.00,  0.00
:TS,04010100055067,35.0, +23.7,   0.0,1531.3,623
:BI,-32768,-32768,-32768,-32768,V
:BS,-32768,-32768,-32768,V
:BE,-32768,-32768,-32768,V
:BD,        +0.00,        +0.00,        +0.00,   0.00, 33.67
:SA,   +0.00,   +0.00,  0.00
:TS,04010100055076,35.0, +23.7,   0.0,1531.3,624
:BI,-32768,-32768,-32768,-32768,V
:BS,-32768,-32768,-32768,V
:BE,-32768,-32768,-32768,V
:BD,        +0.00,        +0.00,        +0.00,   0.00, 33.76
:SA,   +0.00,   +0.00,  0.00
:TS,04010100055086,35.0, +23.7,   0.0,1531.3,621
:BI,-32768,-32768,-32768,-32768,V
:BS,-32768,-32768,-32768,V
:BE,-32768,-32768,-32768,V
:BD,        +0.00,        +0.00,        +0.00,   0.00, 33.86
:SA,   +0.00,   +0.00,  0.00
:TS,04010100055095,35.0, +23.7,   0.0,1531.3,627
:BI,-32768,-32768,-32768,-32768,V
:BS,-32768,-32768,-32768,V
:BE,-32768,-32768,-32768,V
:BD,        +0.00,        +0.00,        +0.00,   0.00, 33.95
:SA,   +0.00,   +0.00,  0.00
:TS,04010100055104,35.0, +23.7,   0.0,1531.3,628
:BI,-32768,-32768,-32768,-32768,V
:BS,-32768,-32768,-32768,V
:BE,-32768,-32768,-32768,V
:BD,        +0.00,        +0.00,        +0.00,   0.00, 34.04
:SA,   +0.00,   +0.00,  0.00
:TS,04010100055113,35.0, +23.7,   0.0,1531.3,622
:BI,-32768,-32768,-32768,-32768,V
:BS,-32768,-32768,-32768,V
:BE,-32768,-32768,-32768,V
:BD,        +0.00,        +0.00,        +0.00,   0.00, 34.13
:SA,   +0.00,   +0.00,  0.00
:TS,04010100055122,35.0, +23.7,   0.0,1531.3,623
:BI,-32768,-32768,-32768,-32768,V
:BS,-32768,-32768,-32768,V
:BE,-32768,-32768,-32768,V
:BD,        +0.00,        +0.00,        +0.00,   0.00, 34.22
:SA,   +0.00,   +0.00,  0.00
:TS,04010100055132,35.0, +23.7,   0.0,1531.3,624
:BI,-32768,-32768,-32768,-32768,V
:BS,-32768,-32768,-32768,V
:BE,-32768,-32768,-32768,V
:BD,        +0.00,        +0.00,        +0.00,   0.00, 34.32
:SA,   +0.00,   +0.00,  0.00
:TS,04010100055144,35.0, +23.7,   0.0,1531.3,621
:BI,-32768,-32768,-32768,-32768,V
:BS,-32768,-32768,-32768,V
:BE,-32768,-32768,-32768,V
:BD,        +0.00,        +0.00,        +0.00,   0.00, 34.44
:SA,   +0.00,   +0.00,  0.00
:TS,04010100055155,35.0, +23.7,   0.0,1531.3,627
:BI,-32768,-32768,-32768,-32768,V
:BS,-32768,-32768,-32768,V
:BE,-32768,-32768,-32768,V
:BD,        +0.00,        +0.00,        +0.00,   0.00, 34.55
:SA,   +0.00,   +0.00,  0.00
:TS,04010100055163,35.0, +23.7,   0.0,1531.3,628
:BI,-32768,-32768,-32768,-32768,V
:BS,-32768,-32768,-32768,V
:BE,-32768,-32768,-32768,V
:BD,        +0.00,        +0.00,        +0.00,   0.00, 34.63
:SA,   +0.00,   +0.00,  0.00
:TS,04010100055172,35.0, +23.7,   0.0,1531.3,622
:BI,-32768,-32768,-32768,-32768,V
:BS,-32768,-32768,-32768,V
:BE,-32768,-32768,-32768,V
:BD,        +0.00,        +0.00,        +0.00,   0.00, 34.72
:SA,   +0.00,   +0.00,  0.00
:TS,04010100055183,35.0, +23.7,   0.0,1531.3,623
:BI,-32768,-32768,-32768,-32768,V
:BS,-32768,-32768,-32768,V
:BE,-32768,-32768,-32768,V
:BD,        +0.00,        +0.00,        +0.00,   0.00, 34.83
:SA,   +0.00,   +0.00,  0.00
:TS,04010100055192,35.0, +23.7,   0.0,1531.3,624
:BI,-32768,-32768,-32768,-32768,V
:BS,-32768,-32768,-32768,V
:BE,-32768,-32768,-32768,V
:BD,        +0.00,        +0.00,        +0.00,   0.00, 34.92
:SA,   +0.00,   +0.00,  0.00
:TS,04010100055201,35.0, +23.7,   0.0,1531.3,621
:BI,-32768,-32768,-32768,-32768,V
:BS,-32768,-32768,-32768,V
:BE,-32768,-32768,-32768,V
:BD,        +0.00,        +0.00,        +0.00,   0.00, 35.01
:SA,   +0.00,   +0.00,  0.00
:TS,04010100055210,35.0, +23.7,   0.0,1531.3,627
:BI,-32768,-32768,-32768,-32768,V
:BS,-32768,-32768,-32768,V
:BE,-32768,-32768,-32768,V
:BD,        +0.00,        +0.00,        +0.00,   0.00, 35.10
:SA,   +0.00,   +0.00,  0.00
:TS,04010100055219,35.0, +23.7,   0.0,1531.3,628
:BI,-32768,-32768,-32768,-32768,V
:BS,-32768,-32768,-32768,V
:BE,-32768,-32768,-32768,V
:BD,        +0.00,        +0.00,        +0.00,   0.00, 35.19
:SA,   +0.00,   +0.00,  0.00
:TS,04010100055230,35.0, +23.7,   0.0,1531.3,622
:BI,-32768,-32768,-32768,-32768,V
:BS,-32768,-32768,-32768,V
:BE,-32768,-32768,-32768,V
:BD,        +0.00,        +0.00,        +0.00,   0.00, 35.30
:SA,   +0.00,   +0.00,  0.00
:TS,04010100055239,35.0, +23.7,   0.0,1531.3,623
:BI,-32768,-32768,-32768,-32768,V
:BS,-32768,-32768,-32768,V
:BE,-32768,-32768,-32768,V
:BD,        +0.00,        +0.00,        +0.00,   0.00, 35.39
:SA,   +0.00,   +0.00,  0.00
:TS,04010100055248,35.0, +23.7,   0.0,1531.3,624
:BI,-32768,-32768,-32768,-32768,V
:BS,-32768,-32768,-32768,V
:BE,-32768,-32768,-32768,V
:BD,        +0.00,        +0.00,        +0.00,   0.00, 35.48
:SA,   +0.00,   +0.00,  0.00
:TS,04010100055260,35.0, +23.7,   0.0,1531.3,621
:BI,-32768,-32768,-32768,-32768,V
:BS,-32768,-32768,-32768,V
:BE,-32768,-32768,-32768,V
:BD,        +0.00,        +0.00,        +0.00,   0.00, 35.60
:SA,   +0.00,   +0.00,  0.00
:TS,04010100055270,35.0, +23.7,   0.0,1531.3,627
:BI,-32768,-32768,-32768,-32768,V
:BS,-32768,-32768,-32768,V
:BE,-32768,-32768,-32768,V
:BD,        +0.00,        +0.00,        +0.00,   0.00, 35.70
:SA,   +0.00,   +0.00,  0.00
:TS,04010100055280,35.0, +23.7,   0.0,1531.3,628
:BI,-32768,-32768,-32768,-32768,V
:BS,-32768,-32768,-32768,V
:BE,-32768,-32768,-32768,V
:BD,        +0.00,        +0.00,        +0.00,   0.00, 35.80
:SA,   +0.00,   +0.00,  0.00
:TS,04010100055289,35.0, +23.7,   0.0,1531.3,622
:BI,-32768,-32768,-32768,-32768,V
:BS,-32768,-32768,-32768,V
:BE,-32768,-32768,-32768,V
:BD,        +0.00,        +0.00,        +0.00,   0.00, 35.89
:SA,   +0.00,   +0.00,  0.00
:TS,04010100055298,35.0, +23.7,   0.0,1531.3,623
:BI,-32768,-32768,-32768,-32768,V
:BS,-32768,-32768,-32768,V
:BE,-32768,-32768,-32768,V
:BD,        +0.00,        +0.00,        +0.00,   0.00, 35.98
:SA,   +0.00,   +0.00,  0.00
:TS,04010100055307,35.0, +23.7,   0.0,1531.3,624
:BI,-32768,-32768,-32768,-32768,V
:BS,-32768,-32768,-32768,V
:BE,-32768,-32768,-32768,V
:BD,        +0.00,        +0.00,        +0.00,   0.00, 36.07
:SA,   +0.00,   +0.00,  0.00
:TS,04010100055315,35.0, +23.7,   0.0,1531.3,621
:BI,-32768,-32768,-32768,-32768,V
:BS,-32768,-32768,-32768,V
:BE,-32768,-32768,-32768,V
:BD,        +0.00,        +0.00,        +0.00,   0.00, 36.15
:SA,   +0.00,   +0.00,  0.00
:TS,04010100055326,35.0, +23.7,   0.0,1531.3,627
:BI,-32768,-32768,-32768,-32768,V
:BS,-32768,-32768,-32768,V
:BE,-32768,-32768,-32768,V
:BD,        +0.00,        +0.00,        +0.00,   0.00, 36.26
:SA,   +0.00,   +0.00,  0.00
:TS,04010100055335,35.0, +23.7,   0.0,1531.3,628
:BI,-32768,-32768,-32768,-32768,V
:BS,-32768,-32768,-32768,V
:BE,-32768,-32768,-32768,V
:BD,        +0.00,        +0.00,        +0.00,   0.00, 36.35
:SA,   +0.00,   +0.00,  0.00
:TS,04010100055344,35.0, +23.7,   0.0,1531.3,622
:BI,-32768,-32768,-32768,-32768,V
:BS,-32768,-32768,-32768,V
:BE,-32768,-32768,-32768,V
:BD,        +0.00,        +0.00,        +0.00,   0.00, 36.44
:SA,   +0.00,   +0.00,  0.00
:TS,04010100055353,35.0, +23.7,   0.0,1531.3,623
:BI,-32768,-32768,-32768,-32768,V
:BS,-32768,-32768,-32768,V
:BE,-32768,-32768,-32768,V
:BD,        +0.00,        +0.00,        +0.00,   0.00, 36.53
:SA,   +0.00,   +0.00,  0.00
:TS,04010100055362,35.0, +23.7,   0.0,1531.3,624
:BI,-32768,-32768,-32768,-32768,V
:BS,-32768,-32768,-32768,V
:BE,-32768,-32768,-32768,V
:BD,        +0.00,        +0.00,        +0.00,   0.00, 36.62
:SA,   +0.00,   +0.00,  0.00
:TS,04010100055376,35.0, +23.7,   0.0,1531.3,621
:BI,-32768,-32768,-32768,-32768,V
:BS,-32768,-32768,-32768,V
:BE,-32768,-32768,-32768,V
:BD,        +0.00,        +0.00,        +0.00,   0.00, 36.76
:SA,   +0.00,   +0.00,  0.00
:TS,04010100055386,35.0, +23.7,   0.0,1531.3,627
:BI,-32768,-32768,-32768,-32768,V
:BS,-32768,-32768,-32768,V
:BE,-32768,-32768,-32768,V
:BD,        +0.00,        +0.00,        +0.00,   0.00, 36.86
:SA,   +0.00,   +0.00,  0.00
:TS,04010100055395,35.0, +23.7,   0.0,1531.3,628
:BI,-32768,-32768,-32768,-32768,V
:BS,-32768,-32768,-32768,V
:BE,-32768,-32768,-32768,V
:BD,        +0.00,        +0.00,        +0.00,   0.00, 36.95
:SA,   +0.00,   +0.00,  0.00
:TS,04010100055404,35.0, +23.7,   0.0,1531.3,622
:BI,-32768,-32768,-32768,-32768,V
:BS,-32768,-32768,-32768,V
:BE,-32768,-32768,-32768,V
:BD,        +0.00,        +0.00,        +0.00,   0.00, 37.04
:SA,   +0.00,   +0.00,  0.00
:TS,04010100055412,35.0, +23.7,   0.0,1531.3,623
:BI,-32768,-32768,-32768,-32768,V
:BS,-32768,-32768,-32768,V
:BE,-32768,-32768,-32768,V
:BD,        +0.00,        +0.00,        +0.00,   0.00, 37.12
:SA,   +0.00,   +0.00,  0.00
:TS,04010100055422,35.0, +23.7,   0.0,1531.3,624
:BI,-32768,-32768,-32768,-32768,V
:BS,-32768,-32768,-32768,V
:BE,-32768,-32768,-32768,V
:BD,        +0.00,        +0.00,        +0.00,   0.00, 37.22
:SA,   +0.00,   +0.00,  0.00
:TS,04010100055431,35.0, +23.7,   0.0,1531.3,621
:BI,-32768,-32768,-32768,-32768,V
:BS,-32768,-32768,-32768,V
:BE,-32768,-32768,-32768,V
:BD,        +0.00,        +0.00,        +0.00,   0.00, 37.31
:SA,   +0.00,   +0.00,  0.00
:TS,04010100055440,35.0, +23.7,   0.0,1531.3,627
:BI,-32768,-32768,-32768,-32768,V
:BS,-32768,-32768,-32768,V
:BE,-32768,-32768,-32768,V
:BD,        +0.00,        +0.00,        +0.00,   0.00, 37.40
:SA,   +0.00,   +0.00,  0.00
:TS,04010100055449,35.0, +23.7,   0.0,1531.3,628
:BI,-32768,-32768,-32768,-32768,V
:BS,-32768,-32768,-32768,V
:BE,-32768,-32768,-32768,V
:BD,        +0.00,        +0.00,        +0.00,   0.00, 37.49
:SA,   +0.00,   +0.00,  0.00
:TS,04010100055458,35.0, +23.7,   0.0,1531.3,622
:BI,-32768,-32768,-32768,-32768,V
:BS,-32768,-32768,-32768,V
:BE,-32768,-32768,-32768,V
:BD,        +0.00,        +0.00,        +0.00,   0.00, 37.58
:SA,   +0.00,   +0.00,  0.00
:TS,04010100055469,35.0, +23.7,   0.0,1531.3,623
:BI,-32768,-32768,-32768,-32768,V
:BS,-32768,-32768,-32768,V
:BE,-32768,-32768,-32768,V
:BD,        +0.00,        +0.00,        +0.00,   0.00, 37.69
:SA,   +0.00,   +0.00,  0.00
:TS,04010100055478,35.0, +23.7,   0.0,1531.3,624
:BI,-32768,-32768,-32768,-32768,V
:BS,-32768,-32768,-32768,V
:BE,-32768,-32768,-32768,V
:BD,        +0.00,        +0.00,        +0.00,   0.00, 37.78
:SA,   +0.00,   +0.00,  0.00
:TS,04010100055489,35.0, +23.8,   0.0,1531.5,621
:BI,-32768,-32768,-32768,-32768,V
:BS,-32768,-32768,-32768,V
:BE,-32768,-32768,-32768,V
:BD,        +0.00,        +0.00,        +0.00,   0.00, 37.89
:SA,   +0.00,   +0.00,  0.00
:TS,04010100055499,35.0, +23.8,   0.0,1531.5,627
:BI,-32768,-32768,-32768,-32768,V
:BS,-32768,-32768,-32768,V
:BE,-32768,-32768,-32768,V
:BD,        +0.00,        +0.00,        +0.00,   0.00, 37.99
:SA,   +0.00,   +0.00,  0.00
:TS,04010100055508,35.0, +23.8,   0.0,1531.5,628
:BI,-32768,-32768,-32768,-32768,V
:BS,-32768,-32768,-32768,V
:BE,-32768,-32768,-32768,V
:BD,        +0.00,        +0.00,        +0.00,   0.00, 38.08
:SA,   +0.00,   +0.00,  0.00
:TS,04010100055518,35.0, +23.8,   0.0,1531.5,622
:BI,-32768,-32768,-32768,-32768,V
:BS,-32768,-32768,-32768,V
:BE,-32768,-32768,-32768,V
:BD,        +0.00,        +0.00,        +0.00,   0.00, 38.18
:SA,   +0.00,   +0.00,  0.00
:TS,04010100055527,35.0, +23.8,   0.0,1531.5,623
:BI,-32768,-32768,-32768,-32768,V
:BS,-32768,-32768,-32768,V
:BE,-32768,-32768,-32768,V
:BD,        +0.00,        +0.00,        +0.00,   0.00, 38.27
:SA,   +0.00,   +0.00,  0.00
:TS,04010100055536,35.0, +23.8,   0.0,1531.5,624
:BI,-32768,-32768,-32768,-32768,V
:BS,-32768,-32768,-32768,V
:BE,-32768,-32768,-32768,V
:BD,        +0.00,        +0.00,        +0.00,   0.00, 38.36
:SA,   +0.00,   +0.00,  0.00
