>BP001
>BX00060
>EA09000
>ES35
>TE00:00:00.00
>TP00:00.00
>PD6
>CK
[Parameters saved as USER defaults]

>CS
:SA,   +0.00,   +0.00,  0.00
:TS,04010100115871,35.0, +21.0,   0.0,1524.2,621
:BI,-32768,-32768,-32768,-32768,V
:BS,-32768,-32768,-32768,V
:BE,-32768,-32768,-32768,V
:BD,        +0.00,        +0.00,        +0.00,   0.00,  0.00
:SA,   +0.00,   +0.00,  0.00
:TS,04010100115881,35.0, +21.0,   0.0,1524.2,627
:BI,-32768,-32768,-32768,-32768,V
:BS,-32768,-32768,-32768,V
:BE,-32768,-32768,-32768,V
:BD,        +0.00,        +0.00,        +0.00,   0.00,  0.10
:SA,   +0.00,   +0.00,  0.00
:TS,04010100115890,35.0, +21.0,   0.0,1524.2,628
:BI,-32768,-32768,-32768,-32768,V
:BS,-32768,-32768,-32768,V
:BE,-32768,-32768,-32768,V
:BD,        +0.00,        +0.00,        +0.00,   0.00,  0.19
:SA,   +0.00,   +0.00,  0.00
:TS,04010100115898,35.0, +21.0,   0.0,1524.2,622
:BI,-32768,-32768,-32768,-32768,V
:BS,-32768,-32768,-32768,V
:BE,-32768,-32768,-32768,V
:BD,        +0.00,        +0.00,        +0.00,   0.00,  0.27
:SA,   +0.00,   +0.00,  0.00
:TS,04010100115908,35.0, +21.0,   0.0,1524.2,623
:BI,-32768,-32768,-32768,-32768,V
:BS,-32768,-32768,-32768,V
:BE,-32768,-32768,-32768,V
:BD,        +0.00,        +0.00,        +0.00,   0.00,  0.37
:SA,   +0.00,   +0.00,  0.00
:TS,04010100115917,35.0, +21.0,   0.0,1524.2,624
:BI,-32768,-32768,-32768,-32768,V
:BS,-32768,-32768,-32768,V
:BE,-32768,-32768,-32768,V
:BD,        +0.00,        +0.00,        +0.00,   0.00,  0.46
:SA,   +0.00,   +0.00,  0.00
:TS,04010100115926,35.0, +21.0,   0.0,1524.2,621
:BI,-32768,-32768,-32768,-32768,V
:BS,-32768,-32768,-32768,V
:BE,-32768,-32768,-32768,V
:BD,        +0.00,        +0.00,        +0.00,   0.00,  0.55
:SA,   +0.00,   +0.00,  0.00
:TS,04010100115935,35.0, +21.0,   0.0,1524.2,627
:BI,-32768,-32768,-32768,-32768,V
:BS,-32768,-32768,-32768,V
:BE,-32768,-32768,-32768,V
:BD,        +0.00,        +0.00,        +0.00,   0.00,  0.64
:SA,   +0.00,   +0.00,  0.00
:TS,04010100115944,35.0, +21.0,   0.0,1524.2,628
:BI,-32768,-32768,-32768,-32768,V
:BS,-32768,-32768,-32768,V
:BE,-32768,-32768,-32768,V
:BD,        +0.00,        +0.00,        +0.00,   0.00,  0.73
:SA,   +0.00,   +0.00,  0.00
:TS,04010100115955,35.0, +21.0,   0.0,1524.2,622
:BI,-32768,-32768,-32768,-32768,V
:BS,-32768,-32768,-32768,V
:BE,-32768,-32768,-32768,V
:BD,        +0.00,        +0.00,        +0.00,   0.00,  0.84
:SA,   +0.00,   +0.00,  0.00
:TS,04010100115964,35.0, +21.0,   0.0,1524.2,623
:BI,-32768,-32768,-32768,-32768,V
:BS,-32768,-32768,-32768,V
:BE,-32768,-32768,-32768,V
:BD,        +0.00,        +0.00,        +0.00,   0.00,  0.93
:SA,   +0.00,   +0.00,  0.00
:TS,04010100115975,35.0, +26.8,   0.0,1538.6,624
:BI,-32768,-32768,-32768,-32768,V
:BS,-32768,-32768,-32768,V
:BE,-32768,-32768,-32768,V
:BD,        +0.00,        +0.00,        +0.00,   0.00,  1.04
:SA,   +0.00,   +0.00,  0.00
:TS,04010100115985,35.0, +26.8,   0.0,1538.6,621
:BI,-32768,-32768,-32768,-32768,V
:BS,-32768,-32768,-32768,V
:BE,-32768,-32768,-32768,V
:BD,        +0.00,        +0.00,        +0.00,   0.00,  1.14
:SA,   +0.00,   +0.00,  0.00
:TS,04010100115994,35.0, +26.8,   0.0,1538.6,627
:BI,-32768,-32768,-32768,-32768,V
:BS,-32768,-32768,-32768,V
:BE,-32768,-32768,-32768,V
:BD,        +0.00,        +0.00,        +0.00,   0.00,  1.23
:SA,   +0.00,   +0.00,  0.00
:TS,04010100120004,35.0, +26.8,   0.0,1538.6,628
:BI,-32768,-32768,-32768,-32768,V
:BS,-32768,-32768,-32768,V
:BE,-32768,-32768,-32768,V
:BD,        +0.00,        +0.00,        +0.00,   0.00,  1.33
:SA,   +0.00,   +0.00,  0.00
:TS,04010100120013,35.0, +26.8,   0.0,1538.6,622
:BI,-32768,-32768,-32768,-32768,V
:BS,-32768,-32768,-32768,V
:BE,-32768,-32768,-32768,V
:BD,        +0.00,        +0.00,        +0.00,   0.00,  1.42
:SA,   +0.00,   +0.00,  0.00
:TS,04010100120022,35.0, +26.8,   0.0,1538.6,623
:BI,-32768,-32768,-32768,-32768,V
:BS,-32768,-32768,-32768,V
:BE,-32768,-32768,-32768,V
:BD,        +0.00,        +0.00,        +0.00,   0.00,  1.51
:SA,   +0.00,   +0.00,  0.00
:TS,04010100120031,35.0, +26.8,   0.0,1538.6,624
:BI,-32768,-32768,-32768,-32768,V
:BS,-32768,-32768,-32768,V
:BE,-32768,-32768,-32768,V
:BD,        +0.00,        +0.00,        +0.00,   0.00,  1.60
:SA,   +0.00,   +0.00,  0.00
:TS,04010100120040,35.0, +26.8,   0.0,1538.6,621
:BI,-32768,-32768,-32768,-32768,V
:BS,-32768,-32768,-32768,V
:BE,-32768,-32768,-32768,V
:BD,        +0.00,        +0.00,        +0.00,   0.00,  1.69
:SA,   +0.00,   +0.00,  0.00
:TS,04010100120051,35.0, +26.8,   0.0,1538.6,627
:BI,-32768,-32768,-32768,-32768,V
:BS,-32768,-32768,-32768,V
:BE,-32768,-32768,-32768,V
:BD,        +0.00,        +0.00,        +0.00,   0.00,  1.80
:SA,   +0.00,   +0.00,  0.00
:TS,04010100120060,35.0, +26.8,   0.0,1538.6,628
:BI,-32768,-32768,-32768,-32768,V
:BS,-32768,-32768,-32768,V
:BE,-32768,-32768,-32768,V
:BD,        +0.00,        +0.00,        +0.00,   0.00,  1.89
:SA,   +0.00,   +0.00,  0.00
:TS,04010100120069,35.0, +26.8,   0.0,1538.6,622
:BI,-32768,-32768,-32768,-32768,V
:BS,-32768,-32768,-32768,V
:BE,-32768,-32768,-32768,V
:BD,        +0.00,        +0.00,        +0.00,   0.00,  1.98
:SA,   +0.00,   +0.00,  0.00
:TS,04010100120078,35.0, +26.8,   0.0,1538.6,623
:BI,-32768,-32768,-32768,-32768,V
:BS,-32768,-32768,-32768,V
:BE,-32768,-32768,-32768,V
:BD,        +0.00,        +0.00,        +0.00,   0.00,  2.07
:SA,   +0.00,   +0.00,  0.00
:TS,04010100120089,35.0, +26.8,   0.0,1538.6,624
:BI,-32768,-32768,-32768,-32768,V
:BS,-32768,-32768,-32768,V
:BE,-32768,-32768,-32768,V
:BD,        +0.00,        +0.00,        +0.00,   0.00,  2.18
:SA,   +0.00,   +0.00,  0.00
:TS,04010100120101,35.0, +26.8,   0.0,1538.6,621
:BI,-32768,-32768,-32768,-32768,V
:BS,-32768,-32768,-32768,V
:BE,-32768,-32768,-32768,V
:BD,        +0.00,        +0.00,        +0.00,   0.00,  2.30
:SA,   +0.00,   +0.00,  0.00
:TS,04010100120110,35.0, +26.8,   0.0,1538.6,627
:BI,-32768,-32768,-32768,-32768,V
:BS,-32768,-32768,-32768,V
:BE,-32768,-32768,-32768,V
:BD,        +0.00,        +0.00,        +0.00,   0.00,  2.39
:SA,   +0.00,   +0.00,  0.00
:TS,04010100120119,35.0, +26.8,   0.0,1538.6,628
:BI,-32768,-32768,-32768,-32768,V
:BS,-32768,-32768,-32768,V
:BE,-32768,-32768,-32768,V
:BD,        +0.00,        +0.00,        +0.00,   0.00,  2.48
:SA,   +0.00,   +0.00,  0.00
:TS,04010100120128,35.0, +26.8,   0.0,1538.6,622
:BI,-32768,-32768,-32768,-32768,V
:BS,-32768,-32768,-32768,V
:BE,-32768,-32768,-32768,V
:BD,        +0.00,        +0.00,        +0.00,   0.00,  2.57
:SA,   +0.00,   +0.00,  0.00
:TS,04010100120137,35.0, +26.8,   0.0,1538.6,623
:BI,-32768,-32768,-32768,-32768,V
:BS,-32768,-32768,-32768,V
:BE,-32768,-32768,-32768,V
:BD,        +0.00,        +0.00,        +0.00,   0.00,  2.66
:SA,   +0.00,   +0.00,  0.00
:TS,04010100120147,35.0, +26.8,   0.0,1538.6,624
:BI,-32768,-32768,-32768,-32768,V
:BS,-32768,-32768,-32768,V
:BE,-32768,-32768,-32768,V
:BD,        +0.00,        +0.00,        +0.00,   0.00,  2.76
:SA,   +0.00,   +0.00,  0.00
:TS,04010100120156,35.0, +26.8,   0.0,1538.6,621
:BI,-32768,-32768,-32768,-32768,V
:BS,-32768,-32768,-32768,V
:BE,-32768,-32768,-32768,V
:BD,        +0.00,        +0.00,        +0.00,   0.00,  2.85
:SA,   +0.00,   +0.00,  0.00
:TS,04010100120165,35.0, +26.8,   0.0,1538.6,627
:BI,-32768,-32768,-32768,-32768,V
:BS,-32768,-32768,-32768,V
:BE,-32768,-32768,-32768,V
:BD,        +0.00,        +0.00,        +0.00,   0.00,  2.94
:SA,   +0.00,   +0.00,  0.00
:TS,04010100120174,35.0, +26.8,   0.0,1538.6,628
:BI,-32768,-32768,-32768,-32768,V
:BS,-32768,-32768,-32768,V
:BE,-32768,-32768,-32768,V
:BD,        +0.00,        +0.00,        +0.00,   0.00,  3.03
:SA,   +0.00,   +0.00,  0.00
:TS,04010100120183,35.0, +26.8,   0.0,1538.6,622
:BI,-32768,-32768,-32768,-32768,V
:BS,-32768,-32768,-32768,V
:BE,-32768,-32768,-32768,V
:BD,        +0.00,        +0.00,        +0.00,   0.00,  3.12
:SA,   +0.00,   +0.00,  0.00
:TS,04010100120194,35.0, +26.8,   0.0,1538.6,623
:BI,-32768,-32768,-32768,-32768,V
:BS,-32768,-32768,-32768,V
:BE,-32768,-32768,-32768,V
:BD,        +0.00,        +0.00,        +0.00,   0.00,  3.23
:SA,   +0.00,   +0.00,  0.00
:TS,04010100120206,35.0, +26.8,   0.0,1538.6,624
:BI,-32768,-32768,-32768,-32768,V
:BS,-32768,-32768,-32768,V
:BE,-32768,-32768,-32768,V
:BD,        +0.00,        +0.00,        +0.00,   0.00,  3.35
:SA,   +0.00,   +0.00,  0.00
:TS,04010100120216,35.0, +26.8,   0.0,1538.6,621
:BI,-32768,-32768,-32768,-32768,V
:BS,-32768,-32768,-32768,V
:BE,-32768,-32768,-32768,V
:BD,        +0.00,        +0.00,        +0.00,   0.00,  3.45
:SA,   +0.00,   +0.00,  0.00
:TS,04010100120225,35.0, +26.8,   0.0,1538.6,627
:BI,-32768,-32768,-32768,-32768,V
:BS,-32768,-32768,-32768,V
:BE,-32768,-32768,-32768,V
:BD,        +0.00,        +0.00,        +0.00,   0.00,  3.54
:SA,   +0.00,   +0.00,  0.00
:TS,04010100120233,35.0, +26.8,   0.0,1538.6,628
:BI,-32768,-32768,-32768,-32768,V
:BS,-32768,-32768,-32768,V
:BE,-32768,-32768,-32768,V
:BD,        +0.00,        +0.00,        +0.00,   0.00,  3.62
:SA,   +0.00,   +0.00,  0.00
:TS,04010100120244,35.0, +26.8,   0.0,1538.6,622
:BI,-32768,-32768,-32768,-32768,V
:BS,-32768,-32768,-32768,V
:BE,-32768,-32768,-32768,V
:BD,        +0.00,        +0.00,        +0.00,   0.00,  3.73
:SA,   +0.00,   +0.00,  0.00
:TS,04010100120253,35.0, +26.8,   0.0,1538.6,623
:BI,-32768,-32768,-32768,-32768,V
:BS,-32768,-32768,-32768,V
:BE,-32768,-32768,-32768,V
:BD,        +0.00,        +0.00,        +0.00,   0.00,  3.82
:SA,   +0.00,   +0.00,  0.00
:TS,04010100120262,35.0, +26.8,   0.0,1538.6,624
:BI,-32768,-32768,-32768,-32768,V
:BS,-32768,-32768,-32768,V
:BE,-32768,-32768,-32768,V
:BD,        +0.00,        +0.00,        +0.00,   0.00,  3.91
:SA,   +0.00,   +0.00,  0.00
:TS,04010100120271,35.0, +26.8,   0.0,1538.6,621
:BI,-32768,-32768,-32768,-32768,V
:BS,-32768,-32768,-32768,V
:BE,-32768,-32768,-32768,V
:BD,        +0.00,        +0.00,        +0.00,   0.00,  4.00
:SA,   +0.00,   +0.00,  0.00
:TS,04010100120280,35.0, +26.8,   0.0,1538.6,627
:BI,-32768,-32768,-32768,-32768,V
:BS,-32768,-32768,-32768,V
:BE,-32768,-32768,-32768,V
:BD,        +0.00,        +0.00,        +0.00,   0.00,  4.09
:SA,   +0.00,   +0.00,  0.00
:TS,04010100120290,35.0, +26.8,   0.0,1538.6,628
:BI,-32768,-32768,-32768,-32768,V
:BS,-32768,-32768,-32768,V
:BE,-32768,-32768,-32768,V
:BD,        +0.00,        +0.00,        +0.00,   0.00,  4.19
:SA,   +0.00,   +0.00,  0.00
:TS,04010100120299,35.0, +26.8,   0.0,1538.6,622
:BI,-32768,-32768,-32768,-32768,V
:BS,-32768,-32768,-32768,V
:BE,-32768,-32768,-32768,V
:BD,        +0.00,        +0.00,        +0.00,   0.00,  4.28
:SA,   +0.00,   +0.00,  0.00
:TS,04010100120308,35.0, +26.8,   0.0,1538.6,623
:BI,-32768,-32768,-32768,-32768,V
:BS,-32768,-32768,-32768,V
:BE,-32768,-32768,-32768,V
:BD,        +0.00,        +0.00,        +0.00,   0.00,  4.37
:SA,   +0.00,   +0.00,  0.00
:TS,04010100120319,35.0, +26.9,   0.0,1538.7,624
:BI,-32768,-32768,-32768,-32768,V
:BS,-32768,-32768,-32768,V
:BE,-32768,-32768,-32768,V
:BD,        +0.00,        +0.00,        +0.00,   0.00,  4.48
:SA,   +0.00,   +0.00,  0.00
:TS,04010100120329,35.0, +26.9,   0.0,1538.7,621
:BI,-32768,-32768,-32768,-32768,V
:BS,-32768,-32768,-32768,V
:BE,-32768,-32768,-32768,V
:BD,        +0.00,        +0.00,        +0.00,   0.00,  4.58
:SA,   +0.00,   +0.00,  0.00
:TS,04010100120340,35.0, +26.9,   0.0,1538.7,627
:BI,-32768,-32768,-32768,-32768,V
:BS,-32768,-32768,-32768,V
:BE,-32768,-32768,-32768,V
:BD,        +0.00,        +0.00,        +0.00,   0.00,  4.69
:SA,   +0.00,   +0.00,  0.00
:TS,04010100120349,35.0, +26.9,   0.0,1538.7,628
:BI,-32768,-32768,-32768,-32768,V
:BS,-32768,-32768,-32768,V
:BE,-32768,-32768,-32768,V
:BD,        +0.00,        +0.00,        +0.00,   0.00,  4.78
:SA,   +0.00,   +0.00,  0.00
:TS,04010100120358,35.0, +26.9,   0.0,1538.7,622
:BI,-32768,-32768,-32768,-32768,V
:BS,-32768,-32768,-32768,V
:BE,-32768,-32768,-32768,V
:BD,        +0.00,        +0.00,        +0.00,   0.00,  4.87
:SA,   +0.00,   +0.00,  0.00
:TS,04010100120367,35.0, +26.9,   0.0,1538.7,623
:BI,-32768,-32768,-32768,-32768,V
:BS,-32768,-32768,-32768,V
:BE,-32768,-32768,-32768,V
:BD,        +0.00,        +0.00,        +0.00,   0.00,  4.96
:SA,   +0.00,   +0.00,  0.00
:TS,04010100120376,35.0, +26.9,   0.0,1538.7,624
:BI,-32768,-32768,-32768,-32768,V
:BS,-32768,-32768,-32768,V
:BE,-32768,-32768,-32768,V
:BD,        +0.00,        +0.00,        +0.00,   0.00,  5.05
:SA,   +0.00,   +0.00,  0.00
:TS,04010100120387,35.0, +26.9,   0.0,1538.7,621
:BI,-32768,-32768,-32768,-32768,V
:BS,-32768,-32768,-32768,V
:BE,-32768,-32768,-32768,V
:BD,        +0.00,        +0.00,        +0.00,   0.00,  5.16
:SA,   +0.00,   +0.00,  0.00
:TS,04010100120396,35.0, +26.9,   0.0,1538.7,627
:BI,-32768,-32768,-32768,-32768,V
:BS,-32768,-32768,-32768,V
:BE,-32768,-32768,-32768,V
:BD,        +0.00,        +0.00,        +0.00,   0.00,  5.25
:SA,   +0.00,   +0.00,  0.00
:TS,04010100120405,35.0, +26.9,   0.0,1538.7,628
:BI,-32768,-32768,-32768,-32768,V
:BS,-32768,-32768,-32768,V
:BE,-32768,-32768,-32768,V
:BD,        +0.00,        +0.00,        +0.00,   0.00,  5.34
:SA,   +0.00,   +0.00,  0.00
:TS,04010100120414,35.0, +26.9,   0.0,1538.7,622
:BI,-32768,-32768,-32768,-32768,V
:BS,-32768,-32768,-32768,V
:BE,-32768,-32768,-32768,V
:BD,        +0.00,        +0.00,        +0.00,   0.00,  5.43
:SA,   +0.00,   +0.00,  0.00
:TS,04010100120423,35.0, +26.9,   0.0,1538.7,623
:BI,-32768,-32768,-32768,-32768,V
:BS,-32768,-32768,-32768,V
:BE,-32768,-32768,-32768,V
:BD,        +0.00,        +0.00,        +0.00,   0.00,  5.52
:SA,   +0.00,   +0.00,  0.00
:TS,04010100120436,35.0, +26.8,   0.0,1538.6,624
:BI,-32768,-32768,-32768,-32768,V
:BS,-32768,-32768,-32768,V
:BE,-32768,-32768,-32768,V
:BD,        +0.00,        +0.00,        +0.00,   0.00,  5.65
:SA,   +0.00,   +0.00,  0.00
:TS,04010100120447,35.0, +26.8,   0.0,1538.6,621
:BI,-32768,-32768,-32768,-32768,V
:BS,-32768,-32768,-32768,V
:BE,-32768,-32768,-32768,V
:BD,        +0.00,        +0.00,        +0.00,   0.00,  5.76
:SA,   +0.00,   +0.00,  0.00
:TS,04010100120456,35.0, +26.8,   0.0,1538.6,627
:BI,-32768,-32768,-32768,-32768,V
:BS,-32768,-32768,-32768,V
:BE,-32768,-32768,-32768,V
:BD,        +0.00,        +0.00,        +0.00,   0.00,  5.85
:SA,   +0.00,   +0.00,  0.00
:TS,04010100120465,35.0, +26.8,   0.0,1538.6,628
:BI,-32768,-32768,-32768,-32768,V
:BS,-32768,-32768,-32768,V
:BE,-32768,-32768,-32768,V
:BD,        +0.00,        +0.00,        +0.00,   0.00,  5.94
:SA,   +0.00,   +0.00,  0.00
:TS,04010100120473,35.0, +26.8,   0.0,1538.6,622
:BI,-32768,-32768,-32768,-32768,V
:BS,-32768,-32768,-32768,V
:BE,-32768,-32768,-32768,V
:BD,        +0.00,        +0.00,        +0.00,   0.00,  6.02
:SA,   +0.00,   +0.00,  0.00
:TS,04010100120483,35.0, +26.8,   0.0,1538.6,623
:BI,-32768,-32768,-32768,-32768,V
:BS,-32768,-32768,-32768,V
:BE,-32768,-32768,-32768,V
:BD,        +0.00,        +0.00,        +0.00,   0.00,  6.12
:SA,   +0.00,   +0.00,  0.00
:TS,04010100120492,35.0, +26.8,   0.0,1538.6,624
:BI,-32768,-32768,-32768,-32768,V
:BS,-32768,-32768,-32768,V
:BE,-32768,-32768,-32768,V
:BD,        +0.00,        +0.00,        +0.00,   0.00,  6.21
:SA,   +0.00,   +0.00,  0.00
:TS,04010100120501,35.0, +26.8,   0.0,1538.6,621
:BI,-32768,-32768,-32768,-32768,V
:BS,-32768,-32768,-32768,V
:BE,-32768,-32768,-32768,V
:BD,        +0.00,        +0.00,        +0.00,   0.00,  6.30
:SA,   +0.00,   +0.00,  0.00
:TS,04010100120510,35.0, +26.8,   0.0,1538.6,627
:BI,-32768,-32768,-32768,-32768,V
:BS,-32768,-32768,-32768,V
:BE,-32768,-32768,-32768,V
:BD,        +0.00,        +0.00,        +0.00,   0.00,  6.39
:SA,   +0.00,   +0.00,  0.00
:TS,04010100120519,35.0, +26.8,   0.0,1538.6,628
:BI,-32768,-32768,-32768,-32768,V
:BS,-32768,-32768,-32768,V
:BE,-32768,-32768,-32768,V
:BD,        +0.00,        +0.00,        +0.00,   0.00,  6.48
:SA,   +0.00,   +0.00,  0.00
:TS,04010100120530,35.0, +26.8,   0.0,1538.6,622
:BI,-32768,-32768,-32768,-32768,V
:BS,-32768,-32768,-32768,V
:BE,-32768,-32768,-32768,V
:BD,        +0.00,        +0.00,        +0.00,   0.00,  6.59
:SA,   +0.00,   +0.00,  0.00
:TS,04010100120539,35.0, +26.8,   0.0,1538.6,623
:BI,-32768,-32768,-32768,-32768,V
:BS,-32768,-32768,-32768,V
:BE,-32768,-32768,-32768,V
:BD,        +0.00,        +0.00,        +0.00,   0.00,  6.68
:SA,   +0.00,   +0.00,  0.00
:TS,04010100120550,35.0, +26.8,   0.0,1538.6,624
:BI,-32768,-32768,-32768,-32768,V
:BS,-32768,-32768,-32768,V
:BE,-32768,-32768,-32768,V
:BD,        +0.00,        +0.00,        +0.00,   0.00,  6.79
:SA,   +0.00,   +0.00,  0.00
:TS,04010100120560,35.0, +26.8,   0.0,1538.6,621
:BI,-32768,-32768,-32768,-32768,V
:BS,-32768,-32768,-32768,V
:BE,-32768,-32768,-32768,V
:BD,        +0.00,        +0.00,        +0.00,   0.00,  6.89
:SA,   +0.00,   +0.00,  0.00
:TS,04010100120569,35.0, +26.8,   0.0,1538.6,627
:BI,-32768,-32768,-32768,-32768,V
:BS,-32768,-32768,-32768,V
:BE,-32768,-32768,-32768,V
:BD,        +0.00,        +0.00,        +0.00,   0.00,  6.98
:SA,   +0.00,   +0.00,  0.00
:TS,04010100120579,35.0, +26.8,   0.0,1538.6,628
:BI,-32768,-32768,-32768,-32768,V
:BS,-32768,-32768,-32768,V
:BE,-32768,-32768,-32768,V
:BD,        +0.00,        +0.00,        +0.00,   0.00,  7.08
:SA,   +0.00,   +0.00,  0.00
:TS,04010100120588,35.0, +26.8,   0.0,1538.6,622
:BI,-32768,-32768,-32768,-32768,V
:BS,-32768,-32768,-32768,V
:BE,-32768,-32768,-32768,V
:BD,        +0.00,        +0.00,        +0.00,   0.00,  7.17
:SA,   +0.00,   +0.00,  0.00
:TS,04010100120597,35.0, +26.8,   0.0,1538.6,623
:BI,-32768,-32768,-32768,-32768,V
:BS,-32768,-32768,-32768,V
:BE,-32768,-32768,-32768,V
:BD,        +0.00,        +0.00,        +0.00,   0.00,  7.26
:SA,   +0.00,   +0.00,  0.00
:TS,04010100120606,35.0, +26.8,   0.0,1538.6,624
:BI,-32768,-32768,-32768,-32768,V
:BS,-32768,-32768,-32768,V
:BE,-32768,-32768,-32768,V
:BD,        +0.00,        +0.00,        +0.00,   0.00,  7.35
:SA,   +0.00,   +0.00,  0.00
:TS,04010100120615,35.0, +26.8,   0.0,1538.6,621
:BI,-32768,-32768,-32768,-32768,V
:BS,-32768,-32768,-32768,V
:BE,-32768,-32768,-32768,V
:BD,        +0.00,        +0.00,        +0.00,   0.00,  7.44
:SA,   +0.00,   +0.00,  0.00
:TS,04010100120626,35.0, +26.8,   0.0,1538.6,627
:BI,-32768,-32768,-32768,-32768,V
:BS,-32768,-32768,-32768,V
:BE,-32768,-32768,-32768,V
:BD,        +0.00,        +0.00,        +0.00,   0.00,  7.55
:SA,   +0.00,   +0.00,  0.00
:TS,04010100120635,35.0, +26.8,   0.0,1538.6,628
:BI,-32768,-32768,-32768,-32768,V
:BS,-32768,-32768,-32768,V
:BE,-32768,-32768,-32768,V
:BD,        +0.00,        +0.00,        +0.00,   0.00,  7.64
:SA,   +0.00,   +0.00,  0.00
:TS,04010100120644,35.0, +26.8,   0.0,1538.6,622
:BI,-32768,-32768,-32768,-32768,V
:BS,-32768,-32768,-32768,V
:BE,-32768,-32768,-32768,V
:BD,        +0.00,        +0.00,        +0.00,   0.00,  7.73
:SA,   +0.00,   +0.00,  0.00
:TS,04010100120653,35.0, +26.8,   0.0,1538.6,623
:BI,-32768,-32768,-32768,-32768,V
:BS,-32768,-32768,-32768,V
:BE,-32768,-32768,-32768,V
:BD,        +0.00,        +0.00,        +0.00,   0.00,  7.82
:SA,   +0.00,   +0.00,  0.00
:TS,04010100120664,35.0, +26.8,   0.0,1538.6,624
:BI,-32768,-32768,-32768,-32768,V
:BS,-32768,-32768,-32768,V
:BE,-32768,-32768,-32768,V
:BD,        +0.00,        +0.00,        +0.00,   0.00,  7.93
:SA,   +0.00,   +0.00,  0.00
:TS,04010100120676,35.0, +26.8,   0.0,1538.6,621
:BI,-32768,-32768,-32768,-32768,V
:BS,-32768,-32768,-32768,V
:BE,-32768,-32768,-32768,V
:BD,        +0.00,        +0.00,        +0.00,   0.00,  8.05
:SA,   +0.00,   +0.00,  0.00
:TS,04010100120685,35.0, +26.8,   0.0,1538.6,627
:BI,-32768,-32768,-32768,-32768,V
:BS,-32768,-32768,-32768,V
:BE,-32768,-32768,-32768,V
:BD,        +0.00,        +0.00,        +0.00,   0.00,  8.14
:SA,   +0.00,   +0.00,  0.00
:TS,04010100120694,35.0, +26.8,   0.0,1538.6,628
:BI,-32768,-32768,-32768,-32768,V
:BS,-32768,-32768,-32768,V
:BE,-32768,-32768,-32768,V
:BD,        +0.00,        +0.00,        +0.00,   0.00,  8.23
:SA,   +0.00,   +0.00,  0.00
:TS,04010100120703,35.0, +26.8,   0.0,1538.6,622
:BI,-32768,-32768,-32768,-32768,V
:BS,-32768,-32768,-32768,V
:BE,-32768,-32768,-32768,V
:BD,        +0.00,        +0.00,        +0.00,   0.00,  8.32
:SA,   +0.00,   +0.00,  0.00
:TS,04010100120711,35.0, +26.8,   0.0,1538.6,623
:BI,-32768,-32768,-32768,-32768,V
:BS,-32768,-32768,-32768,V
:BE,-32768,-32768,-32768,V
:BD,        +0.00,        +0.00,        +0.00,   0.00,  8.40
:SA,   +0.00,   +0.00,  0.00
:TS,04010100120722,35.0, +26.8,   0.0,1538.6,624
:BI,-32768,-32768,-32768,-32768,V
:BS,-32768,-32768,-32768,V
:BE,-32768,-32768,-32768,V
:BD,        +0.00,        +0.00,        +0.00,   0.00,  8.51
:SA,   +0.00,   +0.00,  0.00
:TS,04010100120731,35.0, +26.8,   0.0,1538.6,621
:BI,-32768,-32768,-32768,-32768,V
:BS,-32768,-32768,-32768,V
:BE,-32768,-32768,-32768,V
:BD,        +0.00,        +0.00,        +0.00,   0.00,  8.60
:SA,   +0.00,   +0.00,  0.00
:TS,04010100120740,35.0, +26.8,   0.0,1538.6,627
:BI,-32768,-32768,-32768,-32768,V
:BS,-32768,-32768,-32768,V
:BE,-32768,-32768,-32768,V
:BD,        +0.00,        +0.00,        +0.00,   0.00,  8.69
:SA,   +0.00,   +0.00,  0.00
:TS,04010100120749,35.0, +26.8,   0.0,1538.6,628
:BI,-32768,-32768,-32768,-32768,V
:BS,-32768,-32768,-32768,V
:BE,-32768,-32768,-32768,V
:BD,        +0.00,        +0.00,        +0.00,   0.00,  8.78
:SA,   +0.00,   +0.00,  0.00
:TS,04010100120758,35.0, +26.8,   0.0,1538.6,622
:BI,-32768,-32768,-32768,-32768,V
:BS,-32768,-32768,-32768,V
:BE,-32768,-32768,-32768,V
:BD,        +0.00,        +0.00,        +0.00,   0.00,  8.87
:SA,   +0.00,   +0.00,  0.00
:TS,04010100120769,35.0, +26.8,   0.0,1538.6,623
:BI,-32768,-32768,-32768,-32768,V
:BS,-32768,-32768,-32768,V
:BE,-32768,-32768,-32768,V
:BD,        +0.00,        +0.00,        +0.00,   0.00,  8.98
:SA,   +0.00,   +0.00,  0.00
:TS,04010100120780,35.0, +26.9,   0.0,1538.7,624
:BI,-32768,-32768,-32768,-32768,V
:BS,-32768,-32768,-32768,V
:BE,-32768,-32768,-32768,V
:BD,        +0.00,        +0.00,        +0.00,   0.00,  9.09
:SA,   +0.00,   +0.00,  0.00
:TS,04010100120790,35.0, +26.9,   0.0,1538.7,621
:BI,-32768,-32768,-32768,-32768,V
:BS,-32768,-32768,-32768,V
:BE,-32768,-32768,-32768,V
:BD,        +0.00,        +0.00,        +0.00,   0.00,  9.19
:SA,   +0.00,   +0.00,  0.00
:TS,04010100120799,35.0, +26.9,   0.0,1538.7,627
:BI,-32768,-32768,-32768,-32768,V
:BS,-32768,-32768,-32768,V
:BE,-32768,-32768,-32768,V
:BD,        +0.00,        +0.00,        +0.00,   0.00,  9.28
:SA,   +0.00,   +0.00,  0.00
:TS,04010100120808,35.0, +26.9,   0.0,1538.7,628
:BI,-32768,-32768,-32768,-32768,V
:BS,-32768,-32768,-32768,V
:BE,-32768,-32768,-32768,V
:BD,        +0.00,        +0.00,        +0.00,   0.00,  9.37
:SA,   +0.00,   +0.00,  0.00
:TS,04010100120818,35.0, +26.9,   0.0,1538.7,622
:BI,-32768,-32768,-32768,-32768,V
:BS,-32768,-32768,-32768,V
:BE,-32768,-32768,-32768,V
:BD,        +0.00,        +0.00,        +0.00,   0.00,  9.47
:SA,   +0.00,   +0.00,  0.00
:TS,04010100120827,35.0, +26.9,   0.0,1538.7,623
:BI,-32768,-32768,-32768,-32768,V
:BS,-32768,-32768,-32768,V
:BE,-32768,-32768,-32768,V
:BD,        +0.00,        +0.00,        +0.00,   0.00,  9.56
:SA,   +0.00,   +0.00,  0.00
:TS,04010100120836,35.0, +26.9,   0.0,1538.7,624
:BI,-32768,-32768,-32768,-32768,V
:BS,-32768,-32768,-32768,V
:BE,-32768,-32768,-32768,V
:BD,        +0.00,        +0.00,        +0.00,   0.00,  9.65
:SA,   +0.00,   +0.00,  0.00
:TS,04010100120845,35.0, +26.9,   0.0,1538.7,621
:BI,-32768,-32768,-32768,-32768,V
:BS,-32768,-32768,-32768,V
:BE,-32768,-32768,-32768,V
:BD,        +0.00,        +0.00,        +0.00,   0.00,  9.74
:SA,   +0.00,   +0.00,  0.00
:TS,04010100120854,35.0, +26.9,   0.0,1538.7,627
:BI,-32768,-32768,-32768,-32768,V
:BS,-32768,-32768,-32768,V
:BE,-32768,-32768,-32768,V
:BD,        +0.00,        +0.00,        +0.00,   0.00,  9.83
:SA,   +0.00,   +0.00,  0.00
:TS,04010100120864,35.0, +26.9,   0.0,1538.7,628
:BI,-32768,-32768,-32768,-32768,V
:BS,-32768,-32768,-32768,V
:BE,-32768,-32768,-32768,V
:BD,        +0.00,        +0.00,        +0.00,   0.00,  9.93
:SA,   +0.00,   +0.00,  0.00
:TS,04010100120873,35.0, +26.9,   0.0,1538.7,622
:BI,-32768,-32768,-32768,-32768,V
:BS,-32768,-32768,-32768,V
:BE,-32768,-32768,-32768,V
:BD,        +0.00,        +0.00,        +0.00,   0.00, 10.02
:SA,   +0.00,   +0.00,  0.00
:TS,04010100120882,35.0, +26.9,   0.0,1538.7,623
:BI,-32768,-32768,-32768,-32768,V
:BS,-32768,-32768,-32768,V
:BE,-32768,-32768,-32768,V
:BD,        +0.00,        +0.00,        +0.00,   0.00, 10.11
:SA,   +0.00,   +0.00,  0.00
:TS,04010100120893,35.0, +26.9,   0.0,1538.7,624
:BI,-32768,-32768,-32768,-32768,V
:BS,-32768,-32768,-32768,V
:BE,-32768,-32768,-32768,V
:BD,        +0.00,        +0.00,        +0.00,   0.00, 10.22
:SA,   +0.00,   +0.00,  0.00
:TS,04010100120903,35.0, +26.9,   0.0,1538.7,621
:BI,-32768,-32768,-32768,-32768,V
:BS,-32768,-32768,-32768,V
:BE,-32768,-32768,-32768,V
:BD,        +0.00,        +0.00,        +0.00,   0.00, 10.32
:SA,   +0.00,   +0.00,  0.00
:TS,04010100120913,35.0, +26.9,   0.0,1538.7,627
:BI,-32768,-32768,-32768,-32768,V
:BS,-32768,-32768,-32768,V
:BE,-32768,-32768,-32768,V
:BD,        +0.00,        +0.00,        +0.00,   0.00, 10.42
:SA,   +0.00,   +0.00,  0.00
:TS,04010100120922,35.0, +26.9,   0.0,1538.7,628
:BI,-32768,-32768,-32768,-32768,V
:BS,-32768,-32768,-32768,V
:BE,-32768,-32768,-32768,V
:BD,        +0.00,        +0.00,        +0.00,   0.00, 10.51
:SA,   +0.00,   +0.00,  0.00
:TS,04010100120931,35.0, +26.9,   0.0,1538.7,622
:BI,-32768,-32768,-32768,-32768,V
:BS,-32768,-32768,-32768,V
:BE,-32768,-32768,-32768,V
:BD,        +0.00,        +0.00,        +0.00,   0.00, 10.60
:SA,   +0.00,   +0.00,  0.00
:TS,04010100120940,35.0, +26.9,   0.0,1538.7,623
:BI,-32768,-32768,-32768,-32768,V
:BS,-32768,-32768,-32768,V
:BE,-32768,-32768,-32768,V
:BD,        +0.00,        +0.00,        +0.00,   0.00, 10.69
:SA,   +0.00,   +0.00,  0.00
:TS,04010100120948,35.0, +26.9,   0.0,1538.7,624
:BI,-32768,-32768,-32768,-32768,V
:BS,-32768,-32768,-32768,V
:BE,-32768,-32768,-32768,V
:BD,        +0.00,        +0.00,        +0.00,   0.00, 10.77
:SA,   +0.00,   +0.00,  0.00
:TS,04010100120959,35.0, +26.9,   0.0,1538.7,621
:BI,-32768,-32768,-32768,-32768,V
:BS,-32768,-32768,-32768,V
:BE,-32768,-32768,-32768,V
:BD,        +0.00,        +0.00,        +0.00,   0.00, 10.88
:SA,   +0.00,   +0.00,  0.00
:TS,04010100120968,35.0, +26.9,   0.0,1538.7,627
:BI,-32768,-32768,-32768,-32768,V
:BS,-32768,-32768,-32768,V
:BE,-32768,-32768,-32768,V
:BD,        +0.00,        +0.00,        +0.00,   0.00, 10.97
:SA,   +0.00,   +0.00,  0.00
:TS,04010100120977,35.0, +26.9,   0.0,1538.7,628
:BI,-32768,-32768,-32768,-32768,V
:BS,-32768,-32768,-32768,V
:BE,-32768,-32768,-32768,V
:BD,        +0.00,        +0.00,        +0.00,   0.00, 11.06
:SA,   +0.00,   +0.00,  0.00
:TS,04010100120986,35.0, +26.9,   0.0,1538.7,622
:BI,-32768,-32768,-32768,-32768,V
:BS,-32768,-32768,-32768,V
:BE,-32768,-32768,-32768,V
:BD,        +0.00,        +0.00,        +0.00,   0.00, 11.15
:SA,   +0.00,   +0.00,  0.00
:TS,04010100120995,35.0, +26.9,   0.0,1538.7,623
:BI,-32768,-32768,-32768,-32768,V
:BS,-32768,-32768,-32768,V
:BE,-32768,-32768,-32768,V
:BD,        +0.00,        +0.00,        +0.00,   0.00, 11.24
:SA,   +0.00,   +0.00,  0.00
:TS,04010100121008,35.0, +26.9,   0.0,1538.7,624
:BI,-32768,-32768,-32768,-32768,V
:BS,-32768,-32768,-32768,V
:BE,-32768,-32768,-32768,V
:BD,        +0.00,        +0.00,        +0.00,   0.00, 11.37
:SA,   +0.00,   +0.00,  0.00
:TS,04010100121019,35.0, +26.9,   0.0,1538.7,621
:BI,-32768,-32768,-32768,-32768,V
:BS,-32768,-32768,-32768,V
:BE,-32768,-32768,-32768,V
:BD,        +0.00,        +0.00,        +0.00,   0.00, 11.48
:SA,   +0.00,   +0.00,  0.00
:TS,04010100121028,35.0, +26.9,   0.0,1538.7,627
:BI,-32768,-32768,-32768,-32768,V
:BS,-32768,-32768,-32768,V
:BE,-32768,-32768,-32768,V
:BD,        +0.00,        +0.00,        +0.00,   0.00, 11.57
:SA,   +0.00,   +0.00,  0.00
:TS,04010100121037,35.0, +26.9,   0.0,1538.7,628
:BI,-32768,-32768,-32768,-32768,V
:BS,-32768,-32768,-32768,V
:BE,-32768,-32768,-32768,V
:BD,        +0.00,        +0.00,        +0.00,   0.00, 11.66
:SA,   +0.00,   +0.00,  0.00
:TS,04010100121045,35.0, +26.9,   0.0,1538.7,622
:BI,-32768,-32768,-32768,-32768,V
:BS,-32768,-32768,-32768,V
:BE,-32768,-32768,-32768,V
:BD,        +0.00,        +0.00,        +0.00,   0.00, 11.74
:SA,   +0.00,   +0.00,  0.00
:TS,04010100121055,35.0, +26.9,   0.0,1538.7,623
:BI,-32768,-32768,-32768,-32768,V
:BS,-32768,-32768,-32768,V
:BE,-32768,-32768,-32768,V
:BD,        +0.00,        +0.00,        +0.00,   0.00, 11.84
:SA,   +0.00,   +0.00,  0.00
:TS,04010100121064,35.0, +26.9,   0.0,1538.7,624
:BI,-32768,-32768,-32768,-32768,V
:BS,-32768,-32768,-32768,V
:BE,-32768,-32768,-32768,V
:BD,        +0.00,        +0.00,        +0.00,   0.00, 11.93
:SA,   +0.00,   +0.00,  0.00
:TS,04010100121073,35.0, +26.9,   0.0,1538.7,621
:BI,-32768,-32768,-32768,-32768,V
:BS,-32768,-32768,-32768,V
:BE,-32768,-32768,-32768,V
:BD,        +0.00,        +0.00,        +0.00,   0.00, 12.02
